t (s),<greek>x</greek><sub>1</sub> (m),<greek>x</greek><sub>2</sub> (m),<greek>x</greek><sub>3</sub> (m),<greek>x</greek><sub>4</sub> (deg),<greek>x</greek><sub>5</sub> (deg),<greek>x</greek><sub>6</sub> (deg)
5.000000E-01,0.000000E+00,0.000000E+00,0.000000E+00,0.000000E+00,0.000000E+00,0.000000E+00
1.000000E+00,0.000000E+00,0.000000E+00,0.000000E+00,0.000000E+00,0.000000E+00,0.000000E+00
1.500000E+00,4.000892E-07,-5.162514E-07,-2.681050E-06,2.497070E-07,4.162198E-06,-2.015411E-06
2.000000E+00,2.930402E-06,-1.917730E-06,-1.424007E-05,2.276939E-06,2.331865E-05,-9.958299E-06
2.500000E+00,1.117246E-05,-4.201088E-06,-4.361422E-05,9.531544E-06,7.440048E-05,-2.969468E-05
3.000000E+00,3.159562E-05,-6.285715E-06,-1.025090E-04,2.855707E-05,1.813661E-04,-6.860924E-05
3.500000E+00,7.381323E-05,-5.514573E-06,-2.021971E-04,6.951922E-05,3.708551E-04,-1.340255E-04
4.000000E+00,1.509004E-04,2.535148E-06,-3.508252E-04,1.464326E-04,6.685334E-04,-2.326454E-04
4.500000E+00,2.792322E-04,2.403274E-05,-5.509385E-04,2.770242E-04,1.095813E-03,-3.695982E-04
5.000000E+00,4.782202E-04,6.677444E-05,-7.966874E-04,4.822704E-04,1.666120E-03,-5.480388E-04
5.500000E+00,7.696872E-04,1.399889E-04,-1.072066E-03,7.857634E-04,2.382484E-03,-7.684302E-04
6.000000E+00,1.177093E-03,2.541170E-04,-1.350178E-03,1.212908E-03,3.236094E-03,-1.028153E-03
6.500000E+00,1.724507E-03,4.205540E-04,-1.593561E-03,1.790038E-03,4.205788E-03,-1.320952E-03
7.000000E+00,2.435448E-03,6.513600E-04,-1.755791E-03,2.543397E-03,5.258734E-03,-1.636671E-03
7.500000E+00,3.331588E-03,9.589386E-04,-1.784103E-03,3.498064E-03,6.351951E-03,-1.960979E-03
8.000000E+00,4.431377E-03,1.355679E-03,-1.622765E-03,4.676789E-03,7.434398E-03,-2.275359E-03
8.500000E+00,5.748620E-03,1.853583E-03,-1.216962E-03,6.098839E-03,8.449410E-03,-2.557133E-03
9.000000E+00,7.291071E-03,2.463862E-03,-5.167657E-04,7.778842E-03,9.337126E-03,-2.779719E-03
9.500000E+00,9.059052E-03,3.196532E-03,5.191207E-04,9.725707E-03,1.003671E-02,-2.912955E-03
1.000000E+01,1.104417E-02,4.059988E-03,1.920166E-03,1.194162E-02,1.048824E-02,-2.923626E-03
1.050000E+01,1.322814E-02,5.060582E-03,3.701604E-03,1.442114E-02,1.063434E-02,-2.776080E-03
1.100000E+01,1.558180E-02,6.202202E-03,5.862908E-03,1.715051E-02,1.042136E-02,-2.432994E-03
1.150000E+01,1.806427E-02,7.485879E-03,8.387165E-03,2.010712E-02,9.800396E-03,-1.856180E-03
1.200000E+01,2.062240E-02,8.909415E-03,1.124123E-02,2.325918E-02,8.728074E-03,-1.007464E-03
1.250000E+01,2.319048E-02,1.046705E-02,1.437654E-02,2.656573E-02,7.167287E-03,1.504511E-04
1.300000E+01,2.569020E-02,1.214915E-02,1.773032E-02,2.997687E-02,5.087902E-03,1.653101E-03
1.350000E+01,2.803103E-02,1.394197E-02,2.122712E-02,3.343417E-02,2.467586E-03,3.533416E-03
1.400000E+01,3.011084E-02,1.582741E-02,2.478040E-02,3.687149E-02,-7.072718E-04,5.820904E-03
1.450000E+01,3.181700E-02,1.778287E-02,2.829414E-02,4.021585E-02,-4.440530E-03,8.540907E-03
1.500000E+01,3.302774E-02,1.978115E-02,3.166435E-02,4.338869E-02,-8.725225E-03,1.171393E-02
1.550000E+01,3.361401E-02,2.179040E-02,3.478044E-02,4.630716E-02,-1.354255E-02,1.535506E-02
1.600000E+01,3.344160E-02,2.377413E-02,3.752659E-02,4.888567E-02,-1.886091E-02,1.947348E-02
1.650000E+01,3.237367E-02,2.569136E-02,3.978320E-02,5.103746E-02,-2.463520E-02,2.407201E-02
1.700000E+01,3.027359E-02,2.749677E-02,4.142844E-02,5.267616E-02,-3.080623E-02,2.914674E-02
1.750000E+01,2.700806E-02,2.914097E-02,4.234011E-02,5.371749E-02,-3.730049E-02,3.468674E-02
1.800000E+01,2.245046E-02,3.057091E-02,4.239787E-02,5.408068E-02,-4.403020E-02,4.067375E-02
1.850000E+01,1.648449E-02,3.173035E-02,4.148573E-02,5.369001E-02,-5.089373E-02,4.708196E-02
1.900000E+01,9.007763E-03,3.256050E-02,3.949505E-02,5.247600E-02,-5.777628E-02,5.387775E-02
1.950000E+01,-6.430214E-05,3.300076E-02,3.632769E-02,5.037654E-02,-6.455098E-02,6.101953E-02
2.000000E+01,-1.079478E-02,3.298959E-02,3.189952E-02,4.733773E-02,-7.108021E-02,6.845747E-02
2.050000E+01,-2.322148E-02,3.246553E-02,2.614396E-02,4.331453E-02,-7.721723E-02,7.613328E-02
2.100000E+01,-3.735341E-02,3.136839E-02,1.901545E-02,3.827107E-02,-8.280807E-02,8.398001E-02
2.150000E+01,-5.316745E-02,2.964054E-02,1.049274E-02,3.218082E-02,-8.769375E-02,9.192182E-02
2.200000E+01,-7.060529E-02,2.722836E-02,5.818147E-04,2.502650E-02,-9.171267E-02,9.987385E-02
2.250000E+01,-8.957090E-02,2.408379E-02,-1.068164E-02,1.679974E-02,-9.470343E-02,1.077421E-01
2.300000E+01,-1.099283E-01,2.016598E-02,-2.323035E-02,7.500623E-03,-9.650773E-02,1.154235E-01
2.350000E+01,-1.315003E-01,1.544305E-02,-3.696417E-02,-2.862970E-03,-9.697367E-02,1.228058E-01
2.400000E+01,-1.540671E-01,9.893813E-03,-5.174947E-02,-1.427605E-02,-9.595918E-02,1.297682E-01
2.450000E+01,-1.773666E-01,3.509604E-03,-6.741924E-02,-2.671725E-02,-9.333563E-02,1.361814E-01
2.500000E+01,-2.010952E-01,-3.704011E-03,-8.377385E-02,-4.015957E-02,-8.899164E-02,1.419089E-01
2.550000E+01,-2.249086E-01,-1.172558E-02,-1.005825E-01,-5.457098E-02,-8.283688E-02,1.468074E-01
2.600000E+01,-2.484251E-01,-2.051627E-02,-1.175855E-01,-6.991494E-02,-7.480584E-02,1.507287E-01
2.650000E+01,-2.712287E-01,-3.001854E-02,-1.344970E-01,-8.615072E-02,-6.486149E-02,1.535210E-01
2.700000E+01,-2.928731E-01,-4.015516E-02,-1.510083E-01,-1.032335E-01,-5.299860E-02,1.550312E-01
2.750000E+01,-3.128879E-01,-5.082841E-02,-1.667923E-01,-1.211143E-01,-3.924670E-02,1.551072E-01
2.800000E+01,-3.307841E-01,-6.191981E-02,-1.815081E-01,-1.397392E-01,-2.367259E-02,1.536008E-01
2.850000E+01,-3.460617E-01,-7.329012E-02,-1.948064E-01,-1.590493E-01,-6.382188E-03,1.503706E-01
2.900000E+01,-3.582177E-01,-8.477998E-02,-2.063354E-01,-1.789789E-01,1.247836E-02,1.452857E-01
2.950000E+01,-3.667547E-01,-9.621092E-02,-2.157476E-01,-1.994548E-01,3.272234E-02,1.382292E-01
3.000000E+01,-3.711905E-01,-1.073870E-01,-2.227064E-01,-2.203946E-01,5.412303E-02,1.291019E-01
3.050000E+01,-3.710678E-01,-1.180969E-01,-2.268935E-01,-2.417048E-01,7.641524E-02,1.178266E-01
3.100000E+01,-3.659644E-01,-1.281168E-01,-2.280163E-01,-2.632794E-01,9.929775E-02,1.043516E-01
3.150000E+01,-3.555035E-01,-1.372136E-01,-2.258157E-01,-2.849976E-01,1.224368E-01,8.865460E-02
3.200000E+01,-3.393637E-01,-1.451484E-01,-2.200733E-01,-3.067222E-01,1.454704E-01,7.074644E-02
3.250000E+01,-3.172895E-01,-1.516814E-01,-2.106183E-01,-3.282975E-01,1.680136E-01,5.067395E-02
3.300000E+01,-2.891001E-01,-1.565760E-01,-1.973347E-01,-3.495480E-01,1.896651E-01,2.852280E-02
3.350000E+01,-2.546985E-01,-1.596039E-01,-1.801663E-01,-3.702770E-01,2.100134E-01,4.419517E-03
3.400000E+01,-2.140793E-01,-1.605507E-01,-1.591226E-01,-3.902658E-01,2.286449E-01,-2.146715E-02
3.450000E+01,-1.673351E-01,-1.592210E-01,-1.342818E-01,-4.092731E-01,2.451518E-01,-4.892574E-02
3.500000E+01,-1.146616E-01,-1.554436E-01,-1.057942E-01,-4.270351E-01,2.591407E-01,-7.770242E-02
3.550000E+01,-5.636194E-02,-1.490774E-01,-7.388311E-02,-4.432663E-01,2.702405E-01,-1.075024E-01
3.600000E+01,7.152301E-03,-1.400157E-01,-3.884494E-02,-4.576612E-01,2.781117E-01,-1.379923E-01
3.650000E+01,7.536044E-02,-1.281917E-01,-1.047401E-03,-4.698959E-01,2.824544E-01,-1.688035E-01
3.700000E+01,1.476349E-01,-1.135818E-01,3.907356E-02,-4.796315E-01,2.830158E-01,-1.995368E-01
3.750000E+01,2.232452E-01,-9.620986E-02,8.101851E-02,-4.865175E-01,2.795984E-01,-2.297674E-01
3.800000E+01,3.013641E-01,-7.614944E-02,1.242308E-01,-4.901964E-01,2.720653E-01,-2.590517E-01
3.850000E+01,3.810761E-01,-5.352600E-02,1.681042E-01,-4.903086E-01,2.603463E-01,-2.869343E-01
3.900000E+01,4.613872E-01,-2.851767E-02,2.119918E-01,-4.864984E-01,2.444422E-01,-3.129556E-01
3.950000E+01,5.412378E-01,-1.355151E-03,2.552165E-01,-4.784205E-01,2.244270E-01,-3.366606E-01
4.000000E+01,6.195165E-01,2.767948E-02,2.970820E-01,-4.657464E-01,2.004501E-01,-3.576070E-01
4.050000E+01,6.950755E-01,5.825517E-02,3.368849E-01,-4.481723E-01,1.727360E-01,-3.753749E-01
4.100000E+01,7.667483E-01,8.999535E-02,3.739275E-01,-4.254262E-01,1.415821E-01,-3.895750E-01
4.150000E+01,8.333676E-01,1.224826E-01,4.075309E-01,-3.972756E-01,1.073566E-01,-3.998577E-01
4.200000E+01,8.937840E-01,1.552641E-01,4.370481E-01,-3.635351E-01,7.049233E-02,-4.059208E-01
4.250000E+01,9.468864E-01,1.878588E-01,4.618767E-01,-3.240739E-01,3.148170E-02,-4.075176E-01
4.300000E+01,9.916207E-01,2.197642E-01,4.814722E-01,-2.788229E-01,-9.131748E-03,-4.044629E-01
4.350000E+01,1.027010E+00,2.504652E-01,4.953590E-01,-2.277808E-01,-5.076193E-02,-3.966392E-01
4.400000E+01,1.052172E+00,2.794428E-01,5.031416E-01,-1.710204E-01,-9.279028E-02,-3.840006E-01
4.450000E+01,1.066340E+00,3.061836E-01,5.045141E-01,-1.086932E-01,-1.345766E-01,-3.665763E-01
4.500000E+01,1.068874E+00,3.301889E-01,4.992680E-01,-4.103366E-02,-1.754705E-01,-3.444717E-01
4.550000E+01,1.059282E+00,3.509848E-01,4.872989E-01,3.163825E-02,-2.148235E-01,-3.178689E-01
4.600000E+01,1.037227E+00,3.681315E-01,4.686101E-01,1.089152E-01,-2.520009E-01,-2.870251E-01
4.650000E+01,1.002539E+00,3.812321E-01,4.433158E-01,1.903023E-01,-2.863938E-01,-2.522694E-01
4.700000E+01,9.552260E-01,3.899417E-01,4.116407E-01,2.752182E-01,-3.174307E-01,-2.139986E-01
4.750000E+01,8.954736E-01,3.939747E-01,3.739183E-01,3.629981E-01,-3.445886E-01,-1.726709E-01
4.800000E+01,8.236507E-01,3.931118E-01,3.305865E-01,4.528973E-01,-3.674030E-01,-1.287989E-01
4.850000E+01,7.403071E-01,3.872057E-01,2.821819E-01,5.440970E-01,-3.854772E-01,-8.294076E-02
4.900000E+01,6.461693E-01,3.761857E-01,2.293312E-01,6.357118E-01,-3.984899E-01,-3.569132E-02
4.950000E+01,5.421336E-01,3.600605E-01,1.727412E-01,7.267975E-01,-4.062014E-01,1.232861E-02
5.000000E+01,4.292551E-01,3.389202E-01,1.131872E-01,8.163618E-01,-4.084590E-01,6.048282E-02
5.050000E+01,3.087355E-01,3.129362E-01,5.149986E-02,9.033747E-01,-4.051993E-01,1.081309E-01
5.100000E+01,1.819062E-01,2.823598E-01,-1.144912E-02,9.867809E-01,-3.964506E-01,1.546394E-01
5.150000E+01,5.020618E-02,2.475160E-01,-7.476626E-02,1.065513E+00,-3.823410E-01,1.993930E-01
5.200000E+01,-8.483827E-02,2.087991E-01,-1.375590E-01,1.138506E+00,-3.630950E-01,2.418032E-01
5.250000E+01,-2.216357E-01,1.666667E-01,-1.989537E-01,1.204709E+00,-3.390230E-01,2.813183E-01
5.300000E+01,-3.585524E-01,1.216335E-01,-2.581159E-01,1.263103E+00,-3.105137E-01,3.174309E-01
5.350000E+01,-4.939328E-01,7.426512E-02,-3.142634E-01,1.312714E+00,-2.780147E-01,3.496859E-01
5.400000E+01,-6.261229E-01,2.517046E-02,-3.666768E-01,1.352630E+00,-2.420197E-01,3.776873E-01
5.450000E+01,-7.534929E-01,-2.500731E-02,-4.147070E-01,1.382011E+00,-2.030582E-01,4.011041E-01
5.500000E+01,-8.744601E-01,-7.560063E-02,-4.577797E-01,1.400107E+00,-1.616845E-01,4.196750E-01
5.550000E+01,-9.875105E-01,-1.259275E-01,-4.953979E-01,1.406270E+00,-1.184705E-01,4.332115E-01
5.600000E+01,-1.091220E+00,-1.753024E-01,-5.271422E-01,1.399963E+00,-7.399983E-02,4.416006E-01
5.650000E+01,-1.184275E+00,-2.230467E-01,-5.526710E-01,1.380772E+00,-2.886197E-02,4.448053E-01
5.700000E+01,-1.265489E+00,-2.684992E-01,-5.717202E-01,1.348418E+00,1.635207E-02,4.428640E-01
5.750000E+01,-1.333823E+00,-3.110268E-01,-5.841033E-01,1.302762E+00,6.105482E-02,4.358894E-01
5.800000E+01,-1.388393E+00,-3.500343E-01,-5.897118E-01,1.243812E+00,1.046680E-01,4.240653E-01
5.850000E+01,-1.428491E+00,-3.849732E-01,-5.885164E-01,1.171726E+00,1.466286E-01,4.076429E-01
5.900000E+01,-1.453589E+00,-4.153508E-01,-5.805676E-01,1.086819E+00,1.863962E-01,3.869360E-01
5.950000E+01,-1.463346E+00,-4.407377E-01,-5.659972E-01,9.895597E-01,2.234603E-01,3.623149E-01
6.000000E+01,-1.457616E+00,-4.607739E-01,-5.450179E-01,8.805719E-01,2.573483E-01,3.342005E-01
6.050000E+01,-1.436447E+00,-4.751746E-01,-5.179226E-01,7.606297E-01,2.876327E-01,3.030568E-01
6.100000E+01,-1.400083E+00,-4.837344E-01,-4.850825E-01,6.306531E-01,3.139383E-01,2.693832E-01
6.150000E+01,-1.348956E+00,-4.863302E-01,-4.469429E-01,4.917005E-01,3.359475E-01,2.337066E-01
6.200000E+01,-1.283682E+00,-4.829230E-01,-4.040170E-01,3.449597E-01,3.534058E-01,1.965735E-01
6.250000E+01,-1.205054E+00,-4.735578E-01,-3.568790E-01,1.917361E-01,3.661244E-01,1.585410E-01
6.300000E+01,-1.114029E+00,-4.583632E-01,-3.061543E-01,3.344021E-02,3.739831E-01,1.201691E-01
6.350000E+01,-1.011715E+00,-4.375486E-01,-2.525089E-01,-1.284272E-01,3.769300E-01,8.201245E-02
6.400000E+01,-8.993532E-01,-4.114008E-01,-1.966386E-01,-2.922913E-01,3.749818E-01,4.461245E-02
6.450000E+01,-7.783075E-01,-3.802794E-01,-1.392571E-01,-4.565209E-01,3.682214E-01,8.489938E-03
6.500000E+01,-6.500396E-01,-3.446110E-01,-8.108430E-02,-6.194471E-01,3.567962E-01,-2.586181E-02
6.550000E+01,-5.160927E-01,-3.048820E-01,-2.283500E-02,-7.793826E-01,3.409140E-01,-5.798337E-02
6.600000E+01,-3.780696E-01,-2.616316E-01,3.479126E-02,-9.346423E-01,3.208398E-01,-8.745486E-02
6.650000E+01,-2.376120E-01,-2.154429E-01,9.111986E-02,-1.083564E+00,2.968909E-01,-1.139010E-01
6.700000E+01,-9.637856E-02,-1.669340E-01,1.455094E-01,-1.224528E+00,2.694322E-01,-1.369951E-01
6.750000E+01,4.397647E-02,-1.167489E-01,1.973587E-01,-1.355979E+00,2.388706E-01,-1.564631E-01
6.800000E+01,1.818250E-01,-6.554750E-02,2.461136E-01,-1.476447E+00,2.056489E-01,-1.720854E-01
6.850000E+01,3.155858E-01,-1.399588E-02,2.912711E-01,-1.584562E+00,1.702404E-01,-1.836997E-01
6.900000E+01,4.437445E-01,3.724333E-02,3.323847E-01,-1.679079E+00,1.331415E-01,-1.912013E-01
6.950000E+01,5.648723E-01,8.752069E-02,3.690676E-01,-1.758888E+00,9.486506E-02,-1.945438E-01
7.000000E+01,6.776441E-01,1.362091E-01,4.009954E-01,-1.823035E+00,5.593348E-02,-1.937385E-01
7.050000E+01,7.808538E-01,1.827124E-01,4.279087E-01,-1.870731E+00,1.687121E-02,-1.888533E-01
7.100000E+01,8.734288E-01,2.264740E-01,4.496143E-01,-1.901367E+00,-2.180242E-02,-1.800108E-01
7.150000E+01,9.544422E-01,2.669834E-01,4.659862E-01,-1.914520E+00,-5.958034E-02,-1.673859E-01
7.200000E+01,1.023123E+00,3.037839E-01,4.769661E-01,-1.909961E+00,-9.597467E-02,-1.512025E-01
7.250000E+01,1.078862E+00,3.364771E-01,4.825623E-01,-1.887661E+00,-1.305232E-01,-1.317300E-01
7.300000E+01,1.121222E+00,3.647286E-01,4.828484E-01,-1.847788E+00,-1.627957E-01,-1.092793E-01
7.350000E+01,1.149936E+00,3.882709E-01,4.779607E-01,-1.790710E+00,-1.923993E-01,-8.419788E-02
7.400000E+01,1.164911E+00,4.069062E-01,4.680951E-01,-1.716988E+00,-2.189834E-01,-5.686502E-02
7.450000E+01,1.166224E+00,4.205081E-01,4.535024E-01,-1.627373E+00,-2.422444E-01,-2.768665E-02
7.500000E+01,1.154122E+00,4.290213E-01,4.344834E-01,-1.522793E+00,-2.619287E-01,2.910280E-03
7.550000E+01,1.129013E+00,4.324617E-01,4.113838E-01,-1.404341E+00,-2.778357E-01,3.448355E-02
7.600000E+01,1.091458E+00,4.309140E-01,3.845869E-01,-1.273267E+00,-2.898201E-01,6.658151E-02
7.650000E+01,1.042163E+00,4.245291E-01,3.545079E-01,-1.130953E+00,-2.977927E-01,9.874899E-02
7.700000E+01,9.819652E-01,4.135206E-01,3.215865E-01,-9.789023E-01,-3.017214E-01,1.305333E-01
7.750000E+01,9.118213E-01,3.981599E-01,2.862804E-01,-8.187162E-01,-3.016307E-01,1.614901E-01
7.800000E+01,8.327916E-01,3.787712E-01,2.490583E-01,-6.520733E-01,-2.976004E-01,1.911891E-01
7.850000E+01,7.460249E-01,3.557253E-01,2.103935E-01,-4.807081E-01,-2.897641E-01,2.192199E-01
7.900000E+01,6.527413E-01,3.294331E-01,1.707574E-01,-3.063880E-01,-2.783063E-01,2.451971E-01
7.950000E+01,5.542150E-01,3.003385E-01,1.306140E-01,-1.308902E-01,-2.634594E-01,2.687657E-01
8.000000E+01,4.517565E-01,2.689113E-01,9.041435E-02,4.402121E-02,-2.454993E-01,2.896054E-01
8.050000E+01,3.466948E-01,2.356395E-01,5.059110E-02,2.166176E-01,-2.247414E-01,3.074352E-01
8.100000E+01,2.403591E-01,2.010216E-01,1.155446E-02,3.852279E-01,-2.015348E-01,3.220169E-01
8.150000E+01,1.340617E-01,1.655592E-01,-2.631206E-02,5.482593E-01,-1.762568E-01,3.331588E-01
8.200000E+01,2.908103E-02,1.297492E-01,-6.265522E-02,7.042160E-01,-1.493072E-01,3.407179E-01
8.250000E+01,-7.335464E-02,9.407721E-02,-9.715509E-02,8.517176E-01,-1.211016E-01,3.446022E-01
8.300000E+01,-1.720819E-01,5.901004E-02,-1.295276E-01,9.895137E-01,-9.206525E-02,3.447722E-01
8.350000E+01,-2.660161E-01,2.498978E-02,-1.595266E-01,1.116498E+00,-6.262603E-02,3.412411E-01
8.400000E+01,-3.541638E-01,-7.572167E-03,-1.869451E-01,1.231717E+00,-3.320839E-02,3.340752E-01
8.450000E+01,-4.356336E-01,-3.830028E-02,-2.116163E-01,1.334384E+00,-4.226677E-03,3.233928E-01
8.500000E+01,-5.096450E-01,-6.685938E-02,-2.334137E-01,1.423876E+00,2.392094E-02,3.093626E-01
8.550000E+01,-5.755360E-01,-9.295838E-02,-2.522507E-01,1.499743E+00,5.085825E-02,2.922018E-01
8.600000E+01,-6.327687E-01,-1.163532E-01,-2.680795E-01,1.561707E+00,7.623638E-02,2.721724E-01
8.650000E+01,-6.809324E-01,-1.368491E-01,-2.808901E-01,1.609658E+00,9.973860E-02,2.495781E-01
8.700000E+01,-7.197460E-01,-1.543017E-01,-2.907076E-01,1.643649E+00,1.210846E-01,2.247595E-01
8.750000E+01,-7.490570E-01,-1.686176E-01,-2.975905E-01,1.663890E+00,1.400341E-01,1.980893E-01
8.800000E+01,-7.688404E-01,-1.797540E-01,-3.016268E-01,1.670733E+00,1.563898E-01,1.699665E-01
8.850000E+01,-7.791940E-01,-1.877177E-01,-3.029320E-01,1.664669E+00,1.699993E-01,1.408107E-01
8.900000E+01,-7.803339E-01,-1.925628E-01,-3.016445E-01,1.646304E+00,1.807568E-01,1.110559E-01
8.950000E+01,-7.725867E-01,-1.943885E-01,-2.979230E-01,1.616352E+00,1.886035E-01,8.114306E-02
9.000000E+01,-7.563815E-01,-1.933355E-01,-2.919422E-01,1.575613E+00,1.935275E-01,5.151428E-02
9.050000E+01,-7.322405E-01,-1.895824E-01,-2.838893E-01,1.524959E+00,1.955626E-01,2.260523E-02
9.100000E+01,-7.007678E-01,-1.833411E-01,-2.739604E-01,1.465315E+00,1.947870E-01,-5.161393E-03
9.150000E+01,-6.626385E-01,-1.748519E-01,-2.623569E-01,1.397640E+00,1.913205E-01,-3.138259E-02
9.200000E+01,-6.185861E-01,-1.643788E-01,-2.492819E-01,1.322912E+00,1.853214E-01,-5.568141E-02
9.250000E+01,-5.693901E-01,-1.522036E-01,-2.349375E-01,1.242108E+00,1.769832E-01,-7.771300E-02
9.300000E+01,-5.158628E-01,-1.386206E-01,-2.195215E-01,1.156192E+00,1.665299E-01,-9.716999E-02
9.350000E+01,-4.588372E-01,-1.239310E-01,-2.032247E-01,1.066095E+00,1.542115E-01,-1.137875E-01
9.400000E+01,-3.991533E-01,-1.084374E-01,-1.862289E-01,9.727041E-01,1.402991E-01,-1.273472E-01
9.450000E+01,-3.376465E-01,-9.243815E-02,-1.687044E-01,8.768518E-01,1.250795E-01,-1.376808E-01
9.500000E+01,-2.751357E-01,-7.622240E-02,-1.508087E-01,7.793046E-01,1.088498E-01,-1.446726E-01
9.550000E+01,-2.124118E-01,-6.006517E-02,-1.326853E-01,6.807554E-01,9.191192E-02,-1.482613E-01
9.600000E+01,-1.502283E-01,-4.422287E-02,-1.144624E-01,5.818185E-01,7.456717E-02,-1.484405E-01
9.650000E+01,-8.929161E-02,-2.892925E-02,-9.625287E-02,4.830262E-01,5.711102E-02,-1.452589E-01
9.700000E+01,-3.025324E-02,-1.439202E-02,-7.815380E-02,3.848273E-01,3.982810E-02,-1.388187E-01
9.750000E+01,2.629691E-02,-7.898643E-04,-6.024705E-02,2.875890E-01,2.298750E-02,-1.292741E-01
9.800000E+01,7.983604E-02,1.172978E-02,-4.259976E-02,1.915994E-01,6.838530E-03,-1.168278E-01
9.850000E+01,1.299126E-01,2.305235E-02,-2.526536E-02,9.707345E-02,-8.393027E-03,-1.017277E-01
9.900000E+01,1.761488E-01,3.309706E-02,-8.284950E-03,4.159736E-03,-2.250815E-02,-8.426209E-02
9.950000E+01,2.182426E-01,4.181719E-02,8.311208E-03,-8.705082E-02,-3.533719E-02,-6.475461E-02
1.000000E+02,2.559671E-01,4.919968E-02,2.450188E-02,-1.765148E-01,-4.674183E-02,-4.355829E-02
1.005000E+02,2.891697E-01,5.526397E-02,4.027293E-02,-2.642255E-01,-5.661643E-02,-2.104936E-02
1.010000E+02,3.177697E-01,6.006039E-02,5.561531E-02,-3.502005E-01,-6.488866E-02,2.379406E-03
1.015000E+02,3.417547E-01,6.366780E-02,7.052293E-02,-4.344700E-01,-7.151956E-02,2.632554E-02
1.020000E+02,3.611762E-01,6.619077E-02,8.499055E-02,-5.170641E-01,-7.650284E-02,5.038389E-02
1.025000E+02,3.761443E-01,6.775624E-02,9.901180E-02,-5.980004E-01,-7.986373E-02,7.415350E-02
1.030000E+02,3.868212E-01,6.850984E-02,1.125772E-01,-6.772728E-01,-8.165706E-02,9.724444E-02
1.035000E+02,3.934152E-01,6.861181E-02,1.256725E-01,-7.548403E-01,-8.196499E-02,1.192843E-01
1.040000E+02,3.961731E-01,6.823269E-02,1.382772E-01,-8.306177E-01,-8.089415E-02,1.399243E-01
1.045000E+02,3.953729E-01,6.754889E-02,1.503630E-01,-9.044668E-01,-7.857252E-02,1.588450E-01
1.050000E+02,3.913164E-01,6.673813E-02,1.618932E-01,-9.761901E-01,-7.514589E-02,1.757609E-01
1.055000E+02,3.843217E-01,6.597490E-02,1.728218E-01,-1.045526E+00,-7.077413E-02,1.904254E-01
1.060000E+02,3.747158E-01,6.542609E-02,1.830928E-01,-1.112145E+00,-6.562731E-02,2.026335E-01
1.065000E+02,3.628280E-01,6.524673E-02,1.926411E-01,-1.175652E+00,-5.988171E-02,2.122254E-01
1.070000E+02,3.489828E-01,6.557612E-02,2.013919E-01,-1.235582E+00,-5.371584E-02,2.190877E-01
1.075000E+02,3.334944E-01,6.653420E-02,2.092622E-01,-1.291409E+00,-4.730665E-02,2.231546E-01
1.080000E+02,3.166612E-01,6.821841E-02,2.161611E-01,-1.342550E+00,-4.082579E-02,2.244083E-01
1.085000E+02,2.987611E-01,7.070107E-02,2.219918E-01,-1.388370E+00,-3.443616E-02,2.228776E-01
1.090000E+02,2.800479E-01,7.402726E-02,2.266532E-01,-1.428196E+00,-2.828880E-02,2.186371E-01
1.095000E+02,2.607484E-01,7.821331E-02,2.300415E-01,-1.461325E+00,-2.252005E-02,2.118040E-01
1.100000E+02,2.410600E-01,8.324594E-02,2.320528E-01,-1.487037E+00,-1.724917E-02,2.025359E-01
1.105000E+02,2.211500E-01,8.908198E-02,2.325855E-01,-1.504612E+00,-1.257643E-02,1.910262E-01
1.110000E+02,2.011546E-01,9.564882E-02,2.315425E-01,-1.513341E+00,-8.581609E-03,1.775005E-01
1.115000E+02,1.811798E-01,1.028455E-01,2.288343E-01,-1.512543E+00,-5.323024E-03,1.622114E-01
1.120000E+02,1.613028E-01,1.105442E-01,2.243814E-01,-1.501585E+00,-2.837034E-03,1.454335E-01
1.125000E+02,1.415736E-01,1.185930E-01,2.181171E-01,-1.479890E+00,-1.138027E-03,1.274580E-01
1.130000E+02,1.220175E-01,1.268180E-01,2.099899E-01,-1.446960E+00,-2.188856E-04,1.085872E-01
1.135000E+02,1.026388E-01,1.350275E-01,1.999662E-01,-1.402390E+00,-5.189906E-05,8.912889E-02
1.140000E+02,8.342412E-02,1.430150E-01,1.880323E-01,-1.345879E+00,-5.901089E-04,6.939080E-02
1.145000E+02,6.434601E-02,1.505641E-01,1.741963E-01,-1.277243E+00,-1.769029E-03,4.967524E-02
1.150000E+02,4.536764E-02,1.574524E-01,1.584902E-01,-1.196432E+00,-3.508698E-03,3.027408E-02
1.155000E+02,2.644682E-02,1.634564E-01,1.409706E-01,-1.103532E+00,-5.716006E-03,1.146392E-02
1.160000E+02,7.540364E-03,1.683562E-01,1.217200E-01,-9.987770E-01,-8.287255E-03,-6.498130E-03
1.165000E+02,-1.139176E-02,1.719403E-01,1.008471E-01,-8.825529E-01,-1.111088E-02,-2.337832E-02
1.170000E+02,-3.038241E-02,1.740105E-01,7.848718E-02,-7.554005E-01,-1.407030E-02,-3.896948E-02
1.175000E+02,-4.945362E-02,1.743862E-01,5.480099E-02,-6.180153E-01,-1.704678E-02,-5.309369E-02
1.180000E+02,-6.861334E-02,1.729088E-01,2.997442E-02,-4.712458E-01,-1.992235E-02,-6.560430E-02
1.185000E+02,-8.785264E-02,1.694457E-01,4.216812E-03,-3.160882E-01,-2.258252E-02,-7.638734E-02
1.190000E+02,-1.071434E-01,1.638938E-01,-2.224079E-02,-1.536795E-01,-2.491900E-02,-8.536220E-02
1.195000E+02,-1.264370E-01,1.561825E-01,-4.914801E-02,1.471250E-02,-2.683218E-02,-9.248176E-02
1.200000E+02,-1.456626E-01,1.462762E-01,-7.623778E-02,1.877013E-01,-2.823331E-02,-9.773185E-02
1.205000E+02,-1.647276E-01,1.341763E-01,-1.032295E-01,3.637956E-01,-2.904658E-02,-1.011301E-01
1.210000E+02,-1.835176E-01,1.199222E-01,-1.298326E-01,5.414159E-01,-2.921072E-02,-1.027244E-01
1.215000E+02,-2.018973E-01,1.035918E-01,-1.557501E-01,7.189118E-01,-2.868034E-02,-1.025905E-01
1.220000E+02,-2.197124E-01,8.530155E-02,-1.806825E-01,8.945815E-01,-2.742695E-02,-1.008297E-01
1.225000E+02,-2.367914E-01,6.520547E-02,-2.043322E-01,1.066692E+00,-2.543949E-02,-9.756556E-02
1.230000E+02,-2.529490E-01,4.349343E-02,-2.264076E-01,1.233500E+00,-2.272460E-02,-9.294101E-02
1.235000E+02,-2.679890E-01,2.038900E-02,-2.466272E-01,1.393273E+00,-1.930643E-02,-8.711455E-02
1.240000E+02,-2.817080E-01,-3.853509E-03,-2.647240E-01,1.544313E+00,-1.522614E-02,-8.025672E-02
1.245000E+02,-2.938996E-01,-2.895250E-02,-2.804498E-01,1.684975E+00,-1.054099E-02,-7.254639E-02
1.250000E+02,-3.043586E-01,-5.460320E-02,-2.935786E-01,1.813691E+00,-5.323140E-03,-6.416703E-02
1.255000E+02,-3.128854E-01,-8.048213E-02,-3.039109E-01,1.928986E+00,3.419109E-04,-5.530303E-02
1.260000E+02,-3.192907E-01,-1.062520E-01,-3.112766E-01,2.029503E+00,6.357119E-03,-4.613625E-02
1.265000E+02,-3.234000E-01,-1.315671E-01,-3.155384E-01,2.114013E+00,1.261593E-02,-3.684267E-02
1.270000E+02,-3.250573E-01,-1.560782E-01,-3.165938E-01,2.181437E+00,1.900452E-02,-2.758936E-02
1.275000E+02,-3.241301E-01,-1.794390E-01,-3.143778E-01,2.230857E+00,2.540414E-02,-1.853174E-02
1.280000E+02,-3.205125E-01,-2.013107E-01,-3.088644E-01,2.261529E+00,3.169366E-02,-9.811261E-03
1.285000E+02,-3.141288E-01,-2.213684E-01,-3.000671E-01,2.272891E+00,3.775205E-02,-1.553344E-03
1.290000E+02,-3.049362E-01,-2.393057E-01,-2.880399E-01,2.264574E+00,4.346091E-02,6.134132E-03
1.295000E+02,-2.929272E-01,-2.548403E-01,-2.728770E-01,2.236400E+00,4.870698E-02,1.316198E-02
1.300000E+02,-2.781312E-01,-2.677183E-01,-2.547120E-01,2.188394E+00,5.338448E-02,1.946040E-02
1.305000E+02,-2.606157E-01,-2.777189E-01,-2.337167E-01,2.120775E+00,5.739732E-02,2.497919E-02
1.310000E+02,-2.404863E-01,-2.846578E-01,-2.100994E-01,2.033959E+00,6.066116E-02,2.968760E-02
1.315000E+02,-2.178865E-01,-2.883907E-01,-1.841020E-01,1.928554E+00,6.310517E-02,3.357369E-02
1.320000E+02,-1.929969E-01,-2.888154E-01,-1.559977E-01,1.805349E+00,6.467356E-02,3.664335E-02
1.325000E+02,-1.660328E-01,-2.858744E-01,-1.260873E-01,1.665312E+00,6.532677E-02,3.891895E-02
1.330000E+02,-1.372423E-01,-2.795555E-01,-9.469527E-02,1.509573E+00,6.504238E-02,4.043762E-02
1.335000E+02,-1.069032E-01,-2.698923E-01,-6.216607E-02,1.339414E+00,6.381559E-02,4.124937E-02
1.340000E+02,-7.531902E-02,-2.569644E-01,-2.885938E-02,1.156257E+00,6.165942E-02,4.141487E-02
1.345000E+02,-4.281516E-02,-2.408960E-01,4.854438E-03,9.616462E-01,5.860450E-02,4.100311E-02
1.350000E+02,-9.734209E-03,-2.218542E-01,3.859909E-02,7.572310E-01,5.469850E-02,4.008899E-02
1.355000E+02,2.356895E-02,-2.000469E-01,7.199727E-02,5.447519E-01,5.000527E-02,3.875075E-02
1.360000E+02,5.673238E-02,-1.757198E-01,1.046755E-01,3.260207E-01,4.460355E-02,3.706753E-02
1.365000E+02,8.939243E-02,-1.491526E-01,1.362688E-01,1.029035E-01,3.858544E-02,3.511691E-02
1.370000E+02,1.211892E-01,-1.206553E-01,1.664257E-01,-1.226982E-01,3.205460E-02,3.297260E-02
1.375000E+02,1.517719E-01,-9.056345E-02,1.948123E-01,-3.488647E-01,2.512415E-02,3.070233E-02
1.380000E+02,1.808041E-01,-5.923349E-02,2.211165E-01,-5.736768E-01,1.791439E-02,2.836591E-02
1.385000E+02,2.079690E-01,-2.703766E-02,2.450520E-01,-7.952325E-01,1.055039E-02,2.601364E-02
1.390000E+02,2.329738E-01,5.641351E-03,2.663617E-01,-1.011664E+00,3.159379E-03,2.368495E-02
1.395000E+02,2.555545E-01,3.841571E-02,2.848207E-01,-1.221153E+00,-4.131802E-03,2.140747E-02
1.400000E+02,2.754791E-01,7.089781E-02,3.002387E-01,-1.421947E+00,-1.119937E-02,1.919640E-02
1.405000E+02,2.925516E-01,1.027056E-01,3.124622E-01,-1.612373E+00,-1.792514E-02,1.705430E-02
1.410000E+02,3.066142E-01,1.334674E-01,3.213758E-01,-1.790851E+00,-2.419895E-02,1.497124E-02
1.415000E+02,3.175493E-01,1.628274E-01,3.269035E-01,-1.955903E+00,-2.992098E-02,1.292540E-02
1.420000E+02,3.252813E-01,1.904494E-01,3.290088E-01,-2.106169E+00,-3.500377E-02,1.088397E-02
1.425000E+02,3.297767E-01,2.160216E-01,3.276947E-01,-2.240413E+00,-3.937401E-02,8.804467E-03
1.430000E+02,3.310444E-01,2.392597E-01,3.230029E-01,-2.357531E+00,-4.297398E-02,6.636348E-03
1.435000E+02,3.291345E-01,2.599109E-01,3.150127E-01,-2.456563E+00,-4.576269E-02,4.322909E-03
1.440000E+02,3.241375E-01,2.777556E-01,3.038397E-01,-2.536692E+00,-4.771657E-02,1.803441E-03
1.445000E+02,3.161814E-01,2.926105E-01,2.896329E-01,-2.597256E+00,-4.882979E-02,-9.844474E-04
1.450000E+02,3.054297E-01,3.043294E-01,2.725732E-01,-2.637747E+00,-4.911419E-02,-4.102367E-03
1.455000E+02,2.920776E-01,3.128046E-01,2.528699E-01,-2.657817E+00,-4.859879E-02,-7.608637E-03
1.460000E+02,2.763488E-01,3.179671E-01,2.307577E-01,-2.657276E+00,-4.732884E-02,-1.155577E-02
1.465000E+02,2.584912E-01,3.197867E-01,2.064939E-01,-2.636097E+00,-4.536458E-02,-1.598804E-02
1.470000E+02,2.387722E-01,3.182709E-01,1.803541E-01,-2.594415E+00,-4.277957E-02,-2.093919E-02
1.475000E+02,2.174748E-01,3.134645E-01,1.526292E-01,-2.532521E+00,-3.965879E-02,-2.643039E-02
1.480000E+02,1.948924E-01,3.054472E-01,1.236215E-01,-2.450868E+00,-3.609631E-02,-3.246839E-02
1.485000E+02,1.713242E-01,2.943320E-01,9.364131E-02,-2.350060E+00,-3.219297E-02,-3.904412E-02
1.490000E+02,1.470707E-01,2.802628E-01,6.300284E-02,-2.230853E+00,-2.805363E-02,-4.613158E-02
1.495000E+02,1.224289E-01,2.634120E-01,3.202120E-02,-2.094151E+00,-2.378458E-02,-5.368726E-02
1.500000E+02,9.768843E-02,2.439771E-01,1.008858E-03,-1.940995E+00,-1.949071E-02,-6.164994E-02
1.505000E+02,7.312740E-02,2.221783E-01,-2.972751E-02,-1.772563E+00,-1.527283E-02,-6.994107E-02
1.510000E+02,4.900894E-02,1.982548E-01,-5.988992E-02,-1.590155E+00,-1.122504E-02,-7.846558E-02
1.515000E+02,2.557811E-02,1.724619E-01,-8.919181E-02,-1.395193E+00,-7.432334E-03,-8.711324E-02
1.520000E+02,3.059357E-03,1.450679E-01,-1.173604E-01,-1.189206E+00,-3.968340E-03,-9.576051E-02
1.525000E+02,-1.834559E-02,1.163507E-01,-1.441390E-01,-9.738200E-01,-8.934584E-04,-1.042728E-01
1.530000E+02,-3.845919E-02,8.659491E-02,-1.692886E-01,-7.507504E-01,1.746716E-03,-1.125073E-01
1.535000E+02,-5.712903E-02,5.608887E-02,-1.925897E-01,-5.217869E-01,3.922548E-03,-1.203158E-01
1.540000E+02,-7.422825E-02,2.512195E-02,-2.138435E-01,-2.887815E-01,5.621094E-03,-1.275486E-01
1.545000E+02,-8.965542E-02,-6.018087E-03,-2.328730E-01,-5.363508E-02,6.846374E-03,-1.340575E-01
1.550000E+02,-1.033339E-01,-3.704738E-02,-2.495236E-01,1.817174E-01,7.619177E-03,-1.397000E-01
1.555000E+02,-1.152106E-01,-6.768816E-02,-2.636638E-01,4.153222E-01,7.976389E-03,-1.443429E-01
1.560000E+02,-1.252549E-01,-9.767070E-02,-2.751856E-01,6.452224E-01,7.969866E-03,-1.478665E-01
1.565000E+02,-1.334563E-01,-1.267350E-01,-2.840043E-01,8.694751E-01,7.664865E-03,-1.501674E-01
1.570000E+02,-1.398228E-01,-1.546323E-01,-2.900589E-01,1.086167E+00,7.138080E-03,-1.511629E-01
1.575000E+02,-1.443782E-01,-1.811265E-01,-2.933116E-01,1.293435E+00,6.475314E-03,-1.507934E-01
1.580000E+02,-1.471601E-01,-2.059953E-01,-2.937477E-01,1.489477E+00,5.768861E-03,-1.490250E-01
1.585000E+02,-1.482171E-01,-2.290312E-01,-2.913752E-01,1.672577E+00,5.114653E-03,-1.458522E-01
1.590000E+02,-1.476066E-01,-2.500423E-01,-2.862245E-01,1.841118E+00,4.609249E-03,-1.412991E-01
1.595000E+02,-1.453926E-01,-2.688535E-01,-2.783475E-01,1.993599E+00,4.346745E-03,-1.354200E-01
1.600000E+02,-1.416432E-01,-2.853067E-01,-2.678176E-01,2.128653E+00,4.415688E-03,-1.283003E-01
1.605000E+02,-1.364292E-01,-2.992621E-01,-2.547288E-01,2.245061E+00,4.896074E-03,-1.200555E-01
1.610000E+02,-1.298222E-01,-3.105984E-01,-2.391954E-01,2.341765E+00,5.856523E-03,-1.108300E-01
1.615000E+02,-1.218938E-01,-3.192138E-01,-2.213511E-01,2.417886E+00,7.351698E-03,-1.007955E-01
1.620000E+02,-1.127140E-01,-3.250263E-01,-2.013485E-01,2.472732E+00,9.420057E-03,-9.014783E-02
1.625000E+02,-1.023515E-01,-3.279749E-01,-1.793583E-01,2.505806E+00,1.208200E-02,-7.910389E-02
1.630000E+02,-9.087332E-02,-3.280200E-01,-1.555688E-01,2.516821E+00,1.533846E-02,-6.789762E-02
1.635000E+02,-7.834484E-02,-3.251441E-01,-1.301848E-01,2.505699E+00,1.917003E-02,-5.677549E-02
1.640000E+02,-6.483090E-02,-3.193525E-01,-1.034270E-01,2.472578E+00,2.353658E-02,-4.599153E-02
1.645000E+02,-5.039653E-02,-3.106742E-01,-7.553028E-02,2.417816E+00,2.837747E-02,-3.580207E-02
1.650000E+02,-3.510829E-02,-2.991624E-01,-4.674340E-02,2.341984E+00,3.361234E-02,-2.646018E-02
1.655000E+02,-1.903573E-02,-2.848949E-01,-1.732696E-02,2.245869E+00,3.914243E-02,-1.821009E-02
1.660000E+02,-2.253074E-03,-2.679749E-01,1.244784E-02,2.130462E+00,4.485248E-02,-1.128155E-02
1.665000E+02,1.515905E-02,-2.485311E-01,4.230098E-02,1.996956E+00,5.061311E-02,-5.884407E-03
1.670000E+02,3.311191E-02,-2.267178E-01,7.194560E-02,1.846729E+00,5.628363E-02,-2.203471E-03
1.675000E+02,5.150693E-02,-2.027151E-01,1.010901E-01,1.681332E+00,6.171534E-02,-3.937769E-04
1.680000E+02,7.023423E-02,-1.767282E-01,1.294406E-01,1.502478E+00,6.675500E-02,-5.764050E-04
1.685000E+02,8.917130E-02,-1.489870E-01,1.567036E-01,1.312015E+00,7.124864E-02,-2.834949E-03
1.690000E+02,1.081820E-01,-1.197448E-01,1.825884E-01,1.111915E+00,7.504548E-02,-7.212737E-03
1.695000E+02,1.271160E-01,-8.927738E-02,2.068107E-01,9.042454E-01,7.800186E-02,-1.371087E-02
1.700000E+02,1.458085E-01,-5.788107E-02,2.290953E-01,6.911511E-01,7.998512E-02,-2.228719E-02
1.705000E+02,1.640807E-01,-2.587050E-02,2.491796E-01,4.748263E-01,8.087737E-02,-3.285611E-02
1.710000E+02,1.817402E-01,6.423823E-03,2.668168E-01,2.574911E-01,8.057890E-02,-4.528947E-02
1.715000E+02,1.985828E-01,3.865849E-02,2.817795E-01,4.136550E-02,7.901134E-02,-5.941835E-02
1.720000E+02,2.143941E-01,7.048055E-02,2.938630E-01,-1.713565E-01,7.612030E-02,-7.503572E-02
1.725000E+02,2.289519E-01,1.015312E-01,3.028886E-01,-3.785326E-01,7.187752E-02,-9.190004E-02
1.730000E+02,2.420291E-01,1.314501E-01,3.087067E-01,-5.780973E-01,6.628247E-02,-1.097397E-01
1.735000E+02,2.533971E-01,1.598791E-01,3.112000E-01,-7.680859E-01,5.936329E-02,-1.282581E-01
1.740000E+02,2.628295E-01,1.864676E-01,3.102860E-01,-9.466577E-01,5.117707E-02,-1.471393E-01
1.745000E+02,2.701064E-01,2.108769E-01,3.059196E-01,-1.112117E+00,4.180944E-02,-1.660545E-01
1.750000E+02,2.750183E-01,2.327850E-01,2.980947E-01,-1.262932E+00,3.137354E-02,-1.846681E-01
1.755000E+02,2.773710E-01,2.518918E-01,2.868459E-01,-1.397753E+00,2.000822E-02,-2.026451E-01
1.760000E+02,2.769900E-01,2.679235E-01,2.722496E-01,-1.515427E+00,7.875696E-03,-2.196572E-01
1.765000E+02,2.737251E-01,2.806377E-01,2.544242E-01,-1.615007E+00,-4.841400E-03,-2.353902E-01
1.770000E+02,2.674547E-01,2.898274E-01,2.335301E-01,-1.695765E+00,-1.794351E-02,-2.495499E-01
1.775000E+02,2.580899E-01,2.953252E-01,2.097686E-01,-1.757197E+00,-3.121807E-02,-2.618683E-01
1.780000E+02,2.455780E-01,2.970069E-01,1.833808E-01,-1.799025E+00,-4.444374E-02,-2.721093E-01
1.785000E+02,2.299064E-01,2.947948E-01,1.546450E-01,-1.821196E+00,-5.739495E-02,-2.800731E-01
1.790000E+02,2.111045E-01,2.886597E-01,1.238745E-01,-1.823882E+00,-6.984653E-02,-2.856006E-01
1.795000E+02,1.892459E-01,2.786231E-01,9.141376E-02,-1.807475E+00,-8.157842E-02,-2.885764E-01
1.800000E+02,1.644501E-01,2.647579E-01,5.763449E-02,-1.772573E+00,-9.238025E-02,-2.889310E-01
1.805000E+02,1.368822E-01,2.471890E-01,2.293125E-02,-1.719972E+00,-1.020558E-01,-2.866421E-01
1.810000E+02,1.067533E-01,2.260927E-01,-1.228363E-02,-1.650653E+00,-1.104271E-01,-2.817346E-01
1.815000E+02,7.431873E-02,2.016948E-01,-4.758550E-02,-1.565765E+00,-1.173383E-01,-2.742801E-01
1.820000E+02,3.987611E-02,1.742693E-01,-8.254310E-02,-1.466604E+00,-1.226585E-01,-2.643949E-01
1.825000E+02,3.762476E-03,1.441342E-01,-1.167246E-01,-1.354598E+00,-1.262851E-01,-2.522374E-01
1.830000E+02,-3.364955E-02,1.116485E-01,-1.497036E-01,-1.231282E+00,-1.281454E-01,-2.380043E-01
1.835000E+02,-7.195629E-02,7.720718E-02,-1.810653E-01,-1.098279E+00,-1.281982E-01,-2.219266E-01
1.840000E+02,-1.107282E-01,4.123606E-02,-2.104129E-01,-9.572757E-01,-1.264345E-01,-2.042641E-01
1.845000E+02,-1.495157E-01,4.185691E-03,-2.373729E-01,-8.099993E-01,-1.228774E-01,-1.853004E-01
1.850000E+02,-1.878555E-01,-3.347490E-02,-2.616011E-01,-6.581962E-01,-1.175818E-01,-1.653362E-01
1.855000E+02,-2.252774E-01,-7.126511E-02,-2.827878E-01,-5.036082E-01,-1.106325E-01,-1.446839E-01
1.860000E+02,-2.613111E-01,-1.086999E-01,-3.006623E-01,-3.479522E-01,-1.021427E-01,-1.236608E-01
1.865000E+02,-2.954934E-01,-1.452968E-01,-3.149970E-01,-1.928987E-01,-9.225109E-02,-1.025826E-01
1.870000E+02,-3.273755E-01,-1.805838E-01,-3.256113E-01,-4.005331E-02,-8.111899E-02,-8.175792E-02
1.875000E+02,-3.565294E-01,-2.141059E-01,-3.323738E-01,1.090609E-01,-6.892663E-02,-6.148216E-02
1.880000E+02,-3.825556E-01,-2.454324E-01,-3.352044E-01,2.530193E-01,-5.586943E-02,-4.203220E-02
1.885000E+02,-4.050884E-01,-2.741636E-01,-3.340757E-01,3.905089E-01,-4.215383E-02,-2.366171E-02
1.890000E+02,-4.238023E-01,-2.999367E-01,-3.290130E-01,5.203404E-01,-2.799309E-02,-6.597062E-03
1.895000E+02,-4.384171E-01,-3.224313E-01,-3.200937E-01,6.414575E-01,-1.360300E-02,8.965969E-03
1.900000E+02,-4.487020E-01,-3.413745E-01,-3.074463E-01,7.529435E-01,8.023424E-04,2.286479E-02
1.905000E+02,-4.544799E-01,-3.565445E-01,-2.912478E-01,8.540268E-01,1.501452E-02,3.497167E-02
1.910000E+02,-4.556295E-01,-3.677741E-01,-2.717208E-01,9.440827E-01,2.883461E-02,4.519460E-02
1.915000E+02,-4.520875E-01,-3.749527E-01,-2.491301E-01,1.022635E+00,4.207655E-02,5.347731E-02
1.920000E+02,-4.438497E-01,-3.780275E-01,-2.237780E-01,1.089352E+00,5.457019E-02,5.979851E-02
1.925000E+02,-4.309707E-01,-3.770041E-01,-1.959999E-01,1.144046E+00,6.616378E-02,6.417033E-02
1.930000E+02,-4.135630E-01,-3.719451E-01,-1.661586E-01,1.186666E+00,7.672597E-02,6.663615E-02
1.935000E+02,-3.917955E-01,-3.629692E-01,-1.346387E-01,1.217292E+00,8.614723E-02,6.726777E-02
1.940000E+02,-3.658903E-01,-3.502479E-01,-1.018411E-01,1.236124E+00,9.434074E-02,6.616215E-02
1.945000E+02,-3.361196E-01,-3.340024E-01,-6.817630E-02,1.243476E+00,1.012426E-01,6.343770E-02
1.950000E+02,-3.028016E-01,-3.144990E-01,-3.405890E-02,1.239765E+00,1.068118E-01,5.923042E-02
1.955000E+02,-2.662956E-01,-2.920445E-01,9.868074E-05,1.225499E+00,1.110292E-01,5.368973E-02
1.960000E+02,-2.269965E-01,-2.669803E-01,3.389184E-02,1.201265E+00,1.138962E-01,4.697444E-02
1.965000E+02,-1.853296E-01,-2.396764E-01,6.692935E-02,1.167719E+00,1.154335E-01,3.924873E-02
1.970000E+02,-1.417446E-01,-2.105251E-01,9.883840E-02,1.125575E+00,1.156787E-01,3.067834E-02
1.975000E+02,-9.670905E-02,-1.799340E-01,1.292693E-01,1.075592E+00,1.146842E-01,2.142705E-02
1.980000E+02,-5.070271E-02,-1.483197E-01,1.578994E-01,1.018562E+00,1.125148E-01,1.165357E-02
1.985000E+02,-4.211179E-03,-1.161010E-01,1.844368E-01,9.553018E-01,1.092450E-01,1.508875E-03
1.990000E+02,4.227997E-02,-8.369195E-02,2.086231E-01,8.866427E-01,1.049564E-01,-8.865970E-03
1.995000E+02,8.829088E-02,-5.149619E-02,2.302357E-01,8.134199E-01,9.973521E-02,-1.934142E-02
2.000000E+02,1.333528E-01,-1.990064E-02,2.490893E-01,7.364655E-01,9.367017E-02,-2.980054E-02
2.005000E+02,1.770129E-01,1.072962E-02,2.650366E-01,6.566006E-01,8.684996E-02,-4.013949E-02
2.010000E+02,2.188391E-01,4.005617E-02,2.779688E-01,5.746288E-01,7.936157E-02,-5.026752E-02
2.015000E+02,2.584235E-01,6.777132E-02,2.878152E-01,4.913304E-01,7.128866E-02,-6.010647E-02
2.020000E+02,2.953863E-01,9.360152E-02,2.945422E-01,4.074579E-01,6.271040E-02,-6.958984E-02
2.025000E+02,3.293787E-01,1.173099E-01,2.981514E-01,3.237320E-01,5.370062E-02,-7.866144E-02
2.030000E+02,3.600849E-01,1.386982E-01,2.986787E-01,2.408383E-01,4.432739E-02,-8.727382E-02
2.035000E+02,3.872242E-01,1.576076E-01,2.961908E-01,1.594250E-01,3.465301E-02,-9.538643E-02
2.040000E+02,4.105525E-01,1.739193E-01,2.907836E-01,8.010093E-02,2.473434E-02,-1.029638E-01
2.045000E+02,4.298629E-01,1.875539E-01,2.825787E-01,3.434460E-03,1.462345E-02,-1.099734E-01
2.050000E+02,4.449861E-01,1.984701E-01,2.717207E-01,-7.004771E-02,4.368601E-03,-1.163841E-01
2.055000E+02,4.557908E-01,2.066631E-01,2.583742E-01,-1.398609E-01,-5.984534E-03,-1.221642E-01
2.060000E+02,4.621833E-01,2.121623E-01,2.427205E-01,-2.055630E-01,-1.639150E-02,-1.272801E-01
2.065000E+02,4.641071E-01,2.150284E-01,2.249549E-01,-2.667544E-01,-2.680755E-02,-1.316953E-01
2.070000E+02,4.615420E-01,2.153502E-01,2.052835E-01,-3.230784E-01,-3.718614E-02,-1.353693E-01
2.075000E+02,4.545037E-01,2.132412E-01,1.839208E-01,-3.742212E-01,-4.747743E-02,-1.382577E-01
2.080000E+02,4.430425E-01,2.088359E-01,1.610871E-01,-4.199122E-01,-5.762691E-02,-1.403119E-01
2.085000E+02,4.272425E-01,2.022861E-01,1.370064E-01,-4.599240E-01,-6.757421E-02,-1.414800E-01
2.090000E+02,4.072205E-01,1.937571E-01,1.119042E-01,-4.940736E-01,-7.725219E-02,-1.417075E-01
2.095000E+02,3.831255E-01,1.834242E-01,8.600621E-02,-5.222218E-01,-8.658628E-02,-1.409390E-01
2.100000E+02,3.551369E-01,1.714692E-01,5.953654E-02,-5.442748E-01,-9.549423E-02,-1.391197E-01
2.105000E+02,3.234643E-01,1.580772E-01,3.271693E-02,-5.601846E-01,-1.038862E-01,-1.361978E-01
2.110000E+02,2.883465E-01,1.434337E-01,5.765674E-03,-5.699498E-01,-1.116654E-01,-1.321268E-01
2.115000E+02,2.500502E-01,1.277221E-01,-2.110295E-02,-5.736161E-01,-1.187289E-01,-1.268677E-01
2.120000E+02,2.088695E-01,1.111218E-01,-4.767921E-02,-5.712777E-01,-1.249690E-01,-1.203922E-01
2.125000E+02,1.651249E-01,9.380604E-02,-7.375828E-02,-5.630772E-01,-1.302751E-01,-1.126847E-01
2.130000E+02,1.191621E-01,7.594126E-02,-9.914048E-02,-5.492064E-01,-1.345360E-01,-1.037455E-01
2.135000E+02,7.135083E-02,5.768581E-02,-1.236315E-01,-5.299060E-01,-1.376417E-01,-9.359210E-02
2.140000E+02,2.208377E-02,3.918972E-02,-1.470426E-01,-5.054657E-01,-1.394870E-01,-8.226212E-02
2.145000E+02,-2.822537E-02,2.059461E-02,-1.691911E-01,-4.762230E-01,-1.399735E-01,-6.981423E-02
2.150000E+02,-7.914358E-02,2.033994E-03,-1.899003E-01,-4.425624E-01,-1.390132E-01,-5.632953E-02
2.155000E+02,-1.302207E-01,-1.636621E-02,-2.090004E-01,-4.049131E-01,-1.365313E-01,-4.191199E-02
2.160000E+02,-1.809922E-01,-3.448687E-02,-2.263290E-01,-3.637468E-01,-1.324691E-01,-2.668849E-02
2.165000E+02,-2.309816E-01,-5.221472E-02,-2.417321E-01,-3.195745E-01,-1.267867E-01,-1.080812E-02
2.170000E+02,-2.797047E-01,-6.944138E-02,-2.550647E-01,-2.729424E-01,-1.194659E-01,5.559091E-03
2.175000E+02,-3.266724E-01,-8.606227E-02,-2.661924E-01,-2.244280E-01,-1.105120E-01,2.222409E-02
2.180000E+02,-3.713957E-01,-1.019757E-01,-2.749928E-01,-1.746342E-01,-9.995566E-02,3.898133E-02
2.185000E+02,-4.133898E-01,-1.170819E-01,-2.813569E-01,-1.241840E-01,-8.785448E-02,5.561188E-02
2.190000E+02,-4.521796E-01,-1.312825E-01,-2.851908E-01,-7.371399E-02,-7.429353E-02,7.188700E-02
2.195000E+02,-4.873045E-01,-1.444798E-01,-2.864179E-01,-2.386722E-02,-5.938564E-02,8.757222E-02
2.200000E+02,-5.183243E-01,-1.565767E-01,-2.849801E-01,2.471387E-02,-4.327098E-02,1.024317E-01
2.205000E+02,-5.448250E-01,-1.674770E-01,-2.808405E-01,7.139528E-02,-2.611602E-02,1.162329E-01
2.210000E+02,-5.664246E-01,-1.770852E-01,-2.739844E-01,1.155593E-01,-8.111852E-03,1.287511E-01
2.215000E+02,-5.827791E-01,-1.853077E-01,-2.644219E-01,1.566124E-01,1.052807E-02,1.397748E-01
2.220000E+02,-5.935883E-01,-1.920537E-01,-2.521886E-01,1.939933E-01,2.957081E-02,1.491095E-01
2.225000E+02,-5.986013E-01,-1.972363E-01,-2.373477E-01,2.271809E-01,4.876730E-02,1.565828E-01
2.230000E+02,-5.976221E-01,-2.007743E-01,-2.199905E-01,2.557014E-01,6.785624E-02,1.620484E-01
2.235000E+02,-5.905142E-01,-2.025939E-01,-2.002374E-01,2.791354E-01,8.656830E-02,1.653894E-01
2.240000E+02,-5.772050E-01,-2.026306E-01,-1.782381E-01,2.971246E-01,1.046307E-01,1.665220E-01
2.245000E+02,-5.576894E-01,-2.008313E-01,-1.541713E-01,3.093773E-01,1.217720E-01,1.653971E-01
2.250000E+02,-5.320327E-01,-1.971565E-01,-1.282443E-01,3.156736E-01,1.377269E-01,1.620030E-01
2.255000E+02,-5.003725E-01,-1.915825E-01,-1.006918E-01,3.158691E-01,1.522412E-01,1.563656E-01
2.260000E+02,-4.629198E-01,-1.841030E-01,-7.177409E-02,3.098979E-01,1.650764E-01,1.485493E-01
2.265000E+02,-4.199592E-01,-1.747315E-01,-4.177507E-02,2.977750E-01,1.760147E-01,1.386558E-01
2.270000E+02,-3.718474E-01,-1.635026E-01,-1.099948E-02,2.795964E-01,1.848627E-01,1.268227E-01
2.275000E+02,-3.190113E-01,-1.504735E-01,2.023020E-02,2.555396E-01,1.914555E-01,1.132220E-01
2.280000E+02,-2.619448E-01,-1.357250E-01,5.157744E-02,2.258613E-01,1.956605E-01,9.805636E-02
2.285000E+02,-2.012043E-01,-1.193619E-01,8.269558E-02,1.908952E-01,1.973793E-01,8.155583E-02
2.290000E+02,-1.374030E-01,-1.015133E-01,1.132322E-01,1.510480E-01,1.965508E-01,6.397378E-02
2.295000E+02,-7.120502E-02,-8.233234E-02,1.428338E-01,1.067946E-01,1.931521E-01,4.558204E-02
2.300000E+02,-3.317319E-03,-6.199511E-02,1.711505E-01,5.867229E-02,1.871996E-01,2.666595E-02
2.305000E+02,6.551817E-02,-4.069952E-02,1.978409E-01,7.273860E-03,1.787489E-01,7.518937E-03
2.310000E+02,1.345337E-01,-1.866332E-02,2.225773E-01,-4.675998E-02,1.678945E-01,-1.156291E-02
2.315000E+02,2.029454E-01,3.878170E-03,2.450502E-01,-1.027489E-01,1.547679E-01,-3.028636E-02
2.320000E+02,2.699631E-01,2.667489E-02,2.649734E-01,-1.599818E-01,1.395363E-01,-4.836648E-02
2.325000E+02,3.348012E-01,4.946522E-02,2.820879E-01,-2.177263E-01,1.223993E-01,-6.553181E-02
2.330000E+02,3.966887E-01,7.197954E-02,2.961668E-01,-2.752380E-01,1.035859E-01,-8.152924E-02
2.335000E+02,4.548803E-01,9.394409E-02,3.070181E-01,-3.317705E-01,8.335104E-02,-9.612843E-02
2.340000E+02,5.086663E-01,1.150850E-01,3.144887E-01,-3.865852E-01,6.197107E-02,-1.091258E-01
2.345000E+02,5.573827E-01,1.351326E-01,3.184665E-01,-4.389606E-01,3.973945E-02,-1.203476E-01
2.350000E+02,6.004209E-01,1.538255E-01,3.188828E-01,-4.882022E-01,1.696194E-02,-1.296530E-01
2.355000E+02,6.372364E-01,1.709150E-01,3.157134E-01,-5.336508E-01,-6.048247E-03,-1.369357E-01
2.360000E+02,6.673567E-01,1.861692E-01,3.089795E-01,-5.746912E-01,-2.897543E-02,-1.421251E-01
2.365000E+02,6.903883E-01,1.993767E-01,2.987477E-01,-6.107600E-01,-5.150636E-02,-1.451872E-01
2.370000E+02,7.060229E-01,2.103506E-01,2.851293E-01,-6.413527E-01,-7.333503E-02,-1.461238E-01
2.375000E+02,7.140421E-01,2.189314E-01,2.682787E-01,-6.660293E-01,-9.416724E-02,-1.449722E-01
2.380000E+02,7.143209E-01,2.249902E-01,2.483918E-01,-6.844204E-01,-1.137249E-01,-1.418031E-01
2.385000E+02,7.068297E-01,2.284308E-01,2.257030E-01,-6.962308E-01,-1.317500E-01,-1.367185E-01
2.390000E+02,6.916359E-01,2.291915E-01,2.004821E-01,-7.012431E-01,-1.480081E-01,-1.298495E-01
2.395000E+02,6.689027E-01,2.272467E-01,1.730305E-01,-6.993201E-01,-1.622915E-01,-1.213523E-01
2.400000E+02,6.388880E-01,2.226074E-01,1.436769E-01,-6.904059E-01,-1.744215E-01,-1.114055E-01
2.405000E+02,6.019405E-01,2.153208E-01,1.127731E-01,-6.745260E-01,-1.842509E-01,-1.002058E-01
2.410000E+02,5.584962E-01,2.054705E-01,8.068863E-02,-6.517869E-01,-1.916653E-01,-8.796415E-02
2.415000E+02,5.090721E-01,1.931749E-01,4.780592E-02,-6.223736E-01,-1.965839E-01,-7.490193E-02
2.420000E+02,4.542601E-01,1.785855E-01,1.451511E-02,-5.865478E-01,-1.989604E-01,-6.124666E-02
2.425000E+02,3.947189E-01,1.618848E-01,-1.879125E-02,-5.446436E-01,-1.987823E-01,-4.722818E-02
2.430000E+02,3.311658E-01,1.432831E-01,-5.172339E-02,-4.970632E-01,-1.960712E-01,-3.307488E-02
2.435000E+02,2.643670E-01,1.230161E-01,-8.389936E-02,-4.442718E-01,-1.908809E-01,-1.901010E-02
2.440000E+02,1.951280E-01,1.013406E-01,-1.149500E-01,-3.867920E-01,-1.832967E-01,-5.248973E-03
2.445000E+02,1.242830E-01,7.853103E-02,-1.445232E-01,-3.251967E-01,-1.734334E-01,8.004559E-03
2.450000E+02,5.268449E-02,5.487518E-02,-1.722888E-01,-2.601026E-01,-1.614330E-01,2.056023E-02
2.455000E+02,-1.880818E-02,3.067010E-02,-1.979416E-01,-1.921626E-01,-1.474626E-01,3.224361E-02
2.460000E+02,-8.933929E-02,6.217751E-03,-2.212055E-01,-1.220582E-01,-1.317117E-01,4.289784E-02
2.465000E+02,-1.580677E-01,-1.817937E-02,-2.418361E-01,-5.049136E-02,-1.143897E-01,5.238497E-02
2.470000E+02,-2.241774E-01,-4.222238E-02,-2.596232E-01,2.182346E-02,-9.572246E-02,6.058692E-02
2.475000E+02,-2.868875E-01,-6.562017E-02,-2.743926E-01,9.416761E-02,-7.594985E-02,6.740607E-02
2.480000E+02,-3.454621E-01,-8.809321E-02,-2.860078E-01,1.658264E-01,-5.532243E-02,7.276550E-02
2.485000E+02,-3.992191E-01,-1.093772E-01,-2.943709E-01,2.360969E-01,-3.409855E-02,7.660899E-02
2.490000E+02,-4.475384E-01,-1.292265E-01,-2.994225E-01,3.042961E-01,-1.254123E-02,7.890066E-02
2.495000E+02,-4.898692E-01,-1.474166E-01,-3.011423E-01,3.697684E-01,9.084753E-03,7.962452E-02
2.500000E+02,-5.257368E-01,-1.637474E-01,-2.995478E-01,4.318923E-01,3.051582E-02,7.878374E-02
2.505000E+02,-5.547478E-01,-1.780448E-01,-2.946940E-01,4.900880E-01,5.149241E-02,7.639986E-02
2.510000E+02,-5.765944E-01,-1.901623E-01,-2.866716E-01,5.438225E-01,7.176169E-02,7.251185E-02
2.515000E+02,-5.910584E-01,-1.999829E-01,-2.756050E-01,5.926163E-01,9.108023E-02,6.717518E-02
2.520000E+02,-5.980125E-01,-2.074192E-01,-2.616509E-01,6.360478E-01,1.092164E-01,6.046079E-02
2.525000E+02,-5.974225E-01,-2.124144E-01,-2.449953E-01,6.737576E-01,1.259529E-01,5.245411E-02
2.530000E+02,-5.893465E-01,-2.149418E-01,-2.258511E-01,7.054520E-01,1.410889E-01,4.325405E-02
2.535000E+02,-5.739342E-01,-2.150049E-01,-2.044556E-01,7.309062E-01,1.544421E-01,3.297202E-02
2.540000E+02,-5.514247E-01,-2.126361E-01,-1.810668E-01,7.499656E-01,1.658505E-01,2.173095E-02
2.545000E+02,-5.221433E-01,-2.078961E-01,-1.559610E-01,7.625470E-01,1.751747E-01,9.664382E-03
2.550000E+02,-4.864971E-01,-2.008722E-01,-1.294292E-01,7.686392E-01,1.822990E-01,-3.084560E-03
2.555000E+02,-4.449701E-01,-1.916769E-01,-1.017740E-01,7.683015E-01,1.871329E-01,-1.636409E-02
2.560000E+02,-3.981171E-01,-1.804459E-01,-7.330641E-02,7.616628E-01,1.896125E-01,-3.001482E-02
2.565000E+02,-3.465566E-01,-1.673359E-01,-4.434234E-02,7.489186E-01,1.897013E-01,-4.387080E-02
2.570000E+02,-2.909634E-01,-1.525228E-01,-1.519955E-02,7.303279E-01,1.873908E-01,-5.776075E-02
2.575000E+02,-2.320602E-01,-1.361989E-01,1.380568E-02,7.062089E-01,1.827015E-01,-7.150927E-02
2.580000E+02,-1.706090E-01,-1.185709E-01,4.236161E-02,6.769341E-01,1.756827E-01,-8.493833E-02
2.585000E+02,-1.074014E-01,-9.985720E-02,7.016412E-02,6.429246E-01,1.664123E-01,-9.786876E-02
2.590000E+02,-4.324925E-02,-8.028535E-02,9.691970E-02,6.046435E-01,1.549968E-01,-1.101220E-01
2.595000E+02,2.102524E-02,-6.008970E-02,1.223482E-01,5.625895E-01,1.415703E-01,-1.215221E-01
2.600000E+02,8.459987E-02,-3.950874E-02,1.461858E-01,5.172892E-01,1.262934E-01,-1.318974E-01
2.605000E+02,1.466623E-01,-1.878268E-02,1.681871E-01,4.692891E-01,1.093520E-01,-1.410833E-01
2.610000E+02,2.064203E-01,1.849037E-03,1.881281E-01,4.191482E-01,9.095524E-02,-1.489239E-01
2.615000E+02,2.631114E-01,2.215014E-02,2.058077E-01,3.674294E-01,7.133324E-02,-1.552750E-01
2.620000E+02,3.160124E-01,4.188988E-02,2.210507E-01,3.146913E-01,5.073492E-02,-1.600064E-01
2.625000E+02,3.644488E-01,6.084530E-02,2.337085E-01,2.614804E-01,2.942489E-02,-1.630040E-01
2.630000E+02,4.078029E-01,7.880343E-02,2.436616E-01,2.083234E-01,7.680329E-03,-1.641730E-01
2.635000E+02,4.455220E-01,9.556341E-02,2.508203E-01,1.557193E-01,-1.421249E-02,-1.634394E-01
2.640000E+02,4.771257E-01,1.109385E-01,2.551261E-01,1.041328E-01,-3.596195E-02,-1.607529E-01
2.645000E+02,5.022120E-01,1.247580E-01,2.565522E-01,5.398838E-02,-5.727499E-02,-1.560885E-01
2.650000E+02,5.204626E-01,1.368690E-01,2.551043E-01,5.664120E-03,-7.786120E-02,-1.494482E-01
2.655000E+02,5.316474E-01,1.471380E-01,2.508202E-01,-4.051240E-02,-9.743701E-02,-1.408624E-01
2.660000E+02,5.356281E-01,1.554526E-01,2.437699E-01,-8.426799E-02,-1.157299E-01,-1.303907E-01
2.665000E+02,5.323596E-01,1.617226E-01,2.340551E-01,-1.253865E-01,-1.324825E-01,-1.181226E-01
2.670000E+02,5.218915E-01,1.658813E-01,2.218079E-01,-1.637102E-01,-1.474567E-01,-1.041768E-01
2.675000E+02,5.043675E-01,1.678865E-01,2.071898E-01,-1.991406E-01,-1.604375E-01,-8.870146E-02
2.680000E+02,4.800241E-01,1.677210E-01,1.903895E-01,-2.316373E-01,-1.712367E-01,-7.187223E-02
2.685000E+02,4.491873E-01,1.653934E-01,1.716217E-01,-2.612161E-01,-1.796958E-01,-5.389090E-02
2.690000E+02,4.122694E-01,1.609381E-01,1.511237E-01,-2.879464E-01,-1.856894E-01,-3.498288E-02
2.695000E+02,3.697630E-01,1.544155E-01,1.291533E-01,-3.119470E-01,-1.891270E-01,-1.539439E-02
2.700000E+02,3.222349E-01,1.459113E-01,1.059854E-01,-3.333805E-01,-1.899554E-01,4.611056E-03
2.705000E+02,2.703190E-01,1.355363E-01,8.190899E-02,-3.524483E-01,-1.881595E-01,2.475653E-02
2.710000E+02,2.147074E-01,1.234250E-01,5.722302E-02,-3.693827E-01,-1.837635E-01,4.475601E-02
2.715000E+02,1.561417E-01,1.097345E-01,3.223301E-02,-3.844405E-01,-1.768302E-01,6.431905E-02
2.720000E+02,9.540243E-02,9.464306E-02,7.246943E-03,-3.978944E-01,-1.674614E-01,8.315571E-02
2.725000E+02,3.329883E-02,7.834777E-02,-1.742878E-02,-4.100250E-01,-1.557954E-01,1.009816E-01
2.730000E+02,-2.934239E-02,6.106253E-02,-4.149345E-02,-4.211123E-01,-1.420061E-01,1.175232E-01
2.735000E+02,-9.168847E-02,4.301543E-02,-6.465612E-02,-4.314273E-01,-1.263001E-01,1.325225E-01
2.740000E+02,-1.529121E-01,2.444589E-02,-8.663964E-02,-4.412238E-01,-1.089133E-01,1.457424E-01
2.745000E+02,-2.122028E-01,5.601599E-03,-1.071844E-01,-4.507305E-01,-9.010750E-02,1.569712E-01
2.750000E+02,-2.687787E-01,-1.326481E-02,-1.260522E-01,-4.601438E-01,-7.016645E-02,1.660267E-01
2.755000E+02,-3.218970E-01,-3.189918E-02,-1.430293E-01,-4.696212E-01,-4.939090E-02,1.727603E-01
2.760000E+02,-3.708647E-01,-5.004945E-02,-1.579296E-01,-4.792758E-01,-2.809400E-02,1.770599E-01
2.765000E+02,-4.150480E-01,-6.746928E-02,-1.705974E-01,-4.891717E-01,-6.596124E-03,1.788526E-01
2.770000E+02,-4.538818E-01,-8.392170E-02,-1.809093E-01,-4.993206E-01,1.478032E-02,1.781066E-01
2.775000E+02,-4.868768E-01,-9.918274E-02,-1.887761E-01,-5.096794E-01,3.571621E-02,1.748323E-01
2.780000E+02,-5.136270E-01,-1.130449E-01,-1.941438E-01,-5.201499E-01,5.590089E-02,1.690825E-01
2.785000E+02,-5.338146E-01,-1.253203E-01,-1.969947E-01,-5.305788E-01,7.503726E-02,1.609517E-01
2.790000E+02,-5.472147E-01,-1.358442E-01,-1.973465E-01,-5.407602E-01,9.284660E-02,1.505750E-01
2.795000E+02,-5.536979E-01,-1.444771E-01,-1.952530E-01,-5.504386E-01,1.090730E-01,1.381257E-01
2.800000E+02,-5.532317E-01,-1.511077E-01,-1.908021E-01,-5.593139E-01,1.234877E-01,1.238126E-01
2.805000E+02,-5.458804E-01,-1.556546E-01,-1.841143E-01,-5.670471E-01,1.358920E-01,1.078760E-01
2.810000E+02,-5.318038E-01,-1.580680E-01,-1.753409E-01,-5.732676E-01,1.461211E-01,9.058387E-02
2.815000E+02,-5.112540E-01,-1.583304E-01,-1.646612E-01,-5.775815E-01,1.540461E-01,7.222652E-02
2.820000E+02,-4.845711E-01,-1.564576E-01,-1.522789E-01,-5.795804E-01,1.595757E-01,5.311165E-02
2.825000E+02,-4.521775E-01,-1.524984E-01,-1.384192E-01,-5.788510E-01,1.626573E-01,3.355860E-02
2.830000E+02,-4.145713E-01,-1.465337E-01,-1.233247E-01,-5.749858E-01,1.632779E-01,1.389254E-02
2.835000E+02,-3.723180E-01,-1.386759E-01,-1.072510E-01,-5.675933E-01,1.614630E-01,-5.561533E-03
2.840000E+02,-3.260417E-01,-1.290668E-01,-9.046299E-02,-5.563085E-01,1.572764E-01,-2.448467E-02
2.845000E+02,-2.764150E-01,-1.178756E-01,-7.322960E-02,-5.408033E-01,1.508181E-01,-4.256979E-02
2.850000E+02,-2.241492E-01,-1.052957E-01,-5.581991E-02,-5.207968E-01,1.422226E-01,-5.952717E-02
2.855000E+02,-1.699827E-01,-9.154207E-02,-3.849843E-02,-4.960642E-01,1.316557E-01,-7.508961E-02
2.860000E+02,-1.146700E-01,-7.684737E-02,-2.152081E-02,-4.664455E-01,1.193115E-01,-8.901710E-02
2.865000E+02,-5.897035E-02,-6.145797E-02,-5.129690E-03,-4.318530E-01,1.054087E-01,-1.011009E-01
2.870000E+02,-3.636441E-03,-4.562979E-02,1.044917E-02,-3.922775E-01,9.018679E-02,-1.111669E-01
2.875000E+02,5.059686E-02,-2.962385E-02,2.501043E-02,-3.477932E-01,7.390147E-02,-1.190787E-01
2.880000E+02,1.030231E-01,-1.370179E-02,3.837230E-02,-2.985609E-01,5.682040E-02,-1.247389E-01
2.885000E+02,1.529743E-01,1.878798E-03,5.037926E-02,-2.448299E-01,3.921861E-02,-1.280912E-01
2.890000E+02,1.998306E-01,1.686883E-02,6.090415E-02,-1.869377E-01,2.137394E-02,-1.291199E-01
2.895000E+02,2.430282E-01,3.103218E-02,6.984993E-02,-1.253085E-01,3.562506E-03,-1.278502E-01
2.900000E+02,2.820676E-01,4.414986E-02,7.715064E-02,-6.044994E-02,-1.394566E-02,-1.243467E-01
2.905000E+02,3.165195E-01,5.602387E-02,8.277203E-02,7.052685E-03,-3.089077E-02,-1.187116E-01
2.910000E+02,3.460299E-01,6.648080E-02,8.671136E-02,7.654269E-02,-4.702713E-02,-1.110820E-01
2.915000E+02,3.703245E-01,7.537484E-02,8.899684E-02,1.473006E-01,-6.212676E-02,-1.016271E-01
2.920000E+02,3.892111E-01,8.259042E-02,8.968639E-02,2.185539E-01,-7.598251E-02,-9.054395E-02
2.925000E+02,4.025805E-01,8.804423E-02,8.886589E-02,2.894881E-01,-8.841085E-02,-7.805395E-02
2.930000E+02,4.104074E-01,9.168665E-02,8.664696E-02,3.592584E-01,-9.925412E-02,-6.439786E-02
2.935000E+02,4.127480E-01,9.350261E-02,8.316431E-02,4.270034E-01,-1.083824E-01,-4.983130E-02
2.940000E+02,4.097383E-01,9.351175E-02,7.857261E-02,4.918579E-01,-1.156949E-01,-3.461982E-02
2.945000E+02,4.015897E-01,9.176800E-02,7.304313E-02,5.529670E-01,-1.211205E-01,-1.903396E-02
2.950000E+02,3.885844E-01,8.835842E-02,6.676007E-02,6.095006E-01,-1.246188E-01,-3.344337E-03
2.955000E+02,3.710694E-01,8.340154E-02,5.991668E-02,6.606665E-01,-1.261791E-01,1.218306E-02
2.960000E+02,3.494497E-01,7.704502E-02,5.271124E-02,7.057247E-01,-1.258206E-01,2.729146E-02
2.965000E+02,3.241807E-01,6.946277E-02,4.534307E-02,7.439999E-01,-1.235910E-01,4.173749E-02
2.970000E+02,2.957599E-01,6.085161E-02,3.800847E-02,7.748934E-01,-1.195653E-01,5.529507E-02
2.975000E+02,2.647180E-01,5.142743E-02,3.089683E-02,7.978944E-01,-1.138439E-01,6.775886E-02
2.980000E+02,2.316103E-01,4.142106E-02,2.418685E-02,8.125895E-01,-1.065508E-01,7.894720E-02
2.985000E+02,1.970069E-01,3.107375E-02,1.804302E-02,8.186706E-01,-9.783075E-02,8.870458E-02
2.990000E+02,1.614836E-01,2.063248E-02,1.261247E-02,8.159418E-01,-8.784727E-02,9.690357E-02
2.995000E+02,1.256126E-01,1.034518E-02,8.022017E-03,8.043240E-01,-7.677941E-02,1.034462E-01
3.000000E+02,8.995383E-02,4.558621E-04,4.375808E-03,7.838579E-01,-6.481901E-02,1.082649E-01
3.005000E+02,5.504571E-02,-8.800212E-03,1.753257E-03,7.547051E-01,-5.216757E-02,1.113226E-01
3.010000E+02,2.139765E-02,-1.720116E-02,2.075627E-04,7.171471E-01,-3.903320E-02,1.126128E-01
3.015000E+02,-1.051762E-02,-2.454295E-02,-2.353005E-04,6.715825E-01,-2.562741E-02,1.121585E-01
3.020000E+02,-4.027077E-02,-3.064349E-02,4.229475E-04,6.185226E-01,-1.216205E-02,1.100116E-01
3.025000E+02,-6.748167E-02,-3.534642E-02,2.152959E-03,5.585847E-01,1.153830E-03,1.062508E-01
3.030000E+02,-9.182440E-02,-3.852439E-02,4.898364E-03,4.924841E-01,1.411691E-02,1.009799E-01
3.035000E+02,-1.130312E-01,-4.008177E-02,8.576896E-03,4.210243E-01,2.653252E-02,9.432559E-02
3.040000E+02,-1.308954E-01,-3.995693E-02,1.308203E-02,3.450859E-01,3.821729E-02,8.643482E-02
3.045000E+02,-1.452735E-01,-3.812374E-02,1.828511E-02,2.656146E-01,4.900175E-02,7.747201E-02
3.050000E+02,-1.560859E-01,-3.459253E-02,2.403790E-02,1.836075E-01,5.873257E-02,6.761617E-02
3.055000E+02,-1.633165E-01,-2.941030E-02,3.017551E-02,1.000992E-01,6.727470E-02,5.705774E-02
3.060000E+02,-1.670119E-01,-2.266029E-02,3.651979E-02,1.614706E-02,7.451314E-02,4.599552E-02
3.065000E+02,-1.672787E-01,-1.446088E-02,4.288283E-02,-6.718363E-02,8.035451E-02,3.463338E-02
3.070000E+02,-1.642807E-01,-4.963720E-03,4.907084E-02,-1.488350E-01,8.472826E-02,2.317711E-02
3.075000E+02,-1.582345E-01,5.648675E-03,5.488816E-02,-2.277716E-01,8.758755E-02,1.183123E-02
3.080000E+02,-1.494048E-01,1.716600E-02,6.014126E-02,-3.029945E-01,8.890987E-02,7.959634E-04
3.085000E+02,-1.380986E-01,2.935378E-02,6.464291E-02,-3.735561E-01,8.869724E-02,-9.735801E-03
3.090000E+02,-1.246590E-01,4.195753E-02,6.821622E-02,-4.385725E-01,8.697607E-02,-1.958127E-02
3.095000E+02,-1.094589E-01,5.470729E-02,7.069849E-02,-4.972363E-01,8.379670E-02,-2.857043E-02
3.100000E+02,-9.289294E-02,6.732260E-02,7.194498E-02,-5.488274E-01,7.923251E-02,-3.654846E-02
3.105000E+02,-7.537107E-02,7.951768E-02,7.183232E-02,-5.927227E-01,7.337877E-02,-4.337800E-02
3.110000E+02,-5.731033E-02,9.100689E-02,7.026161E-02,-6.284045E-01,6.635104E-02,-4.894107E-02
3.115000E+02,-3.912755E-02,1.015102E-01,6.716108E-02,-6.554667E-01,5.828329E-02,-5.314082E-02
3.120000E+02,-2.123176E-02,1.107586E-01,6.248837E-02,-6.736206E-01,4.932575E-02,-5.590293E-02
3.125000E+02,-4.017046E-03,1.184999E-01,5.623217E-02,-6.826973E-01,3.964237E-02,-5.717671E-02
3.130000E+02,1.214445E-02,1.245032E-01,4.841346E-02,-6.826500E-01,2.940812E-02,-5.693589E-02
3.135000E+02,2.690887E-02,1.285649E-01,3.908602E-02,-6.735532E-01,1.880603E-02,-5.517909E-02
3.140000E+02,3.996657E-02,1.305119E-01,2.833640E-02,-6.556010E-01,8.024071E-03,-5.192986E-02
3.145000E+02,5.104724E-02,1.302070E-01,1.628328E-02,-6.291037E-01,-2.748135E-03,-4.723648E-02
3.150000E+02,5.992435E-02,1.275514E-01,3.076142E-03,-5.944820E-01,-1.332260E-02,-4.117129E-02
3.155000E+02,6.641877E-02,1.224880E-01,-1.110665E-02,-5.522606E-01,-2.351634E-02,-3.382968E-02
3.160000E+02,7.040144E-02,1.150037E-01,-2.606033E-02,-5.030599E-01,-3.315466E-02,-2.532874E-02
3.165000E+02,7.179513E-02,1.051302E-01,-4.155689E-02,-4.475865E-01,-4.207436E-02,-1.580552E-02
3.170000E+02,7.057526E-02,9.294563E-02,-5.734860E-02,-3.866226E-01,-5.012674E-02,-5.414948E-03
3.175000E+02,6.676968E-02,7.857327E-02,-7.317221E-02,-3.210143E-01,-5.718042E-02,5.672604E-03
3.180000E+02,6.045757E-02,6.218124E-02,-8.875335E-02,-2.516592E-01,-6.312384E-02,1.727403E-02
3.185000E+02,5.176727E-02,4.398032E-02,-1.038115E-01,-1.794937E-01,-6.786740E-02,2.919650E-02
3.190000E+02,4.087329E-02,2.422131E-02,-1.180648E-01,-1.054792E-01,-7.134524E-02,4.124068E-02
3.195000E+02,2.799246E-02,3.191506E-03,-1.312357E-01,-3.058869E-02,-7.351653E-02,5.320422E-02
3.200000E+02,1.337921E-02,-1.878957E-02,-1.430560E-01,4.420700E-02,-7.436628E-02,6.488525E-02
3.205000E+02,-2.679724E-03,-4.137511E-02,-1.532723E-01,1.179526E-01,-7.390570E-02,7.608612E-02
3.210000E+02,-1.987126E-02,-6.419659E-02,-1.616510E-01,1.897217E-01,-7.217194E-02,8.661700E-02
3.215000E+02,-3.786239E-02,-8.686993E-02,-1.679835E-01,2.586289E-01,-6.922734E-02,9.629958E-02
3.220000E+02,-5.630697E-02,-1.090020E-01,-1.720904E-01,3.238421E-01,-6.515811E-02,1.049705E-01
3.225000E+02,-7.485271E-02,-1.301974E-01,-1.738262E-01,3.845930E-01,-6.007254E-02,1.124848E-01
3.230000E+02,-9.314823E-02,-1.500659E-01,-1.730823E-01,4.401870E-01,-5.409866E-02,1.187188E-01
3.235000E+02,-1.108501E-01,-1.682292E-01,-1.697908E-01,4.900122E-01,-4.738149E-02,1.235729E-01
3.240000E+02,-1.276298E-01,-1.843282E-01,-1.639261E-01,5.335460E-01,-4.007986E-02,1.269738E-01
3.245000E+02,-1.431799E-01,-1.980300E-01,-1.555070E-01,5.703616E-01,-3.236291E-02,1.288767E-01
3.250000E+02,-1.572203E-01,-2.090345E-01,-1.445972E-01,6.001320E-01,-2.440632E-02,1.292659E-01
3.255000E+02,-1.695039E-01,-2.170805E-01,-1.313057E-01,6.226328E-01,-1.638834E-02,1.281563E-01
3.260000E+02,-1.798209E-01,-2.219516E-01,-1.157852E-01,6.377435E-01,-8.485775E-03,1.255929E-01
3.265000E+02,-1.880028E-01,-2.234807E-01,-9.823103E-02,6.454470E-01,-8.699118E-04,1.216508E-01
3.270000E+02,-1.939257E-01,-2.215544E-01,-7.887829E-02,6.458275E-01,6.297440E-03,1.164337E-01
3.275000E+02,-1.975122E-01,-2.161163E-01,-5.799829E-02,6.390671E-01,1.286771E-02,1.100720E-01
3.280000E+02,-1.987325E-01,-2.071690E-01,-3.589455E-02,6.254403E-01,1.870909E-02,1.027208E-01
3.285000E+02,-1.976043E-01,-1.947755E-01,-1.289782E-02,6.053080E-01,2.370959E-02,9.455652E-02
3.290000E+02,-1.941921E-01,-1.790594E-01,1.063945E-02,5.791092E-01,2.777979E-02,8.577353E-02
3.295000E+02,-1.886051E-01,-1.602036E-01,3.434912E-02,5.473524E-01,3.085495E-02,7.657997E-02
3.300000E+02,-1.809939E-01,-1.384485E-01,5.785389E-02,5.106057E-01,3.289656E-02,6.719343E-02
3.305000E+02,-1.715473E-01,-1.140887E-01,8.077406E-02,4.694856E-01,3.389334E-02,5.783612E-02
3.310000E+02,-1.604869E-01,-8.746846E-02,1.027345E-01,4.246460E-01,3.386141E-02,4.872998E-02
3.315000E+02,-1.480620E-01,-5.897685E-02,1.233715E-01,3.767661E-01,3.284400E-02,4.009160E-02
3.320000E+02,-1.345435E-01,-2.904117E-02,1.423401E-01,3.265384E-01,3.091024E-02,3.212721E-02
3.325000E+02,-1.202174E-01,1.879994E-03,1.593200E-01,2.746564E-01,2.815348E-02,2.502776E-02
3.330000E+02,-1.053781E-01,3.330454E-02,1.740227E-01,2.218033E-01,2.468887E-02,1.896433E-02
3.335000E+02,-9.032121E-02,6.473518E-02,1.861964E-01,1.686398E-01,2.065040E-02,1.408382E-02
3.340000E+02,-7.533648E-02,9.566826E-02,1.956318E-01,1.157938E-01,1.618738E-02,1.050525E-02
3.345000E+02,-6.070128E-02,1.256027E-01,2.021661E-01,6.384997E-02,1.146057E-02,8.316516E-03
3.350000E+02,-4.667384E-02,1.540493E-01,2.056865E-01,1.334141E-02,6.637869E-03,7.571929E-03
3.355000E+02,-3.348729E-02,1.805395E-01,2.061329E-01,-3.525867E-02,1.889861E-03,8.290467E-03
3.360000E+02,-2.134424E-02,2.046342E-01,2.034994E-01,-8.154311E-02,-2.614843E-03,1.045485E-02
3.365000E+02,-1.041209E-02,2.259326E-01,1.978349E-01,-1.251758E-01,-6.714217E-03,1.401149E-02
3.370000E+02,-8.192804E-04,2.440790E-01,1.892423E-01,-1.658949E-01,-1.025734E-02,1.887126E-02
3.375000E+02,7.347545E-03,2.587705E-01,1.778770E-01,-2.035149E-01,-1.310870E-02,2.491125E-02
3.380000E+02,1.404532E-02,2.697630E-01,1.639442E-01,-2.379263E-01,-1.515212E-02,3.197725E-02
3.385000E+02,1.927521E-02,2.768755E-01,1.476952E-01,-2.690945E-01,-1.629424E-02,3.988714E-02
3.390000E+02,2.308220E-02,2.799948E-01,1.294227E-01,-2.970561E-01,-1.646750E-02,4.843497E-02
3.395000E+02,2.555352E-02,2.790775E-01,1.094550E-01,-3.219144E-01,-1.563239E-02,5.739569E-02
3.400000E+02,2.681597E-02,2.741514E-01,8.815023E-02,-3.438330E-01,-1.377910E-02,6.653049E-02
3.405000E+02,2.703226E-02,2.653154E-01,6.588908E-02,-3.630284E-01,-1.092832E-02,7.559244E-02
3.410000E+02,2.639635E-02,2.527381E-01,4.306742E-02,-3.797613E-01,-7.131280E-03,8.433257E-02
3.415000E+02,2.512797E-02,2.366545E-01,2.008860E-02,-3.943266E-01,-2.469033E-03,9.250600E-02
3.420000E+02,2.346641E-02,2.173626E-01,-2.644454E-03,-4.070432E-01,2.949166E-03,9.987806E-02
3.425000E+02,2.166373E-02,1.952171E-01,-2.473725E-02,-4.182431E-01,8.988172E-03,1.062303E-01
3.430000E+02,1.997754E-02,1.706237E-01,-4.581146E-02,-4.282600E-01,1.549003E-02,1.113661E-01
3.435000E+02,1.866363E-02,1.440307E-01,-6.551243E-02,-4.374181E-01,2.227769E-02,1.151161E-01
3.440000E+02,1.796843E-02,1.159210E-01,-8.351612E-02,-4.460211E-01,2.915934E-02,1.173423E-01
3.445000E+02,1.812170E-02,8.680286E-02,-9.953549E-02,-4.543419E-01,3.593317E-02,1.179426E-01
3.450000E+02,1.932952E-02,5.720006E-02,-1.133261E-01,-4.626127E-01,4.239247E-02,1.168532E-01
3.455000E+02,2.176773E-02,2.764183E-02,-1.246907E-01,-4.710164E-01,4.833109E-02,1.140511E-01
3.460000E+02,2.557614E-02,-1.347309E-03,-1.334831E-01,-4.796794E-01,5.354880E-02,1.095551E-01
3.465000E+02,3.085349E-02,-2.925768E-02,-1.396106E-01,-4.886650E-01,5.785680E-02,1.034259E-01
3.470000E+02,3.765348E-02,-5.560434E-02,-1.430356E-01,-4.979700E-01,6.108294E-02,9.576496E-02
3.475000E+02,4.598175E-02,-7.993641E-02,-1.437757E-01,-5.075209E-01,6.307664E-02,8.671274E-02
3.480000E+02,5.579422E-02,-1.018458E-01,-1.419032E-01,-5.171743E-01,6.371339E-02,7.644546E-02
3.485000E+02,6.699652E-02,-1.209751E-01,-1.375425E-01,-5.267170E-01,6.289868E-02,6.517121E-02
3.490000E+02,7.944482E-02,-1.370242E-01,-1.308676E-01,-5.358698E-01,6.057123E-02,5.312510E-02
3.495000E+02,9.294789E-02,-1.497561E-01,-1.220972E-01,-5.442920E-01,5.670544E-02,4.056374E-02
3.500000E+02,1.072705E-01,-1.590012E-01,-1.114903E-01,-5.515884E-01,5.131310E-02,2.775897E-02
3.505000E+02,1.221377E-01,-1.646604E-01,-9.933925E-02,-5.573174E-01,4.444406E-02,1.499131E-02
3.510000E+02,1.372411E-01,-1.667062E-01,-8.596396E-02,-5.610018E-01,3.618606E-02,2.542959E-03
3.515000E+02,1.522448E-01,-1.651833E-01,-7.170398E-02,-5.621391E-01,2.666365E-02,-9.309227E-03
3.520000E+02,1.667933E-01,-1.602068E-01,-5.691105E-02,-5.602150E-01,1.603607E-02,-2.030078E-02
3.525000E+02,1.805199E-01,-1.519593E-01,-4.194116E-02,-5.547160E-01,4.494397E-03,-3.018636E-02
3.530000E+02,1.930549E-01,-1.406869E-01,-2.714656E-02,-5.451439E-01,-7.742259E-03,-3.874620E-02
3.535000E+02,2.040352E-01,-1.266933E-01,-1.286793E-02,-5.310295E-01,-2.043123E-02,-4.579182E-02
3.540000E+02,2.131130E-01,-1.103332E-01,5.732125E-04,-5.119471E-01,-3.331142E-02,-5.117117E-02
3.545000E+02,2.199650E-01,-9.200463E-02,1.288153E-02,-4.875278E-01,-4.610899E-02,-5.477287E-02
3.550000E+02,2.243012E-01,-7.213994E-02,2.379439E-02,-4.574732E-01,-5.854342E-02,-5.652939E-02
3.555000E+02,2.258727E-01,-5.119684E-02,3.308749E-02,-4.215667E-01,-7.033377E-02,-5.641931E-02
3.560000E+02,2.244793E-01,-2.964840E-02,4.057975E-02,-3.796845E-01,-8.120519E-02,-5.446835E-02
3.565000E+02,2.199761E-01,-7.972994E-03,4.613701E-02,-3.318046E-01,-9.089519E-02,-5.074926E-02
3.570000E+02,2.122783E-01,1.335585E-02,4.967485E-02,-2.780140E-01,-9.915990E-02,-4.538057E-02
3.575000E+02,2.013660E-01,3.387938E-02,5.116012E-02,-2.185138E-01,-1.057798E-01,-3.852416E-02
3.580000E+02,1.872862E-01,5.316326E-02,5.061139E-02,-1.536219E-01,-1.105652E-01,-3.038172E-02
3.585000E+02,1.701548E-01,7.080653E-02,4.809817E-02,-8.377384E-02,-1.133608E-01,-2.119023E-02
3.590000E+02,1.501558E-01,8.644991E-02,4.373900E-02,-9.520386E-03,-1.140498E-01,-1.121655E-02
3.595000E+02,1.275395E-01,9.978301E-02,3.769847E-02,6.847660E-02,-1.125568E-01,-7.511483E-04
3.600000E+02,1.026199E-01,1.105506E-01,3.018310E-02,1.494512E-01,-1.088506E-01,9.898738E-03
3.605000E+02,7.576905E-02,1.185575E-01,2.143643E-02,2.325428E-01,-1.029449E-01,2.041640E-02
3.610000E+02,4.741155E-02,1.236722E-01,1.173310E-02,3.168074E-01,-9.489887E-02,3.048327E-02
3.615000E+02,1.801688E-02,1.258293E-01,1.372419E-03,4.012315E-01,-8.481638E-02,3.978663E-02
3.620000E+02,-1.190907E-02,1.250300E-01,-9.328726E-03,4.847471E-01,-7.284433E-02,4.802719E-02
3.625000E+02,-4.183353E-02,1.213415E-01,-2.004332E-02,5.662493E-01,-5.916988E-02,5.492643E-02
3.630000E+02,-7.120702E-02,1.148953E-01,-3.044184E-02,6.446139E-01,-4.401700E-02,6.023349E-02
3.635000E+02,-9.947422E-02,1.058830E-01,-4.020002E-02,7.187169E-01,-2.764198E-02,6.373135E-02
3.640000E+02,-1.260850E-01,9.455238E-02,-4.900635E-02,7.874539E-01,-1.032840E-02,6.524235E-02
3.645000E+02,-1.505059E-01,8.120092E-02,-5.656940E-02,8.497604E-01,7.618584E-03,6.463264E-02
3.650000E+02,-1.722305E-01,6.616902E-02,-6.262463E-02,9.046308E-01,2.587844E-02,6.181576E-02
3.655000E+02,-1.907909E-01,4.983216E-02,-6.694063E-02,9.511379E-01,4.412173E-02,5.675500E-02
3.660000E+02,-2.057672E-01,3.259232E-02,-6.932456E-02,9.884503E-01,6.201678E-02,4.946458E-02
3.665000E+02,-2.167970E-01,1.486895E-02,-6.962679E-02,1.015850E+00,7.923645E-02,4.000968E-02
3.670000E+02,-2.235833E-01,-2.910449E-03,-6.774460E-02,1.032745E+00,9.546469E-02,2.850527E-02
3.675000E+02,-2.259015E-01,-2.031978E-02,-6.362478E-02,1.038685E+00,1.104029E-01,1.511368E-02
3.680000E+02,-2.236052E-01,-3.694377E-02,-5.726520E-02,1.033372E+00,1.237759E-01,4.115458E-05
3.685000E+02,-2.166299E-01,-5.238705E-02,-4.871525E-02,1.016664E+00,1.353372E-01,-1.646665E-02
3.690000E+02,-2.049960E-01,-6.628273E-02,-3.807522E-02,9.885846E-01,1.448740E-01,-3.413013E-02
3.695000E+02,-1.888088E-01,-7.830038E-02,-2.549447E-02,9.493245E-01,1.522112E-01,-5.264190E-02
3.700000E+02,-1.682588E-01,-8.815303E-02,-1.116868E-02,8.992403E-01,1.572143E-01,-7.167367E-02
3.705000E+02,-1.436182E-01,-9.560334E-02,4.663954E-03,8.388513E-01,1.597921E-01,-9.088352E-02
3.710000E+02,-1.152374E-01,-1.004686E-01,2.172743E-02,7.688335E-01,1.598979E-01,-1.099235E-01
3.715000E+02,-8.353910E-02,-1.026242E-01,3.971339E-02,6.900103E-01,1.575302E-01,-1.284474E-01
3.720000E+02,-4.901141E-02,-1.020069E-01,5.828725E-02,6.033411E-01,1.527318E-01,-1.461181E-01
3.725000E+02,-1.219942E-02,-9.861495E-02,7.709492E-02,5.099068E-01,1.455891E-01,-1.626153E-01
3.730000E+02,2.630417E-02,-9.250887E-02,9.576985E-02,4.108939E-01,1.362293E-01,-1.776423E-01
3.735000E+02,6.586946E-02,-8.380946E-02,1.139403E-01,3.075761E-01,1.248175E-01,-1.909322E-01
3.740000E+02,1.058404E-01,-7.269527E-02,1.312369E-01,2.012948E-01,1.115532E-01,-2.022535E-01
3.745000E+02,1.455464E-01,-5.939859E-02,1.472996E-01,9.343795E-02,9.666559E-02,-2.114153E-01
3.750000E+02,1.843140E-01,-4.420044E-02,1.617854E-01,-1.458116E-02,8.040894E-02,-2.182705E-01
3.755000E+02,2.214791E-01,-2.742452E-02,1.743743E-01,-1.213463E-01,6.305715E-02,-2.227187E-01
3.760000E+02,2.563984E-01,-9.430374E-03,1.847765E-01,-2.254602E-01,4.489819E-02,-2.247081E-01
3.765000E+02,2.884604E-01,9.394243E-03,1.927372E-01,-3.255663E-01,2.622844E-02,-2.242357E-01
3.770000E+02,3.170968E-01,2.864142E-02,1.980421E-01,-4.203695E-01,7.346914E-03,-2.213469E-01
3.775000E+02,3.417914E-01,4.789157E-02,2.005212E-01,-5.086559E-01,-1.145040E-02,-2.161339E-01
3.780000E+02,3.620895E-01,6.672205E-02,2.000522E-01,-5.893111E-01,-2.987593E-02,-2.087327E-01
3.785000E+02,3.776054E-01,8.471580E-02,1.965628E-01,-6.613365E-01,-4.765569E-02,-1.993197E-01
3.790000E+02,3.880284E-01,1.014697E-01,1.900322E-01,-7.238635E-01,-6.453386E-02,-1.881073E-01
3.795000E+02,3.931283E-01,1.166029E-01,1.804911E-01,-7.761660E-01,-8.027703E-02,-1.753381E-01
3.800000E+02,3.927583E-01,1.297639E-01,1.680215E-01,-8.176693E-01,-9.467773E-02,-1.612798E-01
3.805000E+02,3.868574E-01,1.406380E-01,1.527549E-01,-8.479574E-01,-1.075573E-01,-1.462184E-01
3.810000E+02,3.754505E-01,1.489530E-01,1.348702E-01,-8.667770E-01,-1.187684E-01,-1.304519E-01
3.815000E+02,3.586473E-01,1.544846E-01,1.145902E-01,-8.740392E-01,-1.281960E-01,-1.142832E-01
3.820000E+02,3.366401E-01,1.570602E-01,9.217746E-02,-8.698182E-01,-1.357588E-01,-9.801412E-02
3.825000E+02,3.096994E-01,1.565627E-01,6.793019E-02,-8.543472E-01,-1.414088E-01,-8.193807E-02
3.830000E+02,2.781692E-01,1.529317E-01,4.217652E-02,-8.280124E-01,-1.451312E-01,-6.633448E-02
3.835000E+02,2.424601E-01,1.461651E-01,1.526903E-02,-7.913441E-01,-1.469426E-01,-5.146283E-02
3.840000E+02,2.030422E-01,1.363180E-01,-1.242124E-02,-7.450061E-01,-1.468899E-01,-3.755761E-02
3.845000E+02,1.604370E-01,1.235022E-01,-4.051108E-02,-6.897827E-01,-1.450470E-01,-2.482388E-02
3.850000E+02,1.152081E-01,1.078828E-01,-6.861135E-02,-6.265649E-01,-1.415128E-01,-1.343369E-02
3.855000E+02,6.795210E-02,8.967558E-02,-9.633332E-02,-5.563340E-01,-1.364078E-01,-3.523286E-03
3.860000E+02,1.928878E-02,6.914202E-02,-1.232948E-01,-4.801461E-01,-1.298701E-01,4.808742E-03
3.865000E+02,-3.014884E-02,4.658443E-02,-1.491262E-01,-3.991137E-01,-1.220524E-01,1.150238E-02
3.870000E+02,-7.972422E-02,2.234000E-02,-1.734756E-01,-3.143891E-01,-1.131178E-01,1.653617E-02
3.875000E+02,-1.288069E-01,-3.225633E-03,-1.960148E-01,-2.271457E-01,-1.032363E-01,1.992636E-02
3.880000E+02,-1.767816E-01,-2.972520E-02,-2.164428E-01,-1.385614E-01,-9.258055E-02,2.172506E-02
3.885000E+02,-2.230571E-01,-5.675694E-02,-2.344909E-01,-4.980172E-02,-8.132282E-02,2.201767E-02
3.890000E+02,-2.670737E-01,-8.391186E-02,-2.499253E-01,3.799681E-02,-6.963128E-02,2.091960E-02
3.895000E+02,-3.083108E-01,-1.107809E-01,-2.625504E-01,1.237409E-01,-5.766707E-02,1.857229E-02
3.900000E+02,-3.462930E-01,-1.369623E-01,-2.722105E-01,2.063944E-01,-4.558155E-02,1.513875E-02
3.905000E+02,-3.805951E-01,-1.620679E-01,-2.787913E-01,2.849905E-01,-3.351399E-02,1.079868E-02
3.910000E+02,-4.108468E-01,-1.857300E-01,-2.822205E-01,3.586420E-01,-2.158973E-02,5.743284E-03
3.915000E+02,-4.367355E-01,-2.076072E-01,-2.824677E-01,4.265504E-01,-9.918715E-03,1.699510E-04
3.920000E+02,-4.580084E-01,-2.273893E-01,-2.795437E-01,4.880127E-01,1.405412E-03,-5.723099E-03
3.925000E+02,-4.744738E-01,-2.448022E-01,-2.734993E-01,5.424268E-01,1.230576E-02,-1.174208E-02
3.930000E+02,-4.860008E-01,-2.596116E-01,-2.644232E-01,5.892949E-01,2.272220E-02,-1.770267E-02
3.935000E+02,-4.925187E-01,-2.716259E-01,-2.524398E-01,6.282251E-01,3.261087E-02,-2.343472E-02
3.940000E+02,-4.940151E-01,-2.806985E-01,-2.377063E-01,6.589313E-01,4.194332E-02,-2.878652E-02
3.945000E+02,-4.905329E-01,-2.867285E-01,-2.204093E-01,6.812320E-01,5.070524E-02,-3.362853E-02
3.950000E+02,-4.821676E-01,-2.896620E-01,-2.007615E-01,6.950471E-01,5.889486E-02,-3.785648E-02
3.955000E+02,-4.690629E-01,-2.894906E-01,-1.789981E-01,7.003935E-01,6.652107E-02,-4.139382E-02
3.960000E+02,-4.514064E-01,-2.862510E-01,-1.553724E-01,6.973802E-01,7.360132E-02,-4.419344E-02
3.965000E+02,-4.294252E-01,-2.800224E-01,-1.301524E-01,6.862018E-01,8.015937E-02,-4.623862E-02
3.970000E+02,-4.033803E-01,-2.709241E-01,-1.036165E-01,6.671315E-01,8.622288E-02,-4.754319E-02
3.975000E+02,-3.735622E-01,-2.591120E-01,-7.605006E-02,6.405138E-01,9.182107E-02,-4.815099E-02
3.980000E+02,-3.402852E-01,-2.447751E-01,-4.774109E-02,6.067568E-01,9.698236E-02,-4.813446E-02
3.985000E+02,-3.038827E-01,-2.281308E-01,-1.897723E-02,5.663241E-01,1.017321E-01,-4.759267E-02
3.990000E+02,-2.647028E-01,-2.094205E-01,9.957753E-03,5.197269E-01,1.060904E-01,-4.664852E-02
3.995000E+02,-2.231029E-01,-1.889050E-01,3.878689E-02,4.675165E-01,1.100703E-01,-4.544545E-02
4.000000E+02,-1.794468E-01,-1.668594E-01,6.724269E-02,4.102766E-01,1.136764E-01,-4.414358E-02
4.005000E+02,-1.341000E-01,-1.435681E-01,9.506944E-02,3.486168E-01,1.169031E-01,-4.291538E-02
4.010000E+02,-8.742731E-02,-1.193202E-01,1.220251E-01,2.831658E-01,1.197337E-01,-4.194104E-02
4.015000E+02,-3.978978E-02,-9.440471E-02,1.478831E-01,2.145658E-01,1.221405E-01,-4.140356E-02
4.020000E+02,8.457223E-03,-6.910613E-02,1.724330E-01,1.434672E-01,1.240837E-01,-4.148370E-02
4.025000E+02,5.696567E-02,-4.370061E-02,1.954822E-01,7.052426E-02,1.255121E-01,-4.235486E-02
4.030000E+02,1.053959E-01,-1.845226E-02,2.168556E-01,-3.609050E-03,1.263640E-01,-4.417811E-02
4.035000E+02,1.534173E-01,6.389998E-03,2.363964E-01,-7.828206E-02,1.265679E-01,-4.709729E-02
4.040000E+02,2.007085E-01,3.059499E-02,2.539656E-01,-1.528502E-01,1.260440E-01,-5.123447E-02
4.045000E+02,2.469570E-01,5.395137E-02,2.694420E-01,-2.266774E-01,1.247063E-01,-5.668579E-02
4.050000E+02,2.918589E-01,7.626908E-02,2.827216E-01,-2.991376E-01,1.224647E-01,-6.351771E-02
4.055000E+02,3.351185E-01,9.738033E-02,2.937168E-01,-3.696167E-01,1.192276E-01,-7.176386E-02
4.060000E+02,3.764467E-01,1.171399E-01,3.023559E-01,-4.375134E-01,1.149044E-01,-8.142252E-02
4.065000E+02,4.155612E-01,1.354251E-01,3.085820E-01,-5.022412E-01,1.094090E-01,-9.245480E-02
4.070000E+02,4.521848E-01,1.521349E-01,3.123523E-01,-5.632292E-01,1.026624E-01,-1.047835E-01
4.075000E+02,4.860454E-01,1.671892E-01,3.136372E-01,-6.199237E-01,9.459617E-02,-1.182930E-01
4.080000E+02,5.168755E-01,1.805269E-01,3.124199E-01,-6.717903E-01,8.515575E-02,-1.328294E-01
4.085000E+02,5.444117E-01,1.921046E-01,3.086954E-01,-7.183155E-01,7.430334E-02,-1.482023E-01
4.090000E+02,5.683957E-01,2.018940E-01,3.024703E-01,-7.590098E-01,6.202107E-02,-1.641866E-01
4.095000E+02,5.885746E-01,2.098803E-01,2.937621E-01,-7.934103E-01,4.831369E-02,-1.805256E-01
4.100000E+02,6.047023E-01,2.160594E-01,2.825999E-01,-8.210843E-01,3.321109E-02,-1.969349E-01
4.105000E+02,6.165412E-01,2.204359E-01,2.690238E-01,-8.416338E-01,1.677034E-02,-2.131065E-01
4.110000E+02,6.238647E-01,2.230208E-01,2.530854E-01,-8.546996E-01,-9.226114E-04,-2.287141E-01
4.115000E+02,6.264598E-01,2.238292E-01,2.348484E-01,-8.599666E-01,-1.975180E-02,-2.434189E-01
4.120000E+02,6.241309E-01,2.228789E-01,2.143893E-01,-8.571692E-01,-3.957067E-02,-2.568756E-01
4.125000E+02,6.167033E-01,2.201886E-01,1.917982E-01,-8.460973E-01,-6.020208E-02,-2.687391E-01
4.130000E+02,6.040275E-01,2.157765E-01,1.671798E-01,-8.266024E-01,-8.143900E-02,-2.786714E-01
4.135000E+02,5.859844E-01,2.096597E-01,1.406543E-01,-7.986033E-01,-1.030458E-01,-2.863487E-01
4.140000E+02,5.624893E-01,2.018541E-01,1.123588E-01,-7.620929E-01,-1.247604E-01,-2.914682E-01
4.145000E+02,5.334982E-01,1.923736E-01,8.244826E-02,-7.171434E-01,-1.462967E-01,-2.937555E-01
4.150000E+02,4.990117E-01,1.812314E-01,5.109638E-02,-6.639120E-01,-1.673486E-01,-2.929712E-01
4.155000E+02,4.590809E-01,1.684408E-01,1.849671E-02,-6.026461E-01,-1.875932E-01,-2.889173E-01
4.160000E+02,4.138119E-01,1.540162E-01,-1.513676E-02,-5.336866E-01,-2.066963E-01,-2.814432E-01
4.165000E+02,3.633703E-01,1.379752E-01,-4.956917E-02,-4.574716E-01,-2.243168E-01,-2.704511E-01
4.170000E+02,3.079850E-01,1.203406E-01,-8.454460E-02,-3.745382E-01,-2.401131E-01,-2.559003E-01
4.175000E+02,2.479517E-01,1.011427E-01,-1.197864E-01,-2.855229E-01,-2.537489E-01,-2.378109E-01
4.180000E+02,1.836350E-01,8.042218E-02,-1.549978E-01,-1.911610E-01,-2.648992E-01,-2.162669E-01
4.185000E+02,1.154702E-01,5.823241E-02,-1.898630E-01,-9.228389E-02,-2.732575E-01,-1.914174E-01
4.190000E+02,4.396347E-02,3.464257E-02,-2.240492E-01,1.018506E-02,-2.785418E-01,-1.634771E-01
4.195000E+02,-3.030898E-02,9.740151E-03,-2.572082E-01,1.152365E-01,-2.805017E-01,-1.327259E-01
4.200000E+02,-1.067027E-01,-1.636645E-02,-2.889797E-01,2.217830E-01,-2.789243E-01,-9.950653E-02
4.205000E+02,-1.845087E-01,-4.354563E-02,-3.189943E-01,3.286684E-01,-2.736403E-01,-6.422169E-02
4.210000E+02,-2.629582E-01,-7.164073E-02,-3.468777E-01,4.346799E-01,-2.645297E-01,-2.732931E-02
4.215000E+02,-3.412286E-01,-1.004685E-01,-3.722544E-01,5.385605E-01,-2.515265E-01,1.066305E-02
4.220000E+02,-4.184518E-01,-1.298181E-01,-3.947536E-01,6.390240E-01,-2.346231E-01,4.920510E-02
4.225000E+02,-4.937223E-01,-1.594511E-01,-4.140134E-01,7.347716E-01,-2.138734E-01,8.771175E-02
4.230000E+02,-5.661085E-01,-1.891014E-01,-4.296874E-01,8.245087E-01,-1.893953E-01,1.255720E-01
4.235000E+02,-6.346634E-01,-2.184770E-01,-4.414500E-01,9.069638E-01,-1.613719E-01,1.621590E-01
4.240000E+02,-6.984378E-01,-2.472611E-01,-4.490027E-01,9.809073E-01,-1.300516E-01,1.968399E-01
4.245000E+02,-7.564934E-01,-2.751156E-01,-4.520804E-01,1.045171E+00,-9.574732E-02,2.289877E-01
4.250000E+02,-8.079174E-01,-3.016842E-01,-4.504573E-01,1.098669E+00,-5.883386E-02,2.579919E-01
4.255000E+02,-8.518365E-01,-3.265966E-01,-4.439532E-01,1.140415E+00,-1.974457E-02,2.832704E-01
4.260000E+02,-8.874330E-01,-3.494739E-01,-4.324386E-01,1.169541E+00,2.103348E-02,3.042805E-01
4.265000E+02,-9.139587E-01,-3.699341E-01,-4.158405E-01,1.185320E+00,6.296551E-02,3.205306E-01
4.270000E+02,-9.307502E-01,-3.875985E-01,-3.941467E-01,1.187175E+00,1.054761E-01,3.315903E-01
4.275000E+02,-9.372430E-01,-4.020983E-01,-3.674098E-01,1.174698E+00,1.479574E-01,3.371003E-01
4.280000E+02,-9.329847E-01,-4.130820E-01,-3.357504E-01,1.147663E+00,1.897781E-01,3.367815E-01
4.285000E+02,-9.176473E-01,-4.202231E-01,-2.993592E-01,1.106035E+00,2.302935E-01,3.304425E-01
4.290000E+02,-8.910380E-01,-4.232268E-01,-2.584981E-01,1.049977E+00,2.688559E-01,3.179861E-01
4.295000E+02,-8.531085E-01,-4.218386E-01,-2.135004E-01,9.798564E-01,3.048258E-01,2.994141E-01
4.300000E+02,-8.039620E-01,-4.158504E-01,-1.647696E-01,8.962440E-01,3.375827E-01,2.748305E-01
4.305000E+02,-7.438585E-01,-4.051082E-01,-1.127765E-01,7.999149E-01,3.665368E-01,2.444426E-01
4.310000E+02,-6.732178E-01,-3.895179E-01,-5.805643E-02,6.918418E-01,3.911400E-01,2.085612E-01
4.315000E+02,-5.926195E-01,-3.690512E-01,-1.203358E-03,5.731866E-01,4.108967E-01,1.675976E-01
4.320000E+02,-5.028009E-01,-3.437497E-01,5.713569E-02,4.452886E-01,4.253738E-01,1.220595E-01
4.325000E+02,-4.046522E-01,-3.137289E-01,1.162683E-01,3.096489E-01,4.342104E-01,7.254479E-02
4.330000E+02,-2.992091E-01,-2.791806E-01,1.754650E-01,1.679121E-01,4.371255E-01,1.973370E-02
4.335000E+02,-1.876420E-01,-2.403738E-01,2.339690E-01,2.184504E-02,4.339258E-01,-3.562128E-02
4.340000E+02,-7.124388E-02,-1.976543E-01,2.910063E-01,-1.266878E-01,4.245110E-01,-9.270658E-02
4.345000E+02,4.858544E-02,-1.514434E-01,3.457973E-01,-2.757503E-01,4.088781E-01,-1.506603E-01
4.350000E+02,1.703567E-01,-1.022346E-01,3.975678E-01,-4.233631E-01,3.871240E-01,-2.085863E-01
4.355000E+02,2.925106E-01,-5.058829E-02,4.455619E-01,-5.675337E-01,3.594460E-01,-2.655690E-01
4.360000E+02,4.134398E-01,2.873632E-03,4.890537E-01,-7.062867E-01,3.261415E-01,-3.206889E-01
4.365000E+02,5.315109E-01,5.747589E-02,5.273594E-01,-8.376957E-01,2.876043E-01,-3.730390E-01
4.370000E+02,6.450892E-01,1.124986E-01,5.598498E-01,-9.599140E-01,2.443205E-01,-4.217405E-01
4.375000E+02,7.525631E-01,1.671873E-01,5.859613E-01,-1.071206E+00,1.968620E-01,-4.659588E-01
4.380000E+02,8.523692E-01,2.207646E-01,6.052068E-01,-1.169974E+00,1.458781E-01,-5.049193E-01
4.385000E+02,9.430174E-01,2.724417E-01,6.171852E-01,-1.254791E+00,9.208647E-02,-5.379215E-01
4.390000E+02,1.023115E+00,3.214315E-01,6.215906E-01,-1.324421E+00,3.626125E-02,-5.643525E-01
4.395000E+02,1.091392E+00,3.669618E-01,6.182189E-01,-1.377844E+00,-2.077861E-02,-5.836997E-01
4.400000E+02,1.146719E+00,4.082889E-01,6.069742E-01,-1.414273E+00,-7.818287E-02,-5.955603E-01
4.405000E+02,1.188132E+00,4.447107E-01,5.878724E-01,-1.433176E+00,-1.350841E-01,-5.996507E-01
4.410000E+02,1.214850E+00,4.755801E-01,5.610442E-01,-1.434279E+00,-1.906121E-01,-5.958123E-01
4.415000E+02,1.226288E+00,5.003176E-01,5.267347E-01,-1.417580E+00,-2.439091E-01,-5.840161E-01
4.420000E+02,1.222071E+00,5.184228E-01,4.853031E-01,-1.383349E+00,-2.941439E-01,-5.643646E-01
4.425000E+02,1.202043E+00,5.294854E-01,4.372181E-01,-1.332128E+00,-3.405271E-01,-5.370911E-01
4.430000E+02,1.166276E+00,5.331945E-01,3.830536E-01,-1.264722E+00,-3.823243E-01,-5.025572E-01
4.435000E+02,1.115070E+00,5.293466E-01,3.234811E-01,-1.182190E+00,-4.188696E-01,-4.612470E-01
4.440000E+02,1.048950E+00,5.178513E-01,2.592608E-01,-1.085829E+00,-4.495771E-01,-4.137600E-01
4.445000E+02,9.686650E-01,4.987364E-01,1.912310E-01,-9.771547E-01,-4.739516E-01,-3.608009E-01
4.450000E+02,8.751795E-01,4.721493E-01,1.202960E-01,-8.578752E-01,-4.915977E-01,-3.031683E-01
4.455000E+02,7.696583E-01,4.383581E-01,4.741300E-02,-7.298662E-01,-5.022266E-01,-2.417410E-01
4.460000E+02,6.534532E-01,3.977487E-01,-2.642278E-02,-5.951388E-01,-5.056618E-01,-1.774627E-01
4.465000E+02,5.280839E-01,3.508214E-01,-1.001931E-01,-4.558067E-01,-5.018421E-01,-1.113262E-01
4.470000E+02,3.952166E-01,2.981847E-01,-1.728726E-01,-3.140503E-01,-4.908231E-01,-4.435584E-02
4.475000E+02,2.566391E-01,2.405462E-01,-2.434450E-01,-1.720799E-01,-4.727760E-01,2.241030E-02
4.480000E+02,1.142352E-01,1.787033E-01,-3.109192E-01,-3.209825E-02,-4.479851E-01,8.793832E-02
4.485000E+02,-3.004428E-02,1.135308E-01,-3.743453E-01,1.037377E-01,-4.168423E-01,1.512165E-01
4.490000E+02,-1.742104E-01,4.596725E-02,-4.328297E-01,2.333537E-01,-3.798407E-01,2.112731E-01
4.495000E+02,-3.162666E-01,-2.299986E-02,-4.855495E-01,3.547946E-01,-3.375655E-01,2.671926E-01
4.500000E+02,-4.542396E-01,-9.235011E-02,-5.317663E-01,4.662579E-01,-2.906838E-01,3.181317E-01
4.505000E+02,-5.862092E-01,-1.610470E-01,-5.708374E-01,5.661259E-01,-2.399328E-01,3.633336E-01
4.510000E+02,-7.103384E-01,-2.280551E-01,-6.022269E-01,6.529934E-01,-1.861070E-01,4.021404E-01
4.515000E+02,-8.249016E-01,-2.923580E-01,-6.255139E-01,7.256926E-01,-1.300442E-01,4.340038E-01
4.520000E+02,-9.283112E-01,-3.529749E-01,-6.403993E-01,7.833134E-01,-7.261090E-02,4.584939E-01
4.525000E+02,-1.019142E+00,-4.089783E-01,-6.467104E-01,8.252194E-01,-1.468738E-02,4.753051E-01
4.530000E+02,-1.096154E+00,-4.595092E-01,-6.444032E-01,8.510585E-01,4.284730E-02,4.842605E-01
4.535000E+02,-1.158308E+00,-5.037928E-01,-6.335632E-01,8.607686E-01,9.913021E-02,4.853135E-01
4.540000E+02,-1.204786E+00,-5.411514E-01,-6.144028E-01,8.545783E-01,1.533289E-01,4.785466E-01
4.545000E+02,-1.235000E+00,-5.710169E-01,-5.872576E-01,8.330020E-01,2.046551E-01,4.641688E-01
4.550000E+02,-1.248600E+00,-5.929403E-01,-5.525805E-01,7.968293E-01,2.523773E-01,4.425097E-01
4.555000E+02,-1.245479E+00,-6.065996E-01,-5.109332E-01,7.471107E-01,2.958325E-01,4.140124E-01
4.560000E+02,-1.225776E+00,-6.118058E-01,-4.629764E-01,6.851368E-01,3.344357E-01,3.792236E-01
4.565000E+02,-1.189866E+00,-6.085060E-01,-4.094587E-01,6.124143E-01,3.676890E-01,3.387828E-01
4.570000E+02,-1.138361E+00,-5.967840E-01,-3.512035E-01,5.306375E-01,3.951880E-01,2.934095E-01
4.575000E+02,-1.072092E+00,-5.768591E-01,-2.890949E-01,4.416563E-01,4.166270E-01,2.438894E-01
4.580000E+02,-9.920982E-01,-5.490819E-01,-2.240630E-01,3.474417E-01,4.318017E-01,1.910593E-01
4.585000E+02,-8.996072E-01,-5.139278E-01,-1.570686E-01,2.500481E-01,4.406109E-01,1.357921E-01
4.590000E+02,-7.960170E-01,-4.719890E-01,-8.908699E-02,1.515755E-01,4.430555E-01,7.898124E-02
4.595000E+02,-6.828708E-01,-4.239629E-01,-2.109261E-02,5.412944E-02,4.392364E-01,2.152457E-02
4.600000E+02,-5.618331E-01,-3.706408E-01,4.595670E-02,-4.021840E-02,4.293499E-01,-3.569056E-02
4.605000E+02,-4.346624E-01,-3.128928E-01,1.111347E-01,-1.294690E-01,4.136823E-01,-9.180214E-02
4.610000E+02,-3.031839E-01,-2.516530E-01,1.735607E-01,-2.117339E-01,3.926025E-01,-1.459873E-01
4.615000E+02,-1.692607E-01,-1.879030E-01,2.324133E-01,-2.852704E-01,3.665538E-01,-1.974751E-01
4.620000E+02,-3.476544E-02,-1.226544E-01,2.869414E-01,-3.485146E-01,3.360439E-01,-2.455576E-01
4.625000E+02,9.844814E-02,-5.693165E-02,3.364753E-01,-4.001109E-01,3.016352E-01,-2.896002E-01
4.630000E+02,2.285727E-01,8.245685E-03,3.804355E-01,-4.389376E-01,2.639332E-01,-3.290494E-01
4.635000E+02,3.538735E-01,7.188038E-02,4.183392E-01,-4.641284E-01,2.235754E-01,-3.634395E-01
4.640000E+02,4.727130E-01,1.330142E-01,4.498064E-01,-4.750888E-01,1.812197E-01,-3.923972E-01
4.645000E+02,5.835739E-01,1.907436E-01,4.745625E-01,-4.715080E-01,1.375330E-01,-4.156443E-01
4.650000E+02,6.850785E-01,2.442347E-01,4.924404E-01,-4.533647E-01,9.317989E-02,-4.329990E-01
4.655000E+02,7.760075E-01,2.927363E-01,5.033799E-01,-4.209289E-01,4.881196E-02,-4.443747E-01
4.660000E+02,8.553137E-01,3.355912E-01,5.074255E-01,-3.747571E-01,5.057713E-03,-4.497779E-01
4.665000E+02,9.221344E-01,3.722461E-01,5.047224E-01,-3.156831E-01,-3.748662E-02,-4.493042E-01
4.670000E+02,9.757999E-01,4.022594E-01,4.955115E-01,-2.448032E-01,-7.826538E-02,-4.431329E-01
4.675000E+02,1.015839E+00,4.253063E-01,4.801219E-01,-1.634569E-01,-1.167706E-01,-4.315203E-01
4.680000E+02,1.041979E+00,4.411822E-01,4.589633E-01,-7.320342E-02,-1.525482E-01,-4.147923E-01
4.685000E+02,1.054151E+00,4.498040E-01,4.325162E-01,2.420640E-02,-1.852024E-01,-3.933357E-01
4.690000E+02,1.052477E+00,4.512088E-01,4.013220E-01,1.268609E-01,-2.143996E-01,-3.675896E-01
4.695000E+02,1.037271E+00,4.455509E-01,3.659726E-01,2.327217E-01,-2.398705E-01,-3.380355E-01
4.700000E+02,1.009023E+00,4.330960E-01,3.270984E-01,3.396601E-01,-2.614113E-01,-3.051877E-01
4.705000E+02,9.683932E-01,4.142147E-01,2.853575E-01,4.454946E-01,-2.788832E-01,-2.695842E-01
4.710000E+02,9.161931E-01,3.893732E-01,2.414244E-01,5.480301E-01,-2.922115E-01,-2.317763E-01
4.715000E+02,8.533715E-01,3.591230E-01,1.959780E-01,6.450964E-01,-3.013831E-01,-1.923207E-01
4.720000E+02,7.809970E-01,3.240897E-01,1.496919E-01,7.345871E-01,-3.064436E-01,-1.517699E-01
4.725000E+02,7.002387E-01,2.849597E-01,1.032233E-01,8.144965E-01,-3.074928E-01,-1.106649E-01
4.730000E+02,6.123474E-01,2.424674E-01,5.720425E-02,8.829558E-01,-3.046808E-01,-6.952830E-02
4.735000E+02,5.186350E-01,1.973811E-01,1.223255E-02,9.382657E-01,-2.982021E-01,-2.885728E-02
4.740000E+02,4.204546E-01,1.504889E-01,-3.113538E-02,9.789270E-01,-2.882905E-01,1.088109E-02
4.745000E+02,3.191803E-01,1.025850E-01,-7.239114E-02,1.003667E+00,-2.752131E-01,4.925457E-02
4.750000E+02,2.161879E-01,5.445568E-02,-1.110796E-01,1.011463E+00,-2.592645E-01,8.586918E-02
4.755000E+02,1.128357E-01,6.866575E-03,-1.468031E-01,1.001561E+00,-2.407609E-01,1.203718E-01
4.760000E+02,1.044707E-02,-3.944983E-02,-1.792242E-01,9.734883E-01,-2.200341E-01,1.524518E-01
4.765000E+02,-8.970648E-02,-8.380537E-02,-2.080678E-01,9.270651E-01,-1.974260E-01,1.818421E-01
4.770000E+02,-1.864202E-01,-1.255662E-01,-2.331214E-01,8.624078E-01,-1.732837E-01,2.083188E-01
4.775000E+02,-2.785700E-01,-1.641618E-01,-2.542348E-01,7.799292E-01,-1.479539E-01,2.317015E-01
4.780000E+02,-3.651239E-01,-1.990918E-01,-2.713187E-01,6.803333E-01,-1.217791E-01,2.518512E-01
4.785000E+02,-4.451525E-01,-2.299323E-01,-2.843424E-01,5.646055E-01,-9.509336E-02,2.686693E-01
4.790000E+02,-5.178373E-01,-2.563397E-01,-2.933306E-01,4.339986E-01,-6.821899E-02,2.820957E-01
4.795000E+02,-5.824767E-01,-2.780533E-01,-2.983595E-01,2.900144E-01,-4.146342E-02,2.921062E-01
4.800000E+02,-6.384908E-01,-2.948968E-01,-2.995528E-01,1.343814E-01,-1.511693E-02,2.987102E-01
4.805000E+02,-6.854241E-01,-3.067772E-01,-2.970764E-01,-3.097077E-02,1.054931E-02,3.019486E-01
4.810000E+02,-7.229464E-01,-3.136832E-01,-2.911340E-01,-2.039400E-01,3.528470E-02,3.018907E-01
4.815000E+02,-7.508522E-01,-3.156820E-01,-2.819610E-01,-3.822827E-01,5.886024E-02,2.986322E-01
4.820000E+02,-7.690584E-01,-3.129146E-01,-2.698201E-01,-5.636468E-01,8.106919E-02,2.922926E-01
4.825000E+02,-7.776009E-01,-3.055907E-01,-2.549953E-01,-7.456062E-01,1.017274E-01,2.830132E-01
4.830000E+02,-7.766291E-01,-2.939815E-01,-2.377869E-01,-9.256964E-01,1.206733E-01,2.709550E-01
4.835000E+02,-7.664003E-01,-2.784132E-01,-2.185070E-01,-1.101450E+00,1.377678E-01,2.562968E-01
4.840000E+02,-7.472726E-01,-2.592590E-01,-1.974744E-01,-1.270430E+00,1.528940E-01,2.392336E-01
4.845000E+02,-7.196967E-01,-2.369307E-01,-1.750104E-01,-1.430270E+00,1.659564E-01,2.199753E-01
4.850000E+02,-6.842073E-01,-2.118708E-01,-1.514351E-01,-1.578700E+00,1.768809E-01,1.987450E-01
4.855000E+02,-6.414145E-01,-1.845437E-01,-1.270638E-01,-1.713584E+00,1.856137E-01,1.757780E-01
4.860000E+02,-5.919935E-01,-1.554274E-01,-1.022038E-01,-1.832946E+00,1.921212E-01,1.513207E-01
4.865000E+02,-5.366751E-01,-1.250058E-01,-7.715217E-02,-1.934998E+00,1.963891E-01,1.256289E-01
4.870000E+02,-4.762360E-01,-9.376072E-02,-5.219302E-02,-2.018163E+00,1.984219E-01,9.896744E-02
4.875000E+02,-4.114884E-01,-6.216482E-02,-2.759613E-02,-2.081096E+00,1.982430E-01,7.160808E-02
4.880000E+02,-3.432702E-01,-3.067519E-02,-3.615261E-03,-2.122702E+00,1.958934E-01,4.382861E-02
4.885000E+02,-2.724354E-01,2.725655E-04,1.951291E-02,-2.142146E+00,1.914322E-01,1.591105E-02
4.890000E+02,-1.998444E-01,3.026947E-02,4.156969E-02,-2.138869E+00,1.849354E-01,-1.186013E-02
4.895000E+02,-1.263550E-01,5.893744E-02,6.235492E-02,-2.112587E+00,1.764965E-01,-3.919998E-02
4.900000E+02,-5.281340E-02,8.593287E-02,8.168750E-02,-2.063296E+00,1.662251E-01,-6.582539E-02
4.905000E+02,1.995418E-02,1.109493E-01,9.940563E-02,-1.991273E+00,1.542474E-01,-9.145754E-02
4.910000E+02,9.114919E-02,1.337195E-01,1.153670E-01,-1.897067E+00,1.407048E-01,-1.158247E-01
4.915000E+02,1.600084E-01,1.540166E-01,1.294490E-01,-1.781489E+00,1.257540E-01,-1.386651E-01
4.920000E+02,2.258107E-01,1.716547E-01,1.415488E-01,-1.645606E+00,1.095656E-01,-1.597301E-01
4.925000E+02,2.878833E-01,1.864884E-01,1.515834E-01,-1.490720E+00,9.232363E-02,-1.787875E-01
4.930000E+02,3.456076E-01,1.984130E-01,1.594898E-01,-1.318352E+00,7.422385E-02,-1.956246E-01
4.935000E+02,3.984245E-01,2.073624E-01,1.652251E-01,-1.130225E+00,5.547268E-02,-2.100518E-01
4.940000E+02,4.458383E-01,2.133081E-01,1.687669E-01,-9.282354E-01,3.628537E-02,-2.219058E-01
4.945000E+02,4.874212E-01,2.162572E-01,1.701132E-01,-7.144330E-01,1.688419E-02,-2.310526E-01
4.950000E+02,5.228164E-01,2.162500E-01,1.692829E-01,-4.909948E-01,-2.503734E-03,-2.373901E-01
4.955000E+02,5.517403E-01,2.133580E-01,1.663154E-01,-2.601975E-01,-2.164877E-02,-2.408514E-01
4.960000E+02,5.739848E-01,2.076813E-01,1.612716E-01,-2.439071E-02,-4.032135E-02,-2.414060E-01
4.965000E+02,5.894182E-01,1.993462E-01,1.542333E-01,2.140312E-01,-5.829466E-02,-2.390623E-01
4.970000E+02,5.979859E-01,1.885023E-01,1.453031E-01,4.526563E-01,-7.534757E-02,-2.338681E-01
4.975000E+02,5.997100E-01,1.753208E-01,1.346048E-01,6.890827E-01,-9.126753E-02,-2.259114E-01
4.980000E+02,5.946885E-01,1.599912E-01,1.222823E-01,9.209453E-01,-1.058536E-01,-2.153203E-01
4.985000E+02,5.830932E-01,1.427197E-01,1.084993E-01,1.145941E+00,-1.189196E-01,-2.022623E-01
4.990000E+02,5.651680E-01,1.237268E-01,9.343834E-02,1.361853E+00,-1.302966E-01,-1.869422E-01
4.995000E+02,5.412249E-01,1.032453E-01,7.729952E-02,1.566575E+00,-1.398362E-01,-1.696007E-01
5.000000E+02,5.116410E-01,8.151816E-02,6.029908E-02,1.758129E+00,-1.474130E-01,-1.505107E-01
5.005000E+02,4.768533E-01,5.879695E-02,4.266747E-02,1.934690E+00,-1.529268E-01,-1.299741E-01
5.010000E+02,4.373536E-01,3.533993E-02,2.464716E-02,2.094598E+00,-1.563047E-01,-1.083175E-01
5.015000E+02,3.936828E-01,1.141035E-02,6.490131E-03,2.236374E+00,-1.575029E-01,-8.588729E-02
5.020000E+02,3.464245E-01,-1.272514E-02,-1.154498E-02,2.358734E+00,-1.565079E-01,-6.304440E-02
5.025000E+02,2.961978E-01,-3.679828E-02,-2.919606E-02,2.460599E+00,-1.533374E-01,-4.015852E-02
5.030000E+02,2.436499E-01,-6.054078E-02,-4.620096E-02,2.541102E+00,-1.480404E-01,-1.760212E-02
5.035000E+02,1.894484E-01,-8.368619E-02,-6.230111E-02,2.599594E+00,-1.406974E-01,4.255829E-03
5.040000E+02,1.342730E-01,-1.059717E-01,-7.724537E-02,2.635645E+00,-1.314194E-01,2.505614E-02
5.045000E+02,7.880718E-02,-1.271400E-01,-9.079399E-02,2.649048E+00,-1.203469E-01,4.445572E-02
5.050000E+02,2.372959E-02,-1.469416E-01,-1.027226E-01,2.639814E+00,-1.076479E-01,6.213365E-02
5.055000E+02,-3.029430E-02,-1.651366E-01,-1.128260E-01,2.608171E+00,-9.351601E-02,7.779706E-02
5.060000E+02,-8.262074E-02,-1.814976E-01,-1.209225E-01,2.554556E+00,-7.816744E-02,9.118653E-02
5.065000E+02,-1.326359E-01,-1.958114E-01,-1.268568E-01,2.479608E+00,-6.183800E-02,1.020811E-01
5.070000E+02,-1.797636E-01,-2.078820E-01,-1.305042E-01,2.384157E+00,-4.477954E-02,1.103023E-01
5.075000E+02,-2.234732E-01,-2.175332E-01,-1.317731E-01,2.269215E+00,-2.725607E-02,1.157182E-01
5.080000E+02,-2.632859E-01,-2.246109E-01,-1.306077E-01,2.135960E+00,-9.539598E-03,1.182458E-01
5.085000E+02,-2.987813E-01,-2.289859E-01,-1.269902E-01,1.985724E+00,8.094157E-03,1.178531E-01
5.090000E+02,-3.296029E-01,-2.305564E-01,-1.209426E-01,1.819979E+00,2.537027E-02,1.145602E-01
5.095000E+02,-3.554626E-01,-2.292503E-01,-1.125269E-01,1.640316E+00,4.201908E-02,1.084393E-01
5.100000E+02,-3.761442E-01,-2.250277E-01,-1.018461E-01,1.448431E+00,5.778069E-02,9.961393E-02
5.105000E+02,-3.915065E-01,-2.178826E-01,-8.904317E-02,1.246110E+00,7.240930E-02,8.825714E-02
5.110000E+02,-4.014843E-01,-2.078446E-01,-7.430039E-02,1.035203E+00,8.567739E-02,7.458872E-02
5.115000E+02,-4.060893E-01,-1.949805E-01,-5.783698E-02,8.176125E-01,9.737958E-02,5.887167E-02
5.120000E+02,-4.054094E-01,-1.793948E-01,-3.990668E-02,5.952740E-01,1.073362E-01,4.140777E-02
5.125000E+02,-3.996065E-01,-1.612304E-01,-2.079439E-02,3.701346E-01,1.153963E-01,2.253242E-02
5.130000E+02,-3.889141E-01,-1.406683E-01,-8.121110E-04,1.441371E-01,1.214406E-01,2.608846E-03
5.135000E+02,-3.736329E-01,-1.179268E-01,1.970561E-02,-8.079809E-02,1.253834E-01,-1.797825E-02
5.140000E+02,-3.541260E-01,-9.326041E-02,4.040691E-02,-3.027903E-01,1.271740E-01,-3.882949E-02
5.145000E+02,-3.308127E-01,-6.695760E-02,6.092818E-02,-5.200153E-01,1.267982E-01,-5.953793E-02
5.150000E+02,-3.041616E-01,-3.933847E-02,8.090015E-02,-7.307206E-01,1.242780E-01,-7.969635E-02
5.155000E+02,-2.746829E-01,-1.075131E-02,9.995409E-02,-9.332405E-01,1.196721E-01,-9.890458E-02
5.160000E+02,-2.429203E-01,1.843116E-02,1.177284E-01,-1.126010E+00,1.130741E-01,-1.167768E-01
5.165000E+02,-2.094416E-01,4.781626E-02,1.338748E-01,-1.307576E+00,1.046117E-01,-1.329484E-01
5.170000E+02,-1.748299E-01,7.699637E-02,1.480653E-01,-1.476611E+00,9.444439E-02,-1.470832E-01
5.175000E+02,-1.396735E-01,1.055543E-01,1.599980E-01,-1.631921E+00,8.276062E-02,-1.588789E-01
5.180000E+02,-1.045570E-01,1.330694E-01,1.694031E-01,-1.772455E+00,6.977473E-02,-1.680736E-01
5.185000E+02,-7.005122E-02,1.591233E-01,1.760484E-01,-1.897312E+00,5.572329E-02,-1.744501E-01
5.190000E+02,-3.670385E-02,1.833070E-01,1.797447E-01,-2.005747E+00,4.086103E-02,-1.778407E-01
5.195000E+02,-5.030886E-03,2.052267E-01,1.803495E-01,-2.097174E+00,2.545643E-02,-1.781299E-01
5.200000E+02,2.449203E-02,2.245110E-01,1.777707E-01,-2.171168E+00,9.787078E-03,-1.752576E-01
5.205000E+02,5.143721E-02,2.408171E-01,1.719699E-01,-2.227470E+00,-5.865172E-03,-1.692200E-01
5.210000E+02,7.543181E-02,2.538369E-01,1.629635E-01,-2.265981E+00,-2.121913E-02,-1.600704E-01
5.215000E+02,9.616372E-02,2.633033E-01,1.508243E-01,-2.286761E+00,-3.599923E-02,-1.479189E-01
5.220000E+02,1.133865E-01,2.689953E-01,1.356808E-01,-2.290028E+00,-4.994036E-02,-1.329304E-01
5.225000E+02,1.269229E-01,2.707431E-01,1.177168E-01,-2.276151E+00,-6.279260E-02,-1.153227E-01
5.230000E+02,1.366677E-01,2.684320E-01,9.716870E-02,-2.245640E+00,-7.432566E-02,-9.536254E-02
5.235000E+02,1.425887E-01,2.620062E-01,7.432292E-02,-2.199143E+00,-8.433301E-02,-7.336197E-02
5.240000E+02,1.447265E-01,2.514714E-01,4.951165E-02,-2.137434E+00,-9.263559E-02,-4.967284E-02
5.245000E+02,1.431936E-01,2.368957E-01,2.310804E-02,-2.061401E+00,-9.908513E-02,-2.468116E-02
5.250000E+02,1.381716E-01,2.184112E-01,-4.479533E-03,-1.972035E+00,-1.035668E-01,1.199318E-03
5.255000E+02,1.299069E-01,1.962127E-01,-3.281389E-02,-1.870420E+00,-1.060013E-01,2.753406E-02
5.260000E+02,1.187064E-01,1.705569E-01,-6.143612E-02,-1.757716E+00,-1.063467E-01,5.387505E-02
5.265000E+02,1.049306E-01,1.417593E-01,-8.987318E-02,-1.635144E+00,-1.045987E-01,7.976846E-02
5.270000E+02,8.898725E-02,1.101909E-01,-1.176458E-01,-1.503977E+00,-1.007915E-01,1.047623E-01
5.275000E+02,7.132265E-02,7.627351E-02,-1.442768E-01,-1.365519E+00,-9.499664E-02,1.284144E-01
5.280000E+02,5.241340E-02,4.047395E-02,-1.692990E-01,-1.221091E+00,-8.732233E-02,1.502998E-01
5.285000E+02,3.275697E-02,3.297829E-03,-1.922642E-01,-1.072021E+00,-7.791130E-02,1.700184E-01
5.290000E+02,1.286208E-02,-3.471794E-02,-2.127503E-01,-9.196230E-01,-6.693836E-02,1.872017E-01
5.295000E+02,-6.761222E-03,-7.301306E-02,-2.303697E-01,-7.651864E-01,-5.460735E-02,2.015199E-01
5.300000E+02,-2.561146E-02,-1.110124E-01,-2.447762E-01,-6.099621E-01,-4.114748E-02,2.126870E-01
5.305000E+02,-4.320556E-02,-1.481352E-01,-2.556716E-01,-4.551494E-01,-2.680915E-02,2.204667E-01
5.310000E+02,-5.908826E-02,-1.838038E-01,-2.628114E-01,-3.018848E-01,-1.185949E-02,2.246766E-01
5.315000E+02,-7.284115E-02,-2.174537E-01,-2.660101E-01,-1.512318E-01,3.422559E-03,2.251916E-01
5.320000E+02,-8.409092E-02,-2.485426E-01,-2.651448E-01,-4.172087E-03,1.875136E-02,2.219464E-01
5.325000E+02,-9.251684E-02,-2.765594E-01,-2.601581E-01,1.384021E-01,3.383985E-02,2.149373E-01
5.330000E+02,-9.785727E-02,-3.010334E-01,-2.510605E-01,2.756935E-01,4.840485E-02,2.042225E-01
5.335000E+02,-9.991508E-02,-3.215421E-01,-2.379302E-01,4.070040E-01,6.217237E-02,1.899215E-01
5.340000E+02,-9.856177E-02,-3.377193E-01,-2.209134E-01,5.317370E-01,7.488275E-02,1.722138E-01
5.345000E+02,-9.374044E-02,-3.492615E-01,-2.002220E-01,6.493978E-01,8.629552E-02,1.513359E-01
5.350000E+02,-8.546729E-02,-3.559337E-01,-1.761309E-01,7.595927E-01,9.619401E-02,1.275781E-01
5.355000E+02,-7.383173E-02,-3.575745E-01,-1.489744E-01,8.620260E-01,1.043895E-01,1.012794E-01
5.360000E+02,-5.899517E-02,-3.540993E-01,-1.191405E-01,9.564956E-01,1.107247E-01,7.282276E-02
5.365000E+02,-4.118833E-02,-3.455027E-01,-8.706544E-02,1.042887E+00,1.150771E-01,4.262824E-02
5.370000E+02,-2.070718E-02,-3.318598E-01,-5.322635E-02,1.121165E+00,1.173611E-01,1.114666E-02
5.375000E+02,2.092263E-03,-3.133253E-01,-1.813399E-02,1.191367E+00,1.175297E-01,-2.114799E-02
5.380000E+02,2.680053E-02,-2.901325E-01,1.767580E-02,1.253593E+00,1.155759E-01,-5.376642E-02
5.385000E+02,5.296222E-02,-2.625896E-01,5.365074E-02,1.307991E+00,1.115322E-01,-8.621205E-02
5.390000E+02,8.008451E-02,-2.310760E-01,8.923129E-02,1.354755E+00,1.054708E-01,-1.179894E-01
5.395000E+02,1.076465E-01,-1.960363E-01,1.238599E-01,1.394104E+00,9.750185E-02,-1.486121E-01
5.400000E+02,1.351090E-01,-1.579739E-01,1.569902E-01,1.426277E+00,8.777143E-02,-1.776113E-01
5.405000E+02,1.619250E-01,-1.174428E-01,1.880963E-01,1.451519E+00,7.645895E-02,-2.045435E-01
5.410000E+02,1.875503E-01,-7.503967E-02,2.166815E-01,1.470074E+00,6.377369E-02,-2.289976E-01
5.415000E+02,2.114538E-01,-3.139361E-02,2.422865E-01,1.482168E+00,4.995075E-02,-2.506021E-01
5.420000E+02,2.331282E-01,1.284334E-02,2.644974E-01,1.488011E+00,3.524662E-02,-2.690312E-01
5.425000E+02,2.520999E-01,5.700691E-02,2.829525E-01,1.487778E+00,1.993420E-02,-2.840098E-01
5.430000E+02,2.679388E-01,1.004313E-01,2.973481E-01,1.481611E+00,4.297585E-03,-2.953185E-01
5.435000E+02,2.802664E-01,1.424600E-01,3.074441E-01,1.469610E+00,-1.137345E-02,-3.027968E-01
5.440000E+02,2.887643E-01,1.824565E-01,3.130677E-01,1.451834E+00,-2.678900E-02,-3.063454E-01
5.445000E+02,2.931804E-01,2.198146E-01,3.141162E-01,1.428297E+00,-4.166467E-02,-3.059279E-01
5.450000E+02,2.933347E-01,2.539683E-01,3.105590E-01,1.398968E+00,-5.572702E-02,-3.015708E-01
5.455000E+02,2.891233E-01,2.844012E-01,3.024376E-01,1.363778E+00,-6.871880E-02,-2.933627E-01
5.460000E+02,2.805213E-01,3.106546E-01,2.898652E-01,1.322620E+00,-8.040395E-02,-2.814523E-01
5.465000E+02,2.675840E-01,3.323352E-01,2.730246E-01,1.275360E+00,-9.057200E-02,-2.660456E-01
5.470000E+02,2.504467E-01,3.491212E-01,2.521651E-01,1.221841E+00,-9.904212E-02,-2.474018E-01
5.475000E+02,2.293230E-01,3.607676E-01,2.275984E-01,1.161896E+00,-1.056664E-01,-2.258283E-01
5.480000E+02,2.045015E-01,3.671097E-01,1.996931E-01,1.095355E+00,-1.103327E-01,-2.016751E-01
5.485000E+02,1.763414E-01,3.680658E-01,1.688686E-01,1.022060E+00,-1.129664E-01,-1.753282E-01
5.490000E+02,1.452662E-01,3.636382E-01,1.355884E-01,9.418801E-01,-1.135317E-01,-1.472032E-01
5.495000E+02,1.117565E-01,3.539126E-01,1.003524E-01,8.547171E-01,-1.120323E-01,-1.177370E-01
5.500000E+02,7.634219E-02,3.390565E-01,6.368825E-02,7.605255E-01,-1.085105E-01,-8.738077E-02
5.505000E+02,3.959257E-02,3.193161E-01,2.614357E-02,6.593226E-01,-1.030467E-01,-5.659188E-02
5.510000E+02,2.106651E-03,2.950115E-01,-1.172343E-02,5.512019E-01,-9.575680E-02,-2.582596E-02
5.515000E+02,-3.549748E-02,2.665317E-01,-4.935260E-02,4.363444E-01,-8.679025E-02,4.470698E-03
5.520000E+02,-7.259371E-02,2.343271E-01,-8.619071E-02,3.150288E-01,-7.632644E-02,3.386855E-02
5.525000E+02,-1.085590E-01,1.989024E-01,-1.217000E-01,1.876411E-01,-6.457100E-02,6.196174E-02
5.530000E+02,-1.427846E-01,1.608075E-01,-1.553664E-01,5.468071E-02,-5.175153E-02,8.837445E-02
5.535000E+02,-1.746869E-01,1.206289E-01,-1.867074E-01,-8.323395E-02,-3.811288E-02,1.127666E-01
5.540000E+02,-2.037177E-01,7.897943E-02,-2.152790E-01,-2.253630E-01,-2.391221E-02,1.348388E-01
5.545000E+02,-2.293743E-01,3.648867E-02,-2.406820E-01,-3.708451E-01,-9.413862E-03,1.543363E-01
5.550000E+02,-2.512084E-01,-6.207549E-03,-2.625679E-01,-5.186994E-01,5.115882E-03,1.710522E-01
5.555000E+02,-2.688339E-01,-4.847712E-02,-2.806434E-01,-6.678309E-01,1.941392E-02,1.848295E-01
5.560000E+02,-2.819341E-01,-8.970160E-02,-2.946739E-01,-8.170383E-01,3.322536E-02,1.955623E-01
5.565000E+02,-2.902671E-01,-1.292858E-01,-3.044867E-01,-9.650237E-01,4.630826E-02,2.031961E-01
5.570000E+02,-2.936701E-01,-1.666667E-01,-3.099721E-01,-1.110406E+00,5.843802E-02,2.077268E-01
5.575000E+02,-2.920624E-01,-2.013219E-01,-3.110847E-01,-1.251736E+00,6.941132E-02,2.091992E-01
5.580000E+02,-2.854467E-01,-2.327769E-01,-3.078426E-01,-1.387514E+00,7.904960E-02,2.077041E-01
5.585000E+02,-2.739092E-01,-2.606122E-01,-3.003262E-01,-1.516207E+00,8.720188E-02,2.033756E-01
5.590000E+02,-2.576180E-01,-2.844681E-01,-2.886764E-01,-1.636273E+00,9.374700E-02,1.963864E-01
5.595000E+02,-2.368201E-01,-3.040499E-01,-2.730907E-01,-1.746179E+00,9.859524E-02,1.869434E-01
5.600000E+02,-2.118373E-01,-3.191308E-01,-2.538203E-01,-1.844427E+00,1.016891E-01,1.752831E-01
5.605000E+02,-1.830606E-01,-3.295543E-01,-2.311646E-01,-1.929575E+00,1.030038E-01,1.616653E-01
5.610000E+02,-1.509438E-01,-3.352351E-01,-2.054667E-01,-2.000261E+00,1.025465E-01,1.463683E-01
5.615000E+02,-1.159952E-01,-3.361592E-01,-1.771074E-01,-2.055228E+00,1.003554E-01,1.296828E-01
5.620000E+02,-7.876992E-02,-3.323821E-01,-1.464991E-01,-2.093340E+00,9.649827E-02,1.119062E-01
5.625000E+02,-3.986000E-02,-3.240272E-01,-1.140796E-01,-2.113610E+00,9.106990E-02,9.333739E-02
5.630000E+02,1.149572E-04,-3.112819E-01,-8.030551E-02,-2.115214E+00,8.418980E-02,7.427117E-02
5.635000E+02,4.051800E-02,-2.943938E-01,-4.564532E-02,-2.097510E+00,7.599899E-02,5.499358E-02
5.640000E+02,8.070506E-02,-2.736653E-01,-1.057314E-02,-2.060053E+00,6.665671E-02,3.577747E-02
5.645000E+02,1.200352E-01,-2.494483E-01,2.443799E-02,-2.002606E+00,5.633687E-02,1.687862E-02
5.650000E+02,1.578807E-01,-2.221376E-01,5.892237E-02,-1.925151E+00,4.522435E-02,-1.467532E-03
5.655000E+02,1.936366E-01,-1.921643E-01,9.242763E-02,-1.827893E+00,3.351129E-02,-1.904855E-02
5.660000E+02,2.267301E-01,-1.599887E-01,1.245204E-01,-1.711267E+00,2.139337E-02,-3.567697E-02
5.665000E+02,2.566291E-01,-1.260932E-01,1.547916E-01,-1.575932E+00,9.066253E-03,-5.119165E-02
5.670000E+02,2.828498E-01,-9.097461E-02,1.828611E-01,-1.422775E+00,-3.277796E-03,-6.545846E-02
5.675000E+02,3.049637E-01,-5.513723E-02,2.083821E-01,-1.252897E+00,-1.545303E-02,-7.837034E-02
5.680000E+02,3.226038E-01,-1.908540E-02,2.310446E-01,-1.067610E+00,-2.728302E-02,-8.984681E-02
5.685000E+02,3.354689E-01,1.668329E-02,2.505788E-01,-8.684208E-01,-3.860314E-02,-9.983291E-02
5.690000E+02,3.433279E-01,5.168460E-02,2.667577E-01,-6.570151E-01,-4.926259E-02,-1.082978E-01
5.695000E+02,3.460225E-01,8.545381E-02,2.793987E-01,-4.352426E-01,-5.912608E-02,-1.152327E-01
5.700000E+02,3.434684E-01,1.175514E-01,2.883656E-01,-2.050952E-01,-6.807508E-02,-1.206491E-01
5.705000E+02,3.356562E-01,1.475681E-01,2.935687E-01,3.131439E-02,-7.600863E-02,-1.245761E-01
5.710000E+02,3.226507E-01,1.751298E-01,2.949657E-01,2.717760E-01,-8.284381E-02,-1.270578E-01
5.715000E+02,3.045888E-01,1.999009E-01,2.925615E-01,5.140064E-01,-8.851577E-02,-1.281513E-01
5.720000E+02,2.816776E-01,2.215881E-01,2.864067E-01,7.556752E-01,-9.297751E-02,-1.279234E-01
5.725000E+02,2.541904E-01,2.399430E-01,2.765973E-01,9.944297E-01,-9.619928E-02,-1.264492E-01
5.730000E+02,2.224625E-01,2.547641E-01,2.632725E-01,1.227922E+00,-9.816783E-02,-1.238088E-01
5.735000E+02,1.868859E-01,2.658981E-01,2.466127E-01,1.453833E+00,-9.888533E-02,-1.200861E-01
5.740000E+02,1.479039E-01,2.732407E-01,2.268369E-01,1.669899E+00,-9.836832E-02,-1.153668E-01
5.745000E+02,1.060046E-01,2.767373E-01,2.042004E-01,1.873935E+00,-9.664640E-02,-1.097369E-01
5.750000E+02,6.171428E-02,2.763819E-01,1.789909E-01,2.063858E+00,-9.376098E-02,-1.032815E-01
5.755000E+02,1.559024E-02,2.722170E-01,1.515256E-01,2.237707E+00,-8.976400E-02,-9.608427E-02
5.760000E+02,-3.178644E-02,2.643315E-01,1.221473E-01,2.393666E+00,-8.471670E-02,-8.822679E-02
5.765000E+02,-7.981840E-02,2.528598E-01,9.122038E-02,2.530079E+00,-7.868847E-02,-7.978828E-02
5.770000E+02,-1.278995E-01,2.379787E-01,5.912683E-02,2.645467E+00,-7.175580E-02,-7.084570E-02
5.775000E+02,-1.754222E-01,2.199054E-01,2.626175E-02,2.738543E+00,-6.400131E-02,-6.147403E-02
5.780000E+02,-2.217853E-01,1.988944E-01,-6.970974E-03,2.808221E+00,-5.551303E-02,-5.174664E-02
5.785000E+02,-2.664006E-01,1.752341E-01,-4.016329E-02,2.853631E+00,-4.638365E-02,-4.173590E-02
5.790000E+02,-3.087005E-01,1.492436E-01,-7.290759E-02,2.874120E+00,-3.671002E-02,-3.151369E-02
5.795000E+02,-3.481440E-01,1.212686E-01,-1.048014E-01,2.869263E+00,-2.659270E-02,-2.115208E-02
5.800000E+02,-3.842235E-01,9.167730E-02,-1.354519E-01,2.838863E+00,-1.613559E-02,-1.072382E-02
5.805000E+02,-4.164706E-01,6.085669E-02,-1.644809E-01,2.782953E+00,-5.445640E-03,-3.028302E-04
5.810000E+02,-4.444612E-01,2.920763E-02,-1.915289E-01,2.701796E+00,5.367460E-03,1.003551E-02
5.815000E+02,-4.678207E-01,-2.859406E-03,-2.162597E-01,2.595882E+00,1.619156E-02,2.021429E-02
5.820000E+02,-4.862285E-01,-3.492906E-02,-2.383644E-01,2.465924E+00,2.691239E-02,3.015509E-02
5.825000E+02,-4.994215E-01,-6.658583E-02,-2.575659E-01,2.312850E+00,3.741407E-02,3.977841E-02
5.830000E+02,-5.071976E-01,-9.741883E-02,-2.736217E-01,2.137799E+00,4.757957E-02,4.900418E-02
5.835000E+02,-5.094180E-01,-1.270266E-01,-2.863278E-01,1.942109E+00,5.729151E-02,5.775260E-02
5.840000E+02,-5.060096E-01,-1.550221E-01,-2.955214E-01,1.727307E+00,6.643301E-02,6.594517E-02
5.845000E+02,-4.969658E-01,-1.810369E-01,-3.010833E-01,1.495098E+00,7.488874E-02,7.350592E-02
5.850000E+02,-4.823474E-01,-2.047264E-01,-3.029398E-01,1.247351E+00,8.254623E-02,8.036280E-02
5.855000E+02,-4.622821E-01,-2.257741E-01,-3.010644E-01,9.860862E-01,8.929727E-02,8.644919E-02
5.860000E+02,-4.369642E-01,-2.438955E-01,-2.954779E-01,7.134565E-01,9.503959E-02,9.170543E-02
5.865000E+02,-4.066522E-01,-2.588426E-01,-2.862493E-01,4.317347E-01,9.967861E-02,9.608042E-02
5.870000E+02,-3.716672E-01,-2.704070E-01,-2.734947E-01,1.432936E-01,1.031293E-01,9.953312E-02
5.875000E+02,-3.323889E-01,-2.784235E-01,-2.573767E-01,-1.494117E-01,1.053183E-01,1.020339E-01
5.880000E+02,-2.892527E-01,-2.827728E-01,-2.381021E-01,-4.438633E-01,1.061858E-01,1.035657E-01
5.885000E+02,-2.427442E-01,-2.833834E-01,-2.159194E-01,-7.375006E-01,1.056874E-01,1.041251E-01
5.890000E+02,-1.933945E-01,-2.802337E-01,-1.911161E-01,-1.027742E+00,1.037964E-01,1.037228E-01
5.895000E+02,-1.417738E-01,-2.733528E-01,-1.640144E-01,-1.312004E+00,1.005049E-01,1.023843E-01
5.900000E+02,-8.848496E-02,-2.628209E-01,-1.349670E-01,-1.587728E+00,9.582596E-02,1.001492E-01
5.905000E+02,-3.415621E-02,-2.487688E-01,-1.043523E-01,-1.852398E+00,8.979420E-02,9.707149E-02
5.910000E+02,2.056649E-02,-2.313770E-01,-7.256914E-02,-2.103566E+00,8.246698E-02,9.321815E-02
5.915000E+02,7.502764E-02,-2.108737E-01,-4.003060E-02,-2.338876E+00,7.392471E-02,8.866816E-02
5.920000E+02,1.285707E-01,-1.875321E-01,-7.158490E-03,-2.556084E+00,6.427077E-02,8.351079E-02
5.925000E+02,1.805466E-01,-1.616670E-01,2.562314E-02,-2.753083E+00,5.363098E-02,7.784362E-02
5.930000E+02,2.303229E-01,-1.336309E-01,5.789424E-02,-2.927923E+00,4.215249E-02,7.177028E-02
5.935000E+02,2.772923E-01,-1.038088E-01,8.924504E-02,-3.078835E+00,3.000214E-02,6.539786E-02
5.940000E+02,3.208812E-01,-7.261307E-02,1.192822E-01,-3.204249E+00,1.736426E-02,5.883426E-02
5.945000E+02,3.605586E-01,-4.047719E-02,1.476349E-01,-3.302813E+00,4.437986E-03,5.218534E-02
5.950000E+02,3.958434E-01,-7.849459E-03,1.739599E-01,-3.373411E+00,-8.565992E-03,4.555207E-02
5.955000E+02,4.263121E-01,2.481398E-02,1.979472E-01,-3.415177E+00,-2.142907E-02,3.902785E-02
5.960000E+02,4.516054E-01,5.705625E-02,2.193241E-01,-3.427510E+00,-3.392876E-02,3.269580E-02
5.965000E+02,4.714341E-01,8.842698E-02,2.378594E-01,-3.410085E+00,-4.584308E-02,2.662651E-02
5.970000E+02,4.855838E-01,1.184896E-01,2.533662E-01,-3.362857E+00,-5.695503E-02,2.087598E-02
5.975000E+02,4.939189E-01,1.468283E-01,2.657044E-01,-3.286070E+00,-6.705734E-02,1.548400E-02
5.980000E+02,4.963847E-01,1.730554E-01,2.747822E-01,-3.180256E+00,-7.595708E-02,1.047306E-02
5.985000E+02,4.930095E-01,1.968172E-01,2.805564E-01,-3.046237E+00,-8.348025E-02,5.847704E-03
5.990000E+02,4.839039E-01,2.178002E-01,2.830325E-01,-2.885116E+00,-8.947604E-02,1.594516E-03
5.995000E+02,4.692597E-01,2.357364E-01,2.822631E-01,-2.698272E+00,-9.382085E-02,-2.317331E-03
6.000000E+02,4.493474E-01,2.504077E-01,2.783460E-01,-2.487347E+00,-9.642175E-02,-5.934929E-03
6.005000E+02,4.245117E-01,2.616496E-01,2.714214E-01,-2.254231E+00,-9.721942E-02,-9.319913E-03
6.010000E+02,3.951664E-01,2.693536E-01,2.616682E-01,-2.001044E+00,-9.619042E-02,-1.254618E-02
6.015000E+02,3.617877E-01,2.734691E-01,2.492996E-01,-1.730114E+00,-9.334867E-02,-1.569713E-02
6.020000E+02,3.249061E-01,2.740035E-01,2.345581E-01,-1.443953E+00,-8.874618E-02,-1.886246E-02
6.025000E+02,2.850982E-01,2.710220E-01,2.177105E-01,-1.145232E+00,-8.247286E-02,-2.213463E-02
6.030000E+02,2.429763E-01,2.646458E-01,1.990420E-01,-8.367467E-01,-7.465552E-02,-2.560506E-02
6.035000E+02,1.991787E-01,2.550489E-01,1.788501E-01,-5.213935E-01,-6.545585E-02,-2.936025E-02
6.040000E+02,1.543580E-01,2.424550E-01,1.574390E-01,-2.021321E-01,-5.506769E-02,-3.347782E-02
6.045000E+02,1.091703E-01,2.271319E-01,1.351134E-01,1.180453E-01,-4.371333E-02,-3.802268E-02
6.050000E+02,6.426407E-02,2.093866E-01,1.121725E-01,4.361490E-01,-3.163911E-02,-4.304341E-02
6.055000E+02,2.026821E-02,1.895583E-01,8.890524E-02,7.492245E-01,-1.911036E-02,-4.856908E-02
6.060000E+02,-2.221820E-02,1.680117E-01,6.558468E-02,1.054387E+00,-6.405676E-03,-5.460640E-02
6.065000E+02,-6.263649E-02,1.451293E-01,4.246391E-02,1.348851E+00,6.189145E-03,-6.113755E-02
6.070000E+02,-1.004779E-01,1.213039E-01,1.977221E-02,1.629964E+00,1.838758E-02,-6.811864E-02
6.075000E+02,-1.352922E-01,9.693046E-02,-2.287987E-03,1.895234E+00,2.990895E-02,-7.547892E-02
6.080000E+02,-1.666947E-01,7.239822E-02,-2.354334E-02,2.142356E+00,4.048506E-02,-8.312080E-02
6.085000E+02,-1.943731E-01,4.808317E-02,-4.385097E-02,2.369232E+00,4.986663E-02,-9.092067E-02
6.090000E+02,-2.180910E-01,2.434073E-02,-6.309899E-02,2.573999E+00,5.782945E-02,-9.873063E-02
6.095000E+02,-2.376918E-01,1.499079E-03,-8.120617E-02,2.755038E+00,6.418002E-02,-1.063810E-01
6.100000E+02,-2.530997E-01,-2.014685E-02,-9.812079E-02,2.910994E+00,6.876063E-02,-1.136838E-01
6.105000E+02,-2.643192E-01,-4.034046E-02,-1.138187E-01,3.040780E+00,7.145362E-02,-1.204365E-01
6.110000E+02,-2.714335E-01,-5.886772E-02,-1.283005E-01,3.143589E+00,7.218482E-02,-1.264271E-01
6.115000E+02,-2.746005E-01,-7.556020E-02,-1.415885E-01,3.218889E+00,7.092597E-02,-1.314394E-01
6.120000E+02,-2.740479E-01,-9.029712E-02,-1.537227E-01,3.266430E+00,6.769608E-02,-1.352585E-01
6.125000E+02,-2.700661E-01,-1.030061E-01,-1.647566E-01,3.286231E+00,6.256176E-02,-1.376769E-01
6.130000E+02,-2.630007E-01,-1.136629E-01,-1.747526E-01,3.278577E+00,5.563630E-02,-1.385007E-01
6.135000E+02,-2.532430E-01,-1.222898E-01,-1.837776E-01,3.244004E+00,4.707774E-02,-1.375558E-01
6.140000E+02,-2.412202E-01,-1.289530E-01,-1.918979E-01,3.183286E+00,3.708575E-02,-1.346934E-01
6.145000E+02,-2.273842E-01,-1.337588E-01,-1.991752E-01,3.097419E+00,2.589749E-02,-1.297961E-01
6.150000E+02,-2.122011E-01,-1.368493E-01,-2.056618E-01,2.987601E+00,1.378258E-02,-1.227822E-01
6.155000E+02,-1.961388E-01,-1.383965E-01,-2.113973E-01,2.855210E+00,1.037118E-03,-1.136107E-01
6.160000E+02,-1.796564E-01,-1.385966E-01,-2.164049E-01,2.701785E+00,-1.202292E-02,-1.022845E-01
6.165000E+02,-1.631928E-01,-1.376630E-01,-2.206893E-01,2.529003E+00,-2.506893E-02,-8.885255E-02
6.170000E+02,-1.471562E-01,-1.358196E-01,-2.242340E-01,2.338651E+00,-3.776721E-02,-7.341210E-02
6.175000E+02,-1.319142E-01,-1.332935E-01,-2.270010E-01,2.132611E+00,-4.978684E-02,-5.610843E-02
6.180000E+02,-1.177856E-01,-1.303079E-01,-2.289300E-01,1.912830E+00,-6.080749E-02,-3.713430E-02
6.185000E+02,-1.050328E-01,-1.270750E-01,-2.299395E-01,1.681305E+00,-7.052708E-02,-1.672790E-02
6.190000E+02,-9.385576E-02,-1.237902E-01,-2.299279E-01,1.440056E+00,-7.866917E-02,4.830323E-03
6.195000E+02,-8.438765E-02,-1.206253E-01,-2.287760E-01,1.191109E+00,-8.498973E-02,2.722199E-02
6.200000E+02,-7.669223E-02,-1.177239E-01,-2.263505E-01,9.364803E-01,-8.928327E-02,5.009614E-02
6.205000E+02,-7.076284E-02,-1.151971E-01,-2.225075E-01,6.781562E-01,-9.138811E-02,7.307560E-02
6.210000E+02,-6.652317E-02,-1.131196E-01,-2.170972E-01,4.180824E-01,-9.119071E-02,9.576410E-02
6.215000E+02,-6.382992E-02,-1.115282E-01,-2.099692E-01,1.581499E-01,-8.862883E-02,1.177541E-01
6.220000E+02,-6.247701E-02,-1.104202E-01,-2.009778E-01,-9.981554E-02,-8.369362E-02,1.386351E-01
6.225000E+02,-6.220150E-02,-1.097538E-01,-1.899877E-01,-3.540614E-01,-7.643046E-02,1.580024E-01
6.230000E+02,-6.269096E-02,-1.094489E-01,-1.768801E-01,-6.029155E-01,-6.693848E-02,1.754656E-01
6.235000E+02,-6.359211E-02,-1.093901E-01,-1.615584E-01,-8.447914E-01,-5.536896E-02,1.906574E-01
6.240000E+02,-6.452063E-02,-1.094296E-01,-1.439536E-01,-1.078192E+00,-4.192243E-02,2.032419E-01
6.245000E+02,-6.507176E-02,-1.093922E-01,-1.240296E-01,-1.301711E+00,-2.684466E-02,2.129223E-01
6.250000E+02,-6.483158E-02,-1.090804E-01,-1.017880E-01,-1.514037E+00,-1.042166E-02,2.194481E-01
6.255000E+02,-6.338870E-02,-1.082806E-01,-7.727207E-02,-1.713951E+00,7.026398E-03,2.226213E-01
6.260000E+02,-6.034588E-02,-1.067699E-01,-5.056955E-02,-1.900328E+00,2.515186E-02,2.223015E-01
6.265000E+02,-5.533165E-02,-1.043233E-01,-2.181536E-02,-2.072136E+00,4.358708E-02,2.184097E-01
6.270000E+02,-4.801131E-02,-1.007210E-01,8.807410E-03,-2.228437E+00,6.195221E-02,2.109313E-01
6.275000E+02,-3.809734E-02,-9.575568E-02,4.106731E-02,-2.368384E+00,7.986340E-02,1.999173E-01
6.280000E+02,-2.535869E-02,-8.924017E-02,7.468548E-02,-2.491222E+00,9.694101E-02,1.854838E-01
6.285000E+02,-9.629027E-03,-8.101409E-02,1.093378E-01,-2.596289E+00,1.128177E-01,1.678109E-01
6.290000E+02,9.186528E-03,-7.095030E-02,1.446581E-01,-2.683016E+00,1.271464E-01,1.471398E-01
6.295000E+02,3.110617E-02,-5.896061E-02,1.802424E-01,-2.750924E+00,1.396074E-01,1.237681E-01
6.300000E+02,5.606788E-02,-4.500053E-02,2.156546E-01,-2.799634E+00,1.499154E-01,9.804446E-02
6.305000E+02,8.392768E-02,-2.907313E-02,2.504324E-01,-2.828860E+00,1.578254E-01,7.036215E-02
6.310000E+02,1.144597E-01,-1.123174E-02,2.840945E-01,-2.838420E+00,1.631373E-01,4.115116E-02
6.315000E+02,1.473582E-01,8.418643E-03,3.161487E-01,-2.828230E+00,1.657008E-01,1.086989E-02
6.320000E+02,1.822412E-01,2.972101E-02,3.460999E-01,-2.798318E+00,1.654177E-01,-2.000388E-02
6.325000E+02,2.186561E-01,5.246746E-02,3.734588E-01,-2.748816E+00,1.622437E-01,-5.098245E-02
6.330000E+02,2.560866E-01,7.640147E-02,3.977510E-01,-2.679974E+00,1.561893E-01,-8.157776E-02
6.335000E+02,2.939615E-01,1.012214E-01,4.185260E-01,-2.592156E+00,1.473194E-01,-1.113109E-01
6.340000E+02,3.316647E-01,1.265854E-01,4.353653E-01,-2.485846E+00,1.357513E-01,-1.397216E-01
6.345000E+02,3.685460E-01,1.521169E-01,4.478916E-01,-2.361650E+00,1.216520E-01,-1.663767E-01
6.350000E+02,4.039330E-01,1.774114E-01,4.557758E-01,-2.220298E+00,1.052349E-01,-1.908786E-01
6.355000E+02,4.371441E-01,2.020441E-01,4.587448E-01,-2.062642E+00,8.675471E-02,-2.128724E-01
6.360000E+02,4.675008E-01,2.255780E-01,4.565872E-01,-1.889658E+00,6.650250E-02,-2.320521E-01
6.365000E+02,4.943411E-01,2.475726E-01,4.491588E-01,-1.702446E+00,4.479945E-02,-2.481660E-01
6.370000E+02,5.170325E-01,2.675922E-01,4.363866E-01,-1.502221E+00,2.199052E-02,-2.610203E-01
6.375000E+02,5.349839E-01,2.852157E-01,4.182718E-01,-1.290313E+00,-1.562316E-03,-2.704819E-01
6.380000E+02,5.476582E-01,3.000445E-01,3.948916E-01,-1.068160E+00,-2.548703E-02,-2.764793E-01
6.385000E+02,5.545826E-01,3.117117E-01,3.663992E-01,-8.372974E-01,-4.940846E-02,-2.790028E-01
6.390000E+02,5.553590E-01,3.198893E-01,3.330230E-01,-5.993533E-01,-7.295509E-02,-2.781031E-01
6.395000E+02,5.496720E-01,3.242961E-01,2.950645E-01,-3.560338E-01,-9.576554E-02,-2.738883E-01
6.400000E+02,5.372964E-01,3.247036E-01,2.528944E-01,-1.091124E-01,-1.174946E-01,-2.665201E-01
6.405000E+02,5.181030E-01,3.209415E-01,2.069483E-01,1.395835E-01,-1.378189E-01,-2.562092E-01
6.410000E+02,4.920618E-01,3.129022E-01,1.577204E-01,3.881872E-01,-1.564416E-01,-2.432091E-01
6.415000E+02,4.592452E-01,3.005436E-01,1.057571E-01,6.348084E-01,-1.730967E-01,-2.278098E-01
6.420000E+02,4.198277E-01,2.838912E-01,5.164914E-02,8.775487E-01,-1.875523E-01,-2.103310E-01
6.425000E+02,3.740852E-01,2.630385E-01,-3.976926E-03,1.114519E+00,-1.996135E-01,-1.911139E-01
6.430000E+02,3.223921E-01,2.381463E-01,-6.046745E-02,1.343855E+00,-2.091238E-01,-1.705144E-01
6.435000E+02,2.652165E-01,2.094408E-01,-1.171512E-01,1.563737E+00,-2.159665E-01,-1.488951E-01
6.440000E+02,2.031149E-01,1.772103E-01,-1.733488E-01,1.772401E+00,-2.200644E-01,-1.266181E-01
6.445000E+02,1.367241E-01,1.418011E-01,-2.283824E-01,1.968161E+00,-2.213799E-01,-1.040379E-01
6.450000E+02,6.675340E-02,1.036118E-01,-2.815853E-01,2.149420E+00,-2.199131E-01,-8.149515E-02
6.455000E+02,-6.025459E-03,6.308729E-02,-3.323110E-01,2.314687E+00,-2.157007E-01,-5.931082E-02
6.460000E+02,-8.078851E-02,2.071173E-02,-3.799421E-01,2.462588E+00,-2.088129E-01,-3.778126E-02
6.465000E+02,-1.566708E-01,-2.299926E-02,-4.238985E-01,2.591881E+00,-1.993517E-01,-1.717421E-02
6.470000E+02,-2.327779E-01,-6.750663E-02,-4.636447E-01,2.701465E+00,-1.874469E-01,2.274262E-03
6.475000E+02,-3.081980E-01,-1.122563E-01,-4.986972E-01,2.790389E+00,-1.732536E-01,2.036187E-02
6.480000E+02,-3.820141E-01,-1.566877E-01,-5.286297E-01,2.857861E+00,-1.569484E-01,3.692117E-02
6.485000E+02,-4.533156E-01,-2.002424E-01,-5.530783E-01,2.903255E+00,-1.387264E-01,5.181969E-02
6.490000E+02,-5.212103E-01,-2.423721E-01,-5.717453E-01,2.926114E+00,-1.187976E-01,6.495910E-02
6.495000E+02,-5.848360E-01,-2.825471E-01,-5.844026E-01,2.926155E+00,-9.738405E-02,7.627359E-02
6.500000E+02,-6.433710E-01,-3.202634E-01,-5.908927E-01,2.903267E+00,-7.471670E-02,8.572748E-02
6.505000E+02,-6.960446E-01,-3.550495E-01,-5.911303E-01,2.857518E+00,-5.103281E-02,9.331221E-02
6.510000E+02,-7.421462E-01,-3.864731E-01,-5.851020E-01,2.789147E+00,-2.657353E-02,9.904288E-02
6.515000E+02,-7.810341E-01,-4.141460E-01,-5.728652E-01,2.698567E+00,-1.581819E-03,1.029544E-01
6.520000E+02,-8.121430E-01,-4.377291E-01,-5.545460E-01,2.586358E+00,2.369935E-02,1.050974E-01
6.525000E+02,-8.349908E-01,-4.569357E-01,-5.303369E-01,2.453266E+00,4.902844E-02,1.055343E-01
6.530000E+02,-8.491842E-01,-4.715344E-01,-5.004932E-01,2.300192E+00,7.416659E-02,1.043353E-01
6.535000E+02,-8.544229E-01,-4.813512E-01,-4.653287E-01,2.128193E+00,9.887855E-02,1.015748E-01
6.540000E+02,-8.505035E-01,-4.862702E-01,-4.252115E-01,1.938470E+00,1.229335E-01,9.732790E-02
6.545000E+02,-8.373221E-01,-4.862337E-01,-3.805588E-01,1.732363E+00,1.461056E-01,9.166761E-02
6.550000E+02,-8.148752E-01,-4.812417E-01,-3.318315E-01,1.511339E+00,1.681745E-01,8.466275E-02
6.555000E+02,-7.832604E-01,-4.713505E-01,-2.795287E-01,1.276987E+00,1.889262E-01,7.637625E-02
6.560000E+02,-7.426759E-01,-4.566702E-01,-2.241818E-01,1.031007E+00,2.081530E-01,6.686429E-02
6.565000E+02,-6.934188E-01,-4.373627E-01,-1.663486E-01,7.752007E-01,2.256548E-01,5.617610E-02
6.570000E+02,-6.358828E-01,-4.136377E-01,-1.066078E-01,5.114596E-01,2.412393E-01,4.435447E-02
6.575000E+02,-5.705546E-01,-3.857499E-01,-4.555264E-02,2.417551E-01,2.547235E-01,3.143700E-02
6.580000E+02,-4.980103E-01,-3.539946E-01,1.621441E-02,-3.187383E-02,2.659346E-01,1.745785E-02
6.585000E+02,-4.189100E-01,-3.187036E-01,7.808743E-02,-3.073322E-01,2.747115E-01,2.450132E-03
6.590000E+02,-3.339923E-01,-2.802411E-01,1.394623E-01,-5.824824E-01,2.809065E-01,-1.355133E-02
6.595000E+02,-2.440679E-01,-2.389990E-01,1.997421E-01,-8.551577E-01,2.843872E-01,-3.050687E-02
6.600000E+02,-1.500124E-01,-1.953930E-01,2.583416E-01,-1.123177E+00,2.850388E-01,-4.836874E-02
6.605000E+02,-5.275896E-02,-1.498578E-01,3.146924E-01,-1.384357E+00,2.827664E-01,-6.707773E-02
6.610000E+02,4.671022E-02,-1.028429E-01,3.682473E-01,-1.636534E+00,2.774973E-01,-8.655992E-02
6.615000E+02,1.473728E-01,-5.480868E-02,4.184842E-01,-1.877573E+00,2.691839E-01,-1.067237E-01
6.620000E+02,2.481755E-01,-6.222213E-03,4.649104E-01,-2.105390E+00,2.578061E-01,-1.274572E-01
6.625000E+02,3.480440E-01,4.244648E-02,5.070663E-01,-2.317967E+00,2.433738E-01,-1.486260E-01
6.630000E+02,4.458932E-01,9.072813E-02,5.445288E-01,-2.513370E+00,2.259293E-01,-1.700717E-01
6.635000E+02,5.406378E-01,1.381577E-01,5.769146E-01,-2.689768E+00,2.055495E-01,-1.916114E-01
6.640000E+02,6.312031E-01,1.842778E-01,6.038834E-01,-2.845453E+00,1.823476E-01,-2.130374E-01
6.645000E+02,7.165362E-01,2.286418E-01,6.251408E-01,-2.978856E+00,1.564746E-01,-2.341181E-01
6.650000E+02,7.956174E-01,2.708171E-01,6.404406E-01,-3.088564E+00,1.281198E-01,-2.545999E-01
6.655000E+02,8.674713E-01,3.103877E-01,6.495878E-01,-3.173342E+00,9.751137E-02,-2.742101E-01
6.660000E+02,9.311783E-01,3.469578E-01,6.524401E-01,-3.232147E+00,6.491604E-02,-2.926599E-01
6.665000E+02,9.858855E-01,3.801542E-01,6.489105E-01,-3.264144E+00,3.063770E-02,-3.096491E-01
6.670000E+02,1.030818E+00,4.096290E-01,6.389684E-01,-3.268719E+00,-4.984248E-03,-3.248714E-01
6.675000E+02,1.065288E+00,4.350629E-01,6.226413E-01,-3.245496E+00,-4.157753E-02,-3.380195E-01
6.680000E+02,1.088706E+00,4.561675E-01,6.000156E-01,-3.194345E+00,-7.874038E-02,-3.487920E-01
6.685000E+02,1.100592E+00,4.726882E-01,5.712370E-01,-3.115391E+00,-1.160457E-01,-3.568998E-01
6.690000E+02,1.100577E+00,4.844070E-01,5.365109E-01,-3.009018E+00,-1.530457E-01,-3.620728E-01
6.695000E+02,1.088420E+00,4.911448E-01,4.961022E-01,-2.875878E+00,-1.892777E-01,-3.640671E-01
6.700000E+02,1.064005E+00,4.927641E-01,4.503339E-01,-2.716886E+00,-2.242701E-01,-3.626715E-01
6.705000E+02,1.027353E+00,4.891714E-01,3.995865E-01,-2.533221E+00,-2.575489E-01,-3.577140E-01
6.710000E+02,9.786216E-01,4.803192E-01,3.442952E-01,-2.326318E+00,-2.886445E-01,-3.490683E-01
6.715000E+02,9.181100E-01,4.662083E-01,2.849483E-01,-2.097861E+00,-3.170995E-01,-3.366583E-01
6.720000E+02,8.462570E-01,4.468892E-01,2.220829E-01,-1.849768E+00,-3.424753E-01,-3.204634E-01
6.725000E+02,7.636418E-01,4.224634E-01,1.562821E-01,-1.584179E+00,-3.643604E-01,-3.005217E-01
6.730000E+02,6.709801E-01,3.930846E-01,8.816984E-02,-1.303434E+00,-3.823768E-01,-2.769327E-01
6.735000E+02,5.691200E-01,3.589589E-01,1.840599E-02,-1.010054E+00,-3.961874E-01,-2.498584E-01
6.740000E+02,4.590356E-01,3.203450E-01,-5.231931E-02,-7.067146E-01,-4.055024E-01,-2.195241E-01
6.745000E+02,3.418185E-01,2.775535E-01,-1.232920E-01,-3.962215E-01,-4.100854E-01,-1.862165E-01
6.750000E+02,2.186679E-01,2.309456E-01,-1.937810E-01,-8.147898E-02,-4.097584E-01,-1.502818E-01
6.755000E+02,9.087904E-02,1.809313E-01,-2.630455E-01,2.345393E-01,-4.044065E-01,-1.121219E-01
6.760000E+02,-4.016997E-02,1.279668E-01,-3.303426E-01,5.488226E-01,-3.939812E-01,-7.218907E-02
6.765000E+02,-1.730332E-01,7.255140E-02,-3.949355E-01,8.583563E-01,-3.785030E-01,-3.098057E-02
6.770000E+02,-3.062125E-01,1.522350E-02,-4.561018E-01,1.160156E+00,-3.580632E-01,1.096907E-02
6.775000E+02,-4.381751E-01,-4.344409E-02,-5.131419E-01,1.451298E+00,-3.328234E-01,5.309589E-02
6.780000E+02,-5.673715E-01,-1.028493E-01,-5.653872E-01,1.728958E+00,-3.030156E-01,9.481542E-02
6.785000E+02,-6.922541E-01,-1.623668E-01,-6.122090E-01,1.990437E+00,-2.689395E-01,1.355321E-01
6.790000E+02,-8.112967E-01,-2.213544E-01,-6.530261E-01,2.233196E+00,-2.309600E-01,1.746494E-01
6.795000E+02,-9.230139E-01,-2.791599E-01,-6.873131E-01,2.454883E+00,-1.895023E-01,2.115796E-01
6.800000E+02,-1.025981E+00,-3.351284E-01,-7.146074E-01,2.653359E+00,-1.450473E-01,2.457544E-01
6.805000E+02,-1.118851E+00,-3.886104E-01,-7.345164E-01,2.826724E+00,-9.812528E-02,2.766346E-01
6.810000E+02,-1.200376E+00,-4.389693E-01,-7.467232E-01,2.973335E+00,-4.930847E-02,3.037201E-01
6.815000E+02,-1.269424E+00,-4.855892E-01,-7.509925E-01,3.091826E+00,7.962602E-04,3.265588E-01
6.820000E+02,-1.324992E+00,-5.278837E-01,-7.471747E-01,3.181121E+00,5.155602E-02,3.447552E-01
6.825000E+02,-1.366227E+00,-5.653029E-01,-7.352095E-01,3.240445E+00,1.023207E-01,3.579776E-01
6.830000E+02,-1.392433E+00,-5.973415E-01,-7.151284E-01,3.269331E+00,1.524321E-01,3.659651E-01
6.835000E+02,-1.403088E+00,-6.235463E-01,-6.870563E-01,3.267623E+00,2.012334E-01,3.685322E-01
6.840000E+02,-1.397850E+00,-6.435222E-01,-6.512116E-01,3.235474E+00,2.480785E-01,3.655735E-01
6.845000E+02,-1.376563E+00,-6.569391E-01,-6.079050E-01,3.173347E+00,2.923412E-01,3.570661E-01
6.850000E+02,-1.339269E+00,-6.635371E-01,-5.575378E-01,3.082001E+00,3.334243E-01,3.430707E-01
6.855000E+02,-1.286200E+00,-6.631312E-01,-5.005986E-01,2.962484E+00,3.707679E-01,3.237317E-01
6.860000E+02,-1.217787E+00,-6.556151E-01,-4.376587E-01,2.816120E+00,4.038580E-01,2.992759E-01
6.865000E+02,-1.134652E+00,-6.409641E-01,-3.693665E-01,2.644489E+00,4.322330E-01,2.700088E-01
6.870000E+02,-1.037606E+00,-6.192367E-01,-2.964410E-01,2.449410E+00,4.554911E-01,2.363114E-01
6.875000E+02,-9.276384E-01,-5.905757E-01,-2.196642E-01,2.232918E+00,4.732956E-01,1.986337E-01
6.880000E+02,-8.059086E-01,-5.552077E-01,-1.398727E-01,1.997245E+00,4.853795E-01,1.574888E-01
6.885000E+02,-6.737333E-01,-5.134420E-01,-5.794810E-02,1.744791E+00,4.915499E-01,1.134449E-01
6.890000E+02,-5.325718E-01,-4.656675E-01,2.519271E-02,1.478098E+00,4.916899E-01,6.711687E-02
6.895000E+02,-3.840092E-01,-4.123499E-01,1.086083E-01,1.199826E+00,4.857612E-01,1.915700E-02
6.900000E+02,-2.297382E-01,-3.540268E-01,1.913438E-01,9.127256E-01,4.738039E-01,-2.975482E-02
6.905000E+02,-7.153910E-02,-2.913020E-01,2.724418E-01,6.196074E-01,4.559362E-01,-7.892132E-02
6.910000E+02,8.874159E-02,-2.248394E-01,3.509545E-01,3.233176E-01,4.323534E-01,-1.276383E-01
6.915000E+02,2.492134E-01,-1.553558E-01,4.259547E-01,2.670923E-02,4.033246E-01,-1.752051E-01
6.920000E+02,4.079650E-01,-8.361230E-02,4.965473E-01,-2.673839E-01,3.691896E-01,-2.209349E-01
6.925000E+02,5.630877E-01,-1.040652E-02,5.618808E-01,-5.561733E-01,3.303545E-01,-2.641650E-01
6.930000E+02,7.126991E-01,6.343722E-02,6.211574E-01,-8.369408E-01,2.872864E-01,-3.042665E-01
6.935000E+02,8.549669E-01,1.370772E-01,6.736438E-01,-1.107063E+00,2.405074E-01,-3.406530E-01
6.940000E+02,9.881316E-01,2.096642E-01,7.186802E-01,-1.364032E+00,1.905878E-01,-3.727895E-01
6.945000E+02,1.110529E+00,2.803517E-01,7.556892E-01,-1.605481E+00,1.381392E-01,-4.001998E-01
6.950000E+02,1.220613E+00,3.483059E-01,7.841837E-01,-1.829201E+00,8.380638E-02,-4.224729E-01
6.955000E+02,1.316972E+00,4.127158E-01,8.037734E-01,-2.033159E+00,2.825964E-02,-4.392692E-01
6.960000E+02,1.398352E+00,4.728031E-01,8.141708E-01,-2.215518E+00,-2.781393E-02,-4.503245E-01
6.965000E+02,1.463668E+00,5.278319E-01,8.151953E-01,-2.374652E+00,-8.371885E-02,-4.554540E-01
6.970000E+02,1.512027E+00,5.771177E-01,8.067764E-01,-2.509158E+00,-1.387599E-01,-4.545543E-01
6.975000E+02,1.542729E+00,6.200364E-01,7.889561E-01,-2.617869E+00,-1.922507E-01,-4.476045E-01
6.980000E+02,1.555287E+00,6.560320E-01,7.618889E-01,-2.699866E+00,-2.435223E-01,-4.346669E-01
6.985000E+02,1.549430E+00,6.846240E-01,7.258411E-01,-2.754487E+00,-2.919314E-01,-4.158849E-01
6.990000E+02,1.525110E+00,7.054142E-01,6.811888E-01,-2.781331E+00,-3.368683E-01,-3.914816E-01
6.995000E+02,1.482500E+00,7.180921E-01,6.284141E-01,-2.780265E+00,-3.777646E-01,-3.617560E-01
7.000000E+02,1.422000E+00,7.224397E-01,5.681007E-01,-2.751428E+00,-4.141002E-01,-3.270793E-01
7.005000E+02,1.344229E+00,7.183350E-01,5.009269E-01,-2.695227E+00,-4.454100E-01,-2.878888E-01
7.010000E+02,1.250020E+00,7.057551E-01,4.276590E-01,-2.612344E+00,-4.712898E-01,-2.446829E-01
7.015000E+02,1.140413E+00,6.847772E-01,3.491423E-01,-2.503722E+00,-4.914015E-01,-1.980134E-01
7.020000E+02,1.016641E+00,6.555789E-01,2.662915E-01,-2.370568E+00,-5.054777E-01,-1.484785E-01
7.025000E+02,8.801178E-01,6.184381E-01,1.800803E-01,-2.214339E+00,-5.133255E-01,-9.671449E-02
7.030000E+02,7.324234E-01,5.737302E-01,9.152959E-02,-2.036731E+00,-5.148288E-01,-4.338734E-02
7.035000E+02,5.752830E-01,5.219253E-01,1.695748E-03,-1.839668E+00,-5.099510E-01,1.081622E-02
7.040000E+02,4.105478E-01,4.635841E-01,-8.834250E-02,-1.625284E+00,-4.987354E-01,6.519788E-02
7.045000E+02,2.401734E-01,3.993521E-01,-1.774971E-01,-1.395902E+00,-4.813054E-01,1.190570E-01
7.050000E+02,6.619611E-02,3.299532E-01,-2.646841E-01,-1.154018E+00,-4.578635E-01,1.716998E-01
7.055000E+02,-1.092920E-01,2.561819E-01,-3.488374E-01,-9.022704E-01,-4.286895E-01,2.224489E-01
7.060000E+02,-2.841684E-01,1.788952E-01,-4.289218E-01,-6.434166E-01,-3.941374E-01,2.706519E-01
7.065000E+02,-4.563064E-01,9.900266E-02,-5.039469E-01,-3.803055E-01,-3.546314E-01,3.156901E-01
7.070000E+02,-6.236015E-01,1.745623E-02,-5.729795E-01,-1.158450E-01,-3.106614E-01,3.569871E-01
7.075000E+02,-7.839982E-01,-6.476073E-02,-6.351558E-01,1.470291E-01,-2.627768E-01,3.940161E-01
7.080000E+02,-9.355155E-01,-1.466451E-01,-6.896934E-01,4.053875E-01,-2.115801E-01,4.263072E-01
7.085000E+02,-1.076273E+00,-2.271861E-01,-7.359014E-01,6.563409E-01,-1.577198E-01,4.534538E-01
7.090000E+02,-1.204515E+00,-3.053778E-01,-7.731901E-01,8.970761E-01,-1.018816E-01,4.751178E-01
7.095000E+02,-1.318632E+00,-3.802317E-01,-8.010796E-01,1.124890E+00,-4.478032E-02,4.910347E-01
7.100000E+02,-1.417185E+00,-4.507896E-01,-8.192064E-01,1.337226E+00,1.284959E-02,5.010169E-01
7.105000E+02,-1.498922E+00,-5.161357E-01,-8.273291E-01,1.531705E+00,7.026368E-02,5.049568E-01
7.110000E+02,-1.562797E+00,-5.754095E-01,-8.253324E-01,1.706162E+00,1.267174E-01,5.028280E-01
7.115000E+02,-1.607983E+00,-6.278174E-01,-8.132294E-01,1.858671E+00,1.814759E-01,4.946861E-01
7.120000E+02,-1.633885E+00,-6.726437E-01,-7.911624E-01,1.987577E+00,2.338247E-01,4.806679E-01
7.125000E+02,-1.640148E+00,-7.092615E-01,-7.594015E-01,2.091519E+00,2.830787E-01,4.609899E-01
7.130000E+02,-1.626663E+00,-7.371418E-01,-7.183423E-01,2.169452E+00,3.285927E-01,4.359452E-01
7.135000E+02,-1.593572E+00,-7.558620E-01,-6.685011E-01,2.220663E+00,3.697698E-01,4.058999E-01
7.140000E+02,-1.541263E+00,-7.651132E-01,-6.105085E-01,2.244785E+00,4.060705E-01,3.712877E-01
7.145000E+02,-1.470370E+00,-7.647057E-01,-5.451022E-01,2.241803E+00,4.370203E-01,3.326043E-01
7.150000E+02,-1.381765E+00,-7.545733E-01,-4.731171E-01,2.212059E+00,4.622171E-01,2.904005E-01
7.155000E+02,-1.276544E+00,-7.347760E-01,-3.954751E-01,2.156249E+00,4.813366E-01,2.452741E-01
7.160000E+02,-1.156020E+00,-7.055012E-01,-3.131725E-01,2.075416E+00,4.941377E-01,1.978619E-01
7.165000E+02,-1.021701E+00,-6.670621E-01,-2.272674E-01,1.970936E+00,5.004664E-01,1.488303E-01
7.170000E+02,-8.752742E-01,-6.198963E-01,-1.388653E-01,1.844501E+00,5.002578E-01,9.886605E-02
7.175000E+02,-7.185821E-01,-5.645602E-01,-4.910473E-02,1.698096E+00,4.935377E-01,4.866619E-02
7.180000E+02,-5.535999E-01,-5.017239E-01,4.085872E-02,1.533970E+00,4.804224E-01,-1.072028E-03
7.185000E+02,-3.824093E-01,-4.321630E-01,1.298675E-01,1.354605E+00,4.611168E-01,-4.966118E-02
7.190000E+02,-2.071712E-01,-3.567488E-01,2.167781E-01,1.162680E+00,4.359122E-01,-9.643371E-02
7.195000E+02,-3.009680E-02,-2.764379E-01,3.004766E-01,9.610292E-01,4.051814E-01,-1.407516E-01
7.200000E+02,1.465816E-01,-1.922597E-01,3.798940E-01,7.526028E-01,3.693737E-01,-1.820159E-01
7.205000E+02,3.206402E-01,-1.053024E-01,4.540206E-01,5.404206E-01,3.290079E-01,-2.196749E-01
7.210000E+02,4.898938E-01,-1.669876E-02,5.219202E-01,3.275273E-01,2.846651E-01,-2.532328E-01
7.215000E+02,6.522249E-01,7.238940E-02,5.827427E-01,1.169455E-01,2.369791E-01,-2.822562E-01
7.220000E+02,8.056117E-01,1.607876E-01,6.357354E-01,-8.836979E-02,1.866278E-01,-3.063808E-01
7.225000E+02,9.481559E-01,2.473248E-01,6.802539E-01,-2.855769E-01,1.343222E-01,-3.253160E-01
7.230000E+02,1.078107E+00,3.308506E-01,7.157699E-01,-4.719901E-01,8.079637E-02,-3.388490E-01
7.235000E+02,1.193887E+00,4.102510E-01,7.418787E-01,-6.451212E-01,2.679587E-02,-3.468474E-01
7.240000E+02,1.294110E+00,4.844651E-01,7.583041E-01,-8.027165E-01,-2.693315E-02,-3.492607E-01
7.245000E+02,1.377601E+00,5.525005E-01,7.649017E-01,-9.427906E-01,-7.965517E-02,-3.461202E-01
7.250000E+02,1.443409E+00,6.134476E-01,7.616604E-01,-1.063656E+00,-1.306562E-01,-3.375379E-01
7.255000E+02,1.490824E+00,6.664932E-01,7.487016E-01,-1.163946E+00,-1.792542E-01,-3.237037E-01
7.260000E+02,1.519379E+00,7.109327E-01,7.262769E-01,-1.242635E+00,-2.248092E-01,-3.048821E-01
7.265000E+02,1.528861E+00,7.461806E-01,6.947637E-01,-1.299051E+00,-2.667321E-01,-2.814072E-01
7.270000E+02,1.519307E+00,7.717793E-01,6.546589E-01,-1.332882E+00,-3.044931E-01,-2.536763E-01
7.275000E+02,1.491005E+00,7.874057E-01,6.065710E-01,-1.344177E+00,-3.376291E-01,-2.221436E-01
7.280000E+02,1.444491E+00,7.928767E-01,5.512110E-01,-1.333341E+00,-3.657494E-01,-1.873123E-01
7.285000E+02,1.380532E+00,7.881515E-01,4.893812E-01,-1.301124E+00,-3.885409E-01,-1.497257E-01
7.290000E+02,1.300122E+00,7.733321E-01,4.219632E-01,-1.248607E+00,-4.057712E-01,-1.099592E-01
7.295000E+02,1.204460E+00,7.486625E-01,3.499048E-01,-1.177173E+00,-4.172914E-01,-6.860992E-02
7.300000E+02,1.094938E+00,7.145242E-01,2.742062E-01,-1.088487E+00,-4.230365E-01,-2.628809E-02
7.305000E+02,9.731131E-01,6.714306E-01,1.959051E-01,-9.844605E-01,-4.230249E-01,1.639300E-02
7.310000E+02,8.406909E-01,6.200194E-01,1.160618E-01,-8.672182E-01,-4.173569E-01,5.882622E-02
7.315000E+02,6.994965E-01,5.610427E-01,3.574434E-02,-7.390583E-01,-4.062113E-01,1.004197E-01
7.320000E+02,5.514504E-01,4.953556E-01,-4.398668E-02,-6.024120E-01,-3.898414E-01,1.406057E-01
7.325000E+02,3.985398E-01,4.239030E-01,-1.220929E-01,-4.598016E-01,-3.685697E-01,1.788480E-01
7.330000E+02,2.427917E-01,3.477056E-01,-1.975722E-01,-3.137959E-01,-3.427812E-01,2.146502E-01
7.335000E+02,8.624411E-02,2.678444E-01,-2.694725E-01,-1.669676E-01,-3.129167E-01,2.475615E-01
7.340000E+02,-6.908175E-02,1.854442E-01,-3.369036E-01,-2.184987E-02,-2.794650E-01,2.771824E-01
7.345000E+02,-2.212086E-01,1.016570E-01,-3.990495E-01,1.191053E-01,-2.429542E-01,3.031696E-01
7.350000E+02,-3.682297E-01,1.764498E-02,-4.551777E-01,2.535663E-01,-2.039432E-01,3.252390E-01
7.355000E+02,-5.083331E-01,-6.543718E-02,-5.046485E-01,3.793590E-01,-1.630127E-01,3.431689E-01
7.360000E+02,-6.398258E-01,-1.464587E-01,-5.469220E-01,4.945001E-01,-1.207562E-01,3.568006E-01
7.365000E+02,-7.611538E-01,-2.243293E-01,-5.815641E-01,5.972266E-01,-7.777088E-02,3.660393E-01
7.370000E+02,-8.709215E-01,-2.980148E-01,-6.082502E-01,6.860213E-01,-3.464899E-02,3.708534E-01
7.375000E+02,-9.679079E-01,-3.665517E-01,-6.267678E-01,7.596333E-01,8.030471E-03,3.712724E-01
7.380000E+02,-1.051080E+00,-4.290608E-01,-6.370171E-01,8.170940E-01,4.970976E-02,3.673846E-01
7.385000E+02,-1.119602E+00,-4.847584E-01,-6.390105E-01,8.577279E-01,8.985960E-02,3.593340E-01
7.390000E+02,-1.172847E+00,-5.329675E-01,-6.328697E-01,8.811576E-01,1.279858E-01,3.473157E-01
7.395000E+02,-1.210397E+00,-5.731257E-01,-6.188221E-01,8.873054E-01,1.636352E-01,3.315715E-01
7.400000E+02,-1.232046E+00,-6.047921E-01,-5.971952E-01,8.763876E-01,1.964004E-01,3.123845E-01
7.405000E+02,-1.237800E+00,-6.276522E-01,-5.684101E-01,8.489063E-01,2.259241E-01,2.900738E-01
7.410000E+02,-1.227871E+00,-6.415202E-01,-5.329737E-01,8.056349E-01,2.519026E-01,2.649884E-01
7.415000E+02,-1.202672E+00,-6.463403E-01,-4.914697E-01,7.476007E-01,2.740874E-01,2.375012E-01
7.420000E+02,-1.162804E+00,-6.421852E-01,-4.445493E-01,6.760629E-01,2.922877E-01,2.080032E-01
7.425000E+02,-1.109048E+00,-6.292527E-01,-3.929206E-01,5.924876E-01,3.063701E-01,1.768974E-01
7.430000E+02,-1.042348E+00,-6.078614E-01,-3.373375E-01,4.985206E-01,3.162586E-01,1.445927E-01
7.435000E+02,-9.637972E-01,-5.784433E-01,-2.785889E-01,3.959570E-01,3.219341E-01,1.114991E-01
7.440000E+02,-8.746177E-01,-5.415361E-01,-2.174872E-01,2.867096E-01,3.234319E-01,7.802178E-02
7.445000E+02,-7.761441E-01,-4.977730E-01,-1.548566E-01,1.727764E-01,3.208399E-01,4.455657E-02
7.450000E+02,-6.698021E-01,-4.478725E-01,-9.152202E-02,5.620709E-02,3.142952E-01,1.148554E-02
7.455000E+02,-5.570885E-01,-3.926254E-01,-2.829828E-02,-6.093003E-02,3.039810E-01,-2.082697E-02
7.460000E+02,-4.395500E-01,-3.328831E-01,3.402064E-02,-1.765810E-01,2.901224E-01,-5.203783E-02
7.465000E+02,-3.187616E-01,-2.695435E-01,9.467142E-02,-2.887378E-01,2.729821E-01,-8.182800E-02
7.470000E+02,-1.963062E-01,-2.035374E-01,1.529306E-01,-3.954686E-01,2.528561E-01,-1.099051E-01
7.475000E+02,-7.375364E-02,-1.358145E-01,2.081232E-01,-4.949461E-01,2.300689E-01,-1.360052E-01
7.480000E+02,4.735914E-02,-6.732958E-02,2.596298E-01,-5.854736E-01,2.049685E-01,-1.598948E-01
7.485000E+02,1.655467E-01,9.712285E-04,3.068937E-01,-6.655082E-01,1.779216E-01,-1.813713E-01
7.490000E+02,2.793931E-01,6.816376E-02,3.494259E-01,-7.336816E-01,1.493083E-01,-2.002642E-01
7.495000E+02,3.875681E-01,1.333583E-01,3.868100E-01,-7.888173E-01,1.195179E-01,-2.164355E-01
7.500000E+02,4.888417E-01,1.957114E-01,4.187053E-01,-8.299452E-01,8.894337E-02,-2.297792E-01
7.505000E+02,5.820980E-01,2.544367E-01,4.448492E-01,-8.563118E-01,5.797729E-02,-2.402219E-01
7.510000E+02,6.663455E-01,3.088147E-01,4.650584E-01,-8.673884E-01,2.700696E-02,-2.477216E-01
7.515000E+02,7.407274E-01,3.582010E-01,4.792289E-01,-8.628748E-01,-3.589626E-03,-2.522674E-01
7.520000E+02,8.045286E-01,4.020341E-01,4.873354E-01,-8.427004E-01,-3.344792E-02,-2.538787E-01
7.525000E+02,8.571812E-01,4.398406E-01,4.894290E-01,-8.070213E-01,-6.222052E-02,-2.526039E-01
7.530000E+02,8.982682E-01,4.712401E-01,4.856348E-01,-7.562152E-01,-8.958070E-02,-2.485198E-01
7.535000E+02,9.275250E-01,4.959481E-01,4.761476E-01,-6.908732E-01,-1.152256E-01,-2.417298E-01
7.540000E+02,9.448389E-01,5.137775E-01,4.612282E-01,-6.117881E-01,-1.388791E-01,-2.323629E-01
7.545000E+02,9.502468E-01,5.246388E-01,4.411975E-01,-5.199415E-01,-1.602945E-01,-2.205721E-01
7.550000E+02,9.439313E-01,5.285391E-01,4.164311E-01,-4.164875E-01,-1.792565E-01,-2.065330E-01
7.555000E+02,9.262150E-01,5.255793E-01,3.873527E-01,-3.027357E-01,-1.955833E-01,-1.904418E-01
7.560000E+02,8.975530E-01,5.159503E-01,3.544275E-01,-1.801311E-01,-2.091282E-01,-1.725139E-01
7.565000E+02,8.585243E-01,4.999285E-01,3.181552E-01,-5.023428E-02,-2.197805E-01,-1.529815E-01
7.570000E+02,8.098217E-01,4.778695E-01,2.790621E-01,8.530088E-02,-2.274668E-01,-1.320918E-01
7.575000E+02,7.522408E-01,4.502010E-01,2.376946E-01,2.247495E-01,-2.321506E-01,-1.101046E-01
7.580000E+02,6.866675E-01,4.174158E-01,1.946106E-01,3.663385E-01,-2.338333E-01,-8.728993E-02
7.585000E+02,6.140655E-01,3.800625E-01,1.503728E-01,5.082699E-01,-2.325531E-01,-6.392541E-02
7.590000E+02,5.354622E-01,3.387373E-01,1.055413E-01,6.487437E-01,-2.283846E-01,-4.029342E-02
7.595000E+02,4.519351E-01,2.940741E-01,6.066645E-02,7.859805E-01,-2.214373E-01,-1.667821E-02
7.600000E+02,3.645971E-01,2.467352E-01,1.628199E-02,9.182435E-01,-2.118544E-01,6.637193E-03
7.605000E+02,2.745823E-01,1.974014E-01,-2.710095E-02,1.043860E+00,-1.998106E-01,2.937419E-02
7.610000E+02,1.830314E-01,1.467622E-01,-6.899979E-02,1.161240E+00,-1.855096E-01,5.126191E-02
7.615000E+02,9.107793E-02,9.550625E-02,-1.089658E-01,1.268898E+00,-1.691815E-01,7.204059E-02
7.620000E+02,-1.660769E-04,4.431193E-02,-1.465889E-01,1.365465E+00,-1.510798E-01,9.146490E-02
7.625000E+02,-8.962283E-02,-6.161581E-03,-1.815013E-01,1.449711E+00,-1.314777E-01,1.093073E-01
7.630000E+02,-1.762614E-01,-5.528285E-02,-2.133812E-01,1.520553E+00,-1.106645E-01,1.253611E-01
7.635000E+02,-2.591095E-01,-1.024560E-01,-2.419554E-01,1.577068E+00,-8.894170E-02,1.394438E-01
7.640000E+02,-3.372638E-01,-1.471279E-01,-2.670009E-01,1.618505E+00,-6.661862E-02,1.513997E-01
7.645000E+02,-4.098999E-01,-1.887946E-01,-2.883465E-01,1.644290E+00,-4.400828E-02,1.611024E-01
7.650000E+02,-4.762807E-01,-2.270069E-01,-3.058726E-01,1.654034E+00,-2.142292E-02,1.684569E-01
7.655000E+02,-5.357632E-01,-2.613749E-01,-3.195114E-01,1.647534E+00,8.304635E-04,1.734018E-01
7.660000E+02,-5.878048E-01,-2.915716E-01,-3.292457E-01,1.624773E+00,2.245447E-02,1.759099E-01
7.665000E+02,-6.319671E-01,-3.173361E-01,-3.351070E-01,1.585923E+00,4.316554E-02,1.759894E-01
7.670000E+02,-6.679195E-01,-3.384746E-01,-3.371732E-01,1.531337E+00,6.269809E-02,1.736839E-01
7.675000E+02,-6.954404E-01,-3.548615E-01,-3.355659E-01,1.461547E+00,8.080823E-02,1.690722E-01
7.680000E+02,-7.144174E-01,-3.664392E-01,-3.304466E-01,1.377253E+00,9.727733E-02,1.622670E-01
7.685000E+02,-7.248461E-01,-3.732165E-01,-3.220129E-01,1.279316E+00,1.119150E-01,1.534133E-01
7.690000E+02,-7.268271E-01,-3.752668E-01,-3.104942E-01,1.168746E+00,1.245619E-01,1.426865E-01
7.695000E+02,-7.205625E-01,-3.727243E-01,-2.961472E-01,1.046689E+00,1.350916E-01,1.302890E-01
7.700000E+02,-7.063503E-01,-3.657812E-01,-2.792507E-01,9.144114E-01,1.434123E-01,1.164475E-01
7.705000E+02,-6.845783E-01,-3.546819E-01,-2.601007E-01,7.732881E-01,1.494677E-01,1.014086E-01
7.710000E+02,-6.557164E-01,-3.397186E-01,-2.390056E-01,6.247814E-01,1.532376E-01,8.543508E-02
7.715000E+02,-6.203086E-01,-3.212248E-01,-2.162811E-01,4.704263E-01,1.547371E-01,6.880079E-02
7.720000E+02,-5.789639E-01,-2.995692E-01,-1.922451E-01,3.118117E-01,1.540165E-01,5.178617E-02
7.725000E+02,-5.323463E-01,-2.751492E-01,-1.672132E-01,1.505624E-01,1.511589E-01,3.467312E-02
7.730000E+02,-4.811649E-01,-2.483836E-01,-1.414941E-01,-1.167999E-02,1.462789E-01,1.773995E-02
7.735000E+02,-4.261631E-01,-2.197057E-01,-1.153859E-01,-1.732745E-01,1.395194E-01,1.256435E-03
7.740000E+02,-3.681081E-01,-1.895563E-01,-8.917211E-02,-3.325995E-01,1.310489E-01,-1.452104E-02
7.745000E+02,-3.077803E-01,-1.583765E-01,-6.311855E-02,-4.880693E-01,1.210577E-01,-2.935402E-02
7.750000E+02,-2.459626E-01,-1.266014E-01,-3.747081E-02,-6.381513E-01,1.097541E-01,-4.302618E-02
7.755000E+02,-1.834299E-01,-9.465302E-02,-1.245202E-02,-7.813810E-01,9.736018E-02,-5.534706E-02
7.760000E+02,-1.209398E-01,-6.293499E-02,1.173867E-02,-9.163766E-01,8.410761E-02,-6.615518E-02
7.765000E+02,-5.922316E-02,-3.182668E-02,3.492708E-02,-1.041852E+00,7.023301E-02,-7.532064E-02
7.770000E+02,1.024369E-03,-1.678532E-03,5.696441E-02,-1.156628E+00,5.597361E-02,-8.274701E-02
7.775000E+02,5.915010E-02,2.719214E-02,7.772712E-02,-1.259642E+00,4.156289E-02,-8.837241E-02
7.780000E+02,1.145510E-01,5.450452E-02,9.711623E-02,-1.349958E+00,2.722642E-02,-9.217000E-02
7.785000E+02,1.666796E-01,8.001692E-02,1.150562E-01,-1.426772E+00,1.317794E-02,-9.414758E-02
7.790000E+02,2.150486E-01,1.035286E-01,1.314933E-01,-1.489415E+00,-3.841393E-04,-9.434653E-02
7.795000E+02,2.592347E-01,1.248805E-01,1.463937E-01,-1.537362E+00,-1.327987E-02,-9.284001E-02
7.800000E+02,2.988811E-01,1.439558E-01,1.597413E-01,-1.570226E+00,-2.535038E-02,-8.973049E-02
7.805000E+02,3.336995E-01,1.606789E-01,1.715349E-01,-1.587765E+00,-3.645997E-02,-8.514671E-02
7.810000E+02,3.634697E-01,1.750139E-01,1.817862E-01,-1.589877E+00,-4.649762E-02,-7.924008E-02
7.815000E+02,3.880401E-01,1.869626E-01,1.905162E-01,-1.576597E+00,-5.537794E-02,-7.218069E-02
7.820000E+02,4.073255E-01,1.965618E-01,1.977533E-01,-1.548096E+00,-6.304148E-02,-6.415294E-02
7.825000E+02,4.213050E-01,2.038794E-01,2.035302E-01,-1.504674E+00,-6.945446E-02,-5.535099E-02
7.830000E+02,4.300192E-01,2.090109E-01,2.078819E-01,-1.446752E+00,-7.460796E-02,-4.597412E-02
7.835000E+02,4.335658E-01,2.120749E-01,2.108428E-01,-1.374869E+00,-7.851651E-02,-3.622205E-02
7.840000E+02,4.320958E-01,2.132086E-01,2.124457E-01,-1.289673E+00,-8.121630E-02,-2.629040E-02
7.845000E+02,4.258082E-01,2.125632E-01,2.127196E-01,-1.191914E+00,-8.276282E-02,-1.636646E-02
7.850000E+02,4.149451E-01,2.102987E-01,2.116887E-01,-1.082432E+00,-8.322831E-02,-6.625175E-03
7.855000E+02,3.997863E-01,2.065795E-01,2.093720E-01,-9.621543E-01,-8.269880E-02,2.774306E-03
7.860000E+02,3.806435E-01,2.015699E-01,2.057829E-01,-8.320838E-01,-8.127101E-02,1.169166E-02
7.865000E+02,3.578550E-01,1.954296E-01,2.009295E-01,-6.932903E-01,-7.904918E-02,2.000776E-02
7.870000E+02,3.317804E-01,1.883101E-01,1.948152E-01,-5.469035E-01,-7.614184E-02,2.762650E-02
7.875000E+02,3.027950E-01,1.803511E-01,1.874399E-01,-3.941040E-01,-7.265862E-02,3.447582E-02
7.880000E+02,2.712852E-01,1.716777E-01,1.788018E-01,-2.361156E-01,-6.870732E-02,4.050821E-02
7.885000E+02,2.376436E-01,1.623986E-01,1.688988E-01,-7.419749E-02,-6.439112E-02,4.570037E-02
7.890000E+02,2.022650E-01,1.526039E-01,1.577312E-01,9.036310E-02,-5.980610E-02,5.005236E-02
7.895000E+02,1.655424E-01,1.423649E-01,1.453040E-01,2.562584E-01,-5.503922E-02,5.358602E-02
7.900000E+02,1.278639E-01,1.317337E-01,1.316293E-01,4.221672E-01,-5.016656E-02,5.634292E-02
7.905000E+02,8.960993E-02,1.207439E-01,1.167292E-01,5.867616E-01,-4.525216E-02,5.838176E-02
7.910000E+02,5.115039E-02,1.094118E-01,1.006382E-01,7.487144E-01,-4.034721E-02,5.977538E-02
7.915000E+02,1.284317E-02,9.773849E-02,8.340585E-02,9.067056E-01,-3.548983E-02,6.060752E-02
7.920000E+02,-2.496757E-02,8.571232E-02,6.509903E-02,1.059430E+00,-3.070523E-02,6.096929E-02
7.925000E+02,-6.195257E-02,7.331190E-02,4.580391E-02,1.205602E+00,-2.600640E-02,6.095563E-02
7.930000E+02,-9.779829E-02,6.050960E-02,2.562756E-02,1.343969E+00,-2.139517E-02,6.066168E-02
7.935000E+02,-1.322076E-01,4.727529E-02,4.699121E-03,1.473311E+00,-1.686369E-02,6.017937E-02
7.940000E+02,-1.649000E-01,3.358033E-02,-1.682959E-02,1.592455E+00,-1.239624E-02,5.959420E-02
7.945000E+02,-1.956122E-01,1.940161E-02,-3.878403E-02,1.700280E+00,-7.971234E-03,5.898226E-02
7.950000E+02,-2.240982E-01,4.725577E-03,-6.096749E-02,1.795725E+00,-3.563506E-03,5.840779E-02
7.955000E+02,-2.501293E-01,-1.044793E-02,-8.316237E-02,1.877803E+00,8.533569E-04,5.792110E-02
7.960000E+02,-2.734950E-01,-2.610210E-02,-1.051320E-01,1.945604E+00,5.304635E-03,5.755706E-02
7.965000E+02,-2.940028E-01,-4.220003E-02,-1.266234E-01,1.998309E+00,9.812139E-03,5.733419E-02
7.970000E+02,-3.114792E-01,-5.868204E-02,-1.473700E-01,2.035196E+00,1.439200E-02,5.725429E-02
7.975000E+02,-3.257701E-01,-7.546369E-02,-1.670960E-01,2.055653E+00,1.905270E-02,5.730272E-02
7.980000E+02,-3.367420E-01,-9.243440E-02,-1.855201E-01,2.059186E+00,2.379330E-02,5.744923E-02
7.985000E+02,-3.442834E-01,-1.094569E-01,-2.023607E-01,2.045429E+00,2.860208E-02,5.764944E-02
7.990000E+02,-3.483056E-01,-1.263676E-01,-2.173407E-01,2.014151E+00,3.345556E-02,5.784667E-02
7.995000E+02,-3.487447E-01,-1.429773E-01,-2.301932E-01,1.965267E+00,3.831788E-02,5.797440E-02
8.000000E+02,-3.455631E-01,-1.590737E-01,-2.406666E-01,1.898841E+00,4.314071E-02,5.795902E-02
8.005000E+02,-3.387514E-01,-1.744236E-01,-2.485308E-01,1.815099E+00,4.786358E-02,5.772281E-02
8.010000E+02,-3.283302E-01,-1.887770E-01,-2.535821E-01,1.714427E+00,5.241475E-02,5.718729E-02
8.015000E+02,-3.143519E-01,-2.018710E-01,-2.556488E-01,1.597377E+00,5.671242E-02,5.627647E-02
8.020000E+02,-2.969025E-01,-2.134350E-01,-2.545961E-01,1.464673E+00,6.066650E-02,5.492020E-02
8.025000E+02,-2.761029E-01,-2.231965E-01,-2.503305E-01,1.317204E+00,6.418068E-02,5.305737E-02
8.030000E+02,-2.521104E-01,-2.308866E-01,-2.428036E-01,1.156026E+00,6.715489E-02,5.063890E-02
8.035000E+02,-2.251195E-01,-2.362468E-01,-2.320157E-01,9.823586E-01,6.948802E-02,4.763039E-02
8.040000E+02,-1.953624E-01,-2.390353E-01,-2.180174E-01,7.975759E-01,7.108086E-02,4.401438E-02
8.045000E+02,-1.631090E-01,-2.390338E-01,-2.009121E-01,6.031999E-01,7.183914E-02,3.979212E-02
8.050000E+02,-1.286661E-01,-2.360539E-01,-1.808555E-01,4.008890E-01,7.167666E-02,3.498476E-02
8.055000E+02,-9.237633E-02,-2.299432E-01,-1.580560E-01,1.924247E-01,7.051833E-02,2.963404E-02
8.060000E+02,-5.461619E-02,-2.205911E-01,-1.327727E-01,-2.030335E-02,6.830319E-02,2.380220E-02
8.065000E+02,-1.579331E-02,-2.079340E-01,-1.053132E-01,-2.353151E-01,6.498705E-02,1.757139E-02
8.070000E+02,2.365692E-02,-1.919599E-01,-7.602967E-02,-4.505592E-01,6.054500E-02,1.104233E-02
8.075000E+02,6.327547E-02,-1.727116E-01,-4.531489E-02,-6.639343E-01,5.497349E-02,4.332442E-03
8.080000E+02,1.025845E-01,-1.502897E-01,-1.359636E-02,-8.733113E-01,4.829193E-02,-2.426700E-03
8.085000E+02,1.410931E-01,-1.248540E-01,1.866982E-02,-1.076557E+00,4.054390E-02,-9.092348E-03
8.090000E+02,1.783029E-01,-9.662381E-02,5.100603E-02,-1.271559E+00,3.179773E-02,-1.551407E-02
8.095000E+02,2.137155E-01,-6.587715E-02,8.292075E-02,-1.456250E+00,2.214659E-02,-2.153760E-02
8.100000E+02,2.468388E-01,-3.294879E-02,1.139168E-01,-1.628635E+00,1.170787E-02,-2.700893E-02
8.105000E+02,2.771954E-01,1.773166E-03,1.434997E-01,-1.786814E+00,6.221502E-04,-3.177861E-02
8.110000E+02,3.043293E-01,3.785168E-02,1.711867E-01,-1.929007E+00,-1.094864E-02,-3.570606E-02
8.115000E+02,3.278145E-01,7.480649E-02,1.965152E-01,-2.053580E+00,-2.282345E-02,-3.866389E-02
8.120000E+02,3.472622E-01,1.121209E-01,2.190514E-01,-2.159062E+00,-3.480498E-02,-4.054194E-02
8.125000E+02,3.623287E-01,1.492493E-01,2.383988E-01,-2.244173E+00,-4.668297E-02,-4.125115E-02
8.130000E+02,3.727219E-01,1.856262E-01,2.542059E-01,-2.307833E+00,-5.823796E-02,-4.072694E-02
8.135000E+02,3.782086E-01,2.206749E-01,2.661731E-01,-2.349187E+00,-6.924537E-02,-3.893215E-02
8.140000E+02,3.786201E-01,2.538179E-01,2.740597E-01,-2.367613E+00,-7.947984E-02,-3.585939E-02
8.145000E+02,3.738572E-01,2.844867E-01,2.776887E-01,-2.362731E+00,-8.871981E-02,-3.153272E-02
8.150000E+02,3.638946E-01,3.121324E-01,2.769517E-01,-2.334418E+00,-9.675214E-02,-2.600863E-02
8.155000E+02,3.487838E-01,3.362360E-01,2.718119E-01,-2.282803E+00,-1.033767E-01,-1.937627E-02
8.160000E+02,3.286549E-01,3.563184E-01,2.623060E-01,-2.208274E+00,-1.084109E-01,-1.175684E-02
8.165000E+02,3.037175E-01,3.719503E-01,2.485453E-01,-2.111472E+00,-1.116940E-01,-3.302279E-03
8.170000E+02,2.742598E-01,3.827611E-01,2.307147E-01,-1.993286E+00,-1.130911E-01,5.806917E-03
8.175000E+02,2.406468E-01,3.884470E-01,2.090708E-01,-1.854846E+00,-1.124968E-01,1.536455E-02
8.180000E+02,2.033163E-01,3.887785E-01,1.839389E-01,-1.697504E+00,-1.098383E-01,2.514233E-02
8.185000E+02,1.627747E-01,3.836065E-01,1.557077E-01,-1.522828E+00,-1.050779E-01,3.489408E-02
8.190000E+02,1.195905E-01,3.728665E-01,1.248242E-01,-1.332575E+00,-9.821528E-02,4.436051E-02
8.195000E+02,7.438702E-02,3.565827E-01,9.178629E-02,-1.128673E+00,-8.928842E-02,5.327449E-02
8.200000E+02,2.783379E-02,3.348694E-01,5.713476E-02,-9.132004E-01,-7.837445E-02,6.136660E-02
8.205000E+02,-1.936312E-02,3.079311E-01,2.144457E-02,-6.883587E-01,-6.558946E-02,6.837096E-02
8.210000E+02,-6.647165E-02,2.760615E-01,-1.468491E-02,-4.564461E-01,-5.108762E-02,7.403117E-02
8.215000E+02,-1.127450E-01,2.396402E-01,-5.064012E-02,-2.198301E-01,-3.505956E-02,7.810627E-02
8.220000E+02,-1.574336E-01,1.991284E-01,-8.580383E-02,1.908053E-02,-1.773001E-02,8.037648E-02
8.225000E+02,-1.997975E-01,1.550624E-01,-1.195660E-01,2.578645E-01,6.452859E-04,8.064875E-02
8.230000E+02,-2.391183E-01,1.080464E-01,-1.513347E-01,4.941168E-01,1.978321E-02,7.876191E-02
8.235000E+02,-2.747124E-01,5.874326E-02,-1.805465E-01,7.254765E-01,3.937765E-02,7.459125E-02
8.240000E+02,-3.059424E-01,7.864483E-03,-2.066767E-01,9.496543E-01,5.910432E-02,6.805260E-02
8.245000E+02,-3.322291E-01,-4.384084E-02,-2.292493E-01,1.164458E+00,7.862605E-02,5.910558E-02
8.250000E+02,-3.530626E-01,-9.559810E-02,-2.478455E-01,1.367818E+00,9.759846E-02,4.775620E-02
8.255000E+02,-3.680120E-01,-1.466198E-01,-2.621119E-01,1.557807E+00,1.156759E-01,3.405846E-02
8.260000E+02,-3.767346E-01,-1.961185E-01,-2.717672E-01,1.732663E+00,1.325176E-01,1.811518E-02
8.265000E+02,-3.789835E-01,-2.433201E-01,-2.766079E-01,1.890809E+00,1.477936E-01,7.779151E-05
8.270000E+02,-3.746139E-01,-2.874772E-01,-2.765125E-01,2.030860E+00,1.611913E-01,-1.985475E-02
8.275000E+02,-3.635874E-01,-3.278815E-01,-2.714448E-01,2.151647E+00,1.724209E-01,-4.143805E-02
8.280000E+02,-3.459753E-01,-3.638765E-01,-2.614545E-01,2.252216E+00,1.812213E-01,-6.438526E-02
8.285000E+02,-3.219594E-01,-3.948692E-01,-2.466780E-01,2.331840E+00,1.873657E-01,-8.837096E-02
8.290000E+02,-2.918314E-01,-4.203403E-01,-2.273361E-01,2.390024E+00,1.906658E-01,-1.130358E-01
8.295000E+02,-2.559902E-01,-4.398541E-01,-2.037308E-01,2.426501E+00,1.909768E-01,-1.379922E-01
8.300000E+02,-2.149373E-01,-4.530663E-01,-1.762411E-01,2.441234E+00,1.882002E-01,-1.628301E-01
8.305000E+02,-1.692705E-01,-4.597308E-01,-1.453168E-01,2.434406E+00,1.822874E-01,-1.871238E-01
8.310000E+02,-1.196757E-01,-4.597046E-01,-1.114707E-01,2.406420E+00,1.732415E-01,-2.104394E-01
8.315000E+02,-6.691749E-02,-4.529510E-01,-7.527071E-02,2.357881E+00,1.611181E-01,-2.323418E-01
8.320000E+02,-1.182719E-02,-4.395412E-01,-3.733003E-02,2.289590E+00,1.460266E-01,-2.524028E-01
8.325000E+02,4.470929E-02,-4.196537E-01,1.703244E-03,2.202526E+00,1.281286E-01,-2.702085E-01
8.330000E+02,1.017655E-01,-3.935720E-01,4.115719E-02,2.097830E+00,1.076373E-01,-2.853671E-01
8.335000E+02,1.583891E-01,-3.616810E-01,8.034758E-02,1.976789E+00,8.481437E-02,-2.975166E-01
8.340000E+02,2.136175E-01,-3.244603E-01,1.185898E-01,1.840818E+00,5.996722E-02,-3.063315E-01
8.345000E+02,2.664937E-01,-2.824776E-01,1.552106E-01,1.691439E+00,3.344454E-02,-3.115298E-01
8.350000E+02,3.160826E-01,-2.363790E-01,1.895600E-01,1.530260E+00,5.631469E-03,-3.128790E-01
8.355000E+02,3.614867E-01,-1.868787E-01,2.210229E-01,1.358957E+00,-2.305610E-02,-3.102011E-01
8.360000E+02,4.018622E-01,-1.347477E-01,2.490293E-01,1.179250E+00,-5.217784E-02,-3.033776E-01
8.365000E+02,4.364338E-01,-8.080060E-02,2.730653E-01,9.928883E-01,-8.127584E-02,-2.923528E-01
8.370000E+02,4.645090E-01,-2.588250E-02,2.926813E-01,8.016241E-01,-1.098820E-01,-2.771368E-01
8.375000E+02,4.854911E-01,2.914518E-02,3.075010E-01,6.071986E-01,-1.375256E-01,-2.578063E-01
8.380000E+02,4.988909E-01,8.341897E-02,3.172276E-01,4.113220E-01,-1.637412E-01,-2.345060E-01
8.385000E+02,5.043363E-01,1.360878E-01,3.216493E-01,2.156569E-01,-1.880767E-01,-2.074474E-01
8.390000E+02,5.015810E-01,1.863271E-01,3.206436E-01,2.180314E-02,-2.101011E-01,-1.769071E-01
8.395000E+02,4.905103E-01,2.333528E-01,3.141794E-01,-1.687163E-01,-2.294121E-01,-1.432239E-01
8.400000E+02,4.711454E-01,2.764341E-01,3.023180E-01,-3.544673E-01,-2.456438E-01,-1.067949E-01
8.405000E+02,4.436450E-01,3.149058E-01,2.852122E-01,-5.341153E-01,-2.584733E-01,-6.807017E-02
8.410000E+02,4.083051E-01,3.481795E-01,2.631042E-01,-7.064337E-01,-2.676270E-01,-2.754717E-02
8.415000E+02,3.655557E-01,3.757530E-01,2.363211E-01,-8.703109E-01,-2.728864E-01,1.423669E-02
8.420000E+02,3.159564E-01,3.972185E-01,2.052702E-01,-1.024756E+00,-2.740924E-01,5.671156E-02
8.425000E+02,2.601886E-01,4.122697E-01,1.704316E-01,-1.168899E+00,-2.711498E-01,9.928365E-02
8.430000E+02,1.990461E-01,4.207059E-01,1.323506E-01,-1.301998E+00,-2.640293E-01,1.413442E-01
8.435000E+02,1.334234E-01,4.224356E-01,9.162782E-02,-1.423434E+00,-2.527699E-01,1.822790E-01
8.440000E+02,6.430254E-02,4.174771E-01,4.890983E-02,-1.532708E+00,-2.374789E-01,2.214781E-01
8.445000E+02,-7.262098E-03,4.059581E-01,4.877619E-03,-1.629443E+00,-2.183316E-01,2.583454E-01
8.450000E+02,-8.016028E-02,3.881128E-01,-3.976471E-02,-1.713377E+00,-1.955694E-01,2.923087E-01
8.455000E+02,-1.532435E-01,3.642775E-01,-8.430190E-02,-1.784355E+00,-1.694968E-01,3.228293E-01
8.460000E+02,-2.253437E-01,3.348840E-01,-1.280196E-01,-1.842323E+00,-1.404772E-01,3.494110E-01
8.465000E+02,-2.952921E-01,3.004524E-01,-1.702165E-01,-1.887324E+00,-1.089277E-01,3.716088E-01
8.470000E+02,-3.619385E-01,2.615810E-01,-2.102160E-01,-1.919486E+00,-7.531304E-02,3.890368E-01
8.475000E+02,-4.241709E-01,2.189360E-01,-2.473775E-01,-1.939011E+00,-4.013790E-02,4.013756E-01
8.480000E+02,-4.809340E-01,1.732397E-01,-2.811069E-01,-1.946174E+00,-3.939354E-03,4.083782E-01
8.485000E+02,-5.312472E-01,1.252578E-01,-3.108669E-01,-1.941307E+00,3.272209E-02,4.098751E-01
8.490000E+02,-5.742219E-01,7.578592E-02,-3.361851E-01,-1.924791E+00,6.927168E-02,4.057783E-01
8.495000E+02,-6.090772E-01,2.563612E-02,-3.566620E-01,-1.897052E+00,1.051300E-01,3.960837E-01
8.500000E+02,-6.351534E-01,-2.437737E-02,-3.719769E-01,-1.858546E+00,1.397231E-01,3.808722E-01
8.505000E+02,-6.519247E-01,-7.345177E-02,-3.818932E-01,-1.809759E+00,1.724919E-01,3.603099E-01
8.510000E+02,-6.590085E-01,-1.208094E-01,-3.862615E-01,-1.751192E+00,2.029026E-01,3.346462E-01
8.515000E+02,-6.561737E-01,-1.657105E-01,-3.850214E-01,-1.683364E+00,2.304553E-01,3.042109E-01
8.520000E+02,-6.433453E-01,-2.074656E-01,-3.782020E-01,-1.606799E+00,2.546938E-01,2.694096E-01
8.525000E+02,-6.206073E-01,-2.454465E-01,-3.659203E-01,-1.522028E+00,2.752134E-01,2.307183E-01
8.530000E+02,-5.882022E-01,-2.790964E-01,-3.483789E-01,-1.429583E+00,2.916683E-01,1.886762E-01
8.535000E+02,-5.465284E-01,-3.079380E-01,-3.258614E-01,-1.329995E+00,3.037781E-01,1.438776E-01
8.540000E+02,-4.961351E-01,-3.315814E-01,-2.987269E-01,-1.223796E+00,3.113333E-01,9.696285E-02
8.545000E+02,-4.377136E-01,-3.497286E-01,-2.674036E-01,-1.111516E+00,3.141993E-01,4.860811E-02
8.550000E+02,-3.720872E-01,-3.621781E-01,-2.323802E-01,-9.936854E-01,3.123193E-01,-4.851189E-04
8.555000E+02,-3.001986E-01,-3.688261E-01,-1.941975E-01,-8.708373E-01,3.057153E-01,-4.960139E-02
8.560000E+02,-2.230947E-01,-3.696672E-01,-1.534389E-01,-7.435097E-01,2.944887E-01,-9.802290E-02
8.565000E+02,-1.419100E-01,-3.647928E-01,-1.107198E-01,-6.122487E-01,2.788184E-01,-1.450412E-01
8.570000E+02,-5.784879E-02,-3.543875E-01,-6.667724E-02,-4.776125E-01,2.589583E-01,-1.899688E-01
8.575000E+02,2.783476E-02,-3.387246E-01,-2.195912E-02,-3.401749E-01,2.352326E-01,-2.321508E-01
8.580000E+02,1.138568E-01,-3.181597E-01,2.278672E-02,-2.005295E-01,2.080306E-01,-2.709754E-01
8.585000E+02,1.989245E-01,-2.931227E-01,6.692299E-02,-5.929331E-02,1.777998E-01,-3.058842E-01
8.590000E+02,2.817574E-01,-2.641091E-01,1.098332E-01,8.288917E-02,1.450383E-01,-3.363819E-01
8.595000E+02,3.611083E-01,-2.316696E-01,1.509313E-01,2.253433E-01,1.102856E-01,-3.620441E-01
8.600000E+02,4.357832E-01,-1.964001E-01,1.896705E-01,3.673618E-01,7.411310E-02,-3.825246E-01
8.605000E+02,5.046614E-01,-1.589296E-01,2.255513E-01,5.082031E-01,3.711422E-02,-3.975608E-01
8.610000E+02,5.667129E-01,-1.199088E-01,2.581287E-01,6.470904E-01,-1.064702E-04,-4.069787E-01
8.615000E+02,6.210158E-01,-7.999800E-02,2.870177E-01,7.832129E-01,-3.694400E-02,-4.106945E-01
8.620000E+02,6.667704E-01,-3.985546E-02,3.118982E-01,9.157270E-01,-7.280377E-02,-4.087168E-01
8.625000E+02,7.033123E-01,-1.257928E-04,3.325185E-01,1.043759E+00,-1.071122E-01,-4.011454E-01
8.630000E+02,7.301226E-01,3.857102E-02,3.486970E-01,1.166412E+00,-1.393268E-01,-3.881692E-01
8.635000E+02,7.468353E-01,7.564995E-02,3.603237E-01,1.282766E+00,-1.689459E-01,-3.700627E-01
8.640000E+02,7.532431E-01,1.105703E-01,3.673590E-01,1.391893E+00,-1.955173E-01,-3.471808E-01
8.645000E+02,7.492994E-01,1.428439E-01,3.698322E-01,1.492859E+00,-2.186463E-01,-3.199518E-01
8.650000E+02,7.351180E-01,1.720427E-01,3.678391E-01,1.584736E+00,-2.380021E-01,-2.888695E-01
8.655000E+02,7.109702E-01,1.978038E-01,3.615372E-01,1.666614E+00,-2.533233E-01,-2.544844E-01
8.660000E+02,6.772789E-01,2.198348E-01,3.511414E-01,1.737613E+00,-2.644224E-01,-2.173933E-01
8.665000E+02,6.346106E-01,2.379162E-01,3.369180E-01,1.796893E+00,-2.711882E-01,-1.782282E-01
8.670000E+02,5.836643E-01,2.519031E-01,3.191782E-01,1.843669E+00,-2.735868E-01,-1.376455E-01
8.675000E+02,5.252590E-01,2.617252E-01,2.982709E-01,1.877227E+00,-2.716620E-01,-9.631362E-02
8.680000E+02,4.603191E-01,2.673856E-01,2.745753E-01,1.896934E+00,-2.655328E-01,-5.490126E-02
8.685000E+02,3.898573E-01,2.689580E-01,2.484937E-01,1.902253E+00,-2.553911E-01,-1.406557E-02
8.690000E+02,3.149576E-01,2.665828E-01,2.204427E-01,1.892757E+00,-2.414965E-01,2.555938E-02
8.695000E+02,2.367563E-01,2.604618E-01,1.908464E-01,1.868141E+00,-2.241709E-01,6.337359E-02
8.700000E+02,1.564223E-01,2.508522E-01,1.601288E-01,1.828232E+00,-2.037917E-01,9.882131E-02
8.705000E+02,7.513778E-02,2.380593E-01,1.287061E-01,1.773002E+00,-1.807838E-01,1.314003E-01
8.710000E+02,-5.921752E-03,2.224293E-01,9.698077E-02,1.702575E+00,-1.556109E-01,1.606701E-01
8.715000E+02,-8.560651E-02,2.043406E-01,6.533542E-02,1.617230E+00,-1.287663E-01,1.862587E-01
8.720000E+02,-1.628110E-01,1.841952E-01,3.412735E-02,1.517413E+00,-1.007633E-01,2.078681E-01
8.725000E+02,-2.364916E-01,1.624104E-01,3.684277E-03,1.403732E+00,-7.212485E-02,2.252786E-01
8.730000E+02,-3.056823E-01,1.394097E-01,-2.569935E-02,1.276965E+00,-4.337394E-02,2.383510E-01
8.735000E+02,-3.695094E-01,1.156146E-01,-5.376502E-02,1.138047E+00,-1.502343E-02,2.470275E-01
8.740000E+02,-4.272037E-01,9.143623E-02,-8.029199E-02,9.880732E-01,1.243330E-02,2.513311E-01
8.745000E+02,-4.781114E-01,6.726816E-02,-1.050982E-01,8.282893E-01,3.853139E-02,2.513635E-01
8.750000E+02,-5.217018E-01,4.347929E-02,-1.280402E-01,6.600786E-01,6.284271E-02,2.473014E-01
8.755000E+02,-5.575734E-01,2.040795E-02,-1.490126E-01,4.849512E-01,8.498332E-02,2.393911E-01
8.760000E+02,-5.854574E-01,-1.643255E-03,-1.679462E-01,3.045280E-01,1.046198E-01,2.279428E-01
8.765000E+02,-6.052187E-01,-2.241154E-02,-1.848056E-01,1.205232E-01,1.214745E-01,2.133228E-01
8.770000E+02,-6.168542E-01,-4.167704E-02,-1.995869E-01,-6.527549E-02,1.353300E-01,1.959451E-01
8.775000E+02,-6.204897E-01,-5.926474E-02,-2.123137E-01,-2.510278E-01,1.460311E-01,1.762625E-01
8.780000E+02,-6.163731E-01,-7.504546E-02,-2.230335E-01,-4.348640E-01,1.534875E-01,1.547565E-01
8.785000E+02,-6.048675E-01,-8.893559E-02,-2.318139E-01,-6.149085E-01,1.576731E-01,1.319279E-01
8.790000E+02,-5.864404E-01,-1.008960E-01,-2.387380E-01,-7.893049E-01,1.586254E-01,1.082860E-01
8.795000E+02,-5.616530E-01,-1.109296E-01,-2.439002E-01,-9.562401E-01,1.564431E-01,8.433846E-02
8.800000E+02,-5.311468E-01,-1.190789E-01,-2.474021E-01,-1.113970E+00,1.512829E-01,6.058183E-02
8.805000E+02,-4.956300E-01,-1.254215E-01,-2.493485E-01,-1.260843E+00,1.433548E-01,3.749164E-02
8.810000E+02,-4.558626E-01,-1.300660E-01,-2.498436E-01,-1.395325E+00,1.329167E-01,1.551380E-02
8.815000E+02,-4.126412E-01,-1.331470E-01,-2.489873E-01,-1.516018E+00,1.202681E-01,-4.943547E-03
8.820000E+02,-3.667835E-01,-1.348194E-01,-2.468730E-01,-1.621685E+00,1.057434E-01,-2.351705E-02
8.825000E+02,-3.191128E-01,-1.352532E-01,-2.435844E-01,-1.711265E+00,8.970413E-02,-3.989422E-02
8.830000E+02,-2.704432E-01,-1.346274E-01,-2.391939E-01,-1.783889E+00,7.253139E-02,-5.381832E-02
8.835000E+02,-2.215650E-01,-1.331242E-01,-2.337615E-01,-1.838897E+00,5.461770E-02,-6.509201E-02
8.840000E+02,-1.732311E-01,-1.309240E-01,-2.273339E-01,-1.875840E+00,3.635900E-02,-7.357967E-02
8.845000E+02,-1.261452E-01,-1.281995E-01,-2.199444E-01,-1.894498E+00,1.814678E-02,-7.920856E-02
8.850000E+02,-8.095042E-02,-1.251113E-01,-2.116136E-01,-1.894871E+00,3.604147E-04,-8.196855E-02
8.855000E+02,-3.821983E-02,-1.218036E-01,-2.023502E-01,-1.877192E+00,-1.663996E-02,-8.191071E-02
8.860000E+02,1.551128E-03,-1.184002E-01,-1.921528E-01,-1.841911E+00,-3.252012E-02,-7.914465E-02
8.865000E+02,3.795077E-02,-1.150022E-01,-1.810117E-01,-1.789699E+00,-4.697761E-02,-7.383478E-02
8.870000E+02,7.065533E-02,-1.116853E-01,-1.689114E-01,-1.721431E+00,-5.974697E-02,-6.619561E-02
8.875000E+02,9.943132E-02,-1.084988E-01,-1.558334E-01,-1.638176E+00,-7.060396E-02,-5.648607E-02
8.880000E+02,1.241359E-01,-1.054645E-01,-1.417590E-01,-1.541177E+00,-7.936897E-02,-4.500318E-02
8.885000E+02,1.447158E-01,-1.025778E-01,-1.266723E-01,-1.431837E+00,-8.590937E-02,-3.207511E-02
8.890000E+02,1.612038E-01,-9.980804E-02,-1.105634E-01,-1.311692E+00,-9.014097E-02,-1.805374E-02
8.895000E+02,1.737146E-01,-9.710054E-02,-9.343142E-02,-1.182393E+00,-9.202840E-02,-3.307000E-03
8.900000E+02,1.824380E-01,-9.437920E-02,-7.528725E-02,-1.045675E+00,-9.158461E-02,1.178895E-02
8.905000E+02,1.876322E-01,-9.154954E-02,-5.615636E-02,-9.033362E-01,-8.886938E-02,2.685749E-02
8.910000E+02,1.896147E-01,-8.850233E-02,-3.608107E-02,-7.572054E-01,-8.398703E-02,4.152912E-02
8.915000E+02,1.887528E-01,-8.511773E-02,-1.512250E-02,-6.091185E-01,-7.708321E-02,5.544874E-02
8.920000E+02,1.854537E-01,-8.126964E-02,6.637887E-03,-4.608896E-01,-6.834114E-02,6.828246E-02
8.925000E+02,1.801534E-01,-7.683036E-02,2.909728E-02,-3.142844E-01,-5.797708E-02,7.972380E-02
8.930000E+02,1.733064E-01,-7.167526E-02,5.213100E-02,-1.709947E-01,-4.623536E-02,8.949923E-02
8.935000E+02,1.653741E-01,-6.568751E-02,7.559258E-02,-3.261480E-02,-3.338301E-02,9.737298E-02
8.940000E+02,1.568145E-01,-5.876254E-02,9.931437E-02,9.938107E-02,-1.970405E-02,1.031510E-01
8.945000E+02,1.480716E-01,-5.081237E-02,1.231087E-01,2.236580E-01,-5.493666E-03,1.066838E-01
8.950000E+02,1.395661E-01,-4.176948E-02,1.467698E-01,3.390376E-01,8.947715E-03,1.078689E-01
8.955000E+02,1.316862E-01,-3.159026E-02,1.700758E-01,4.445120E-01,2.332029E-02,1.066520E-01
8.960000E+02,1.247795E-01,-2.025788E-02,1.927915E-01,5.392547E-01,3.733056E-02,1.030268E-01
8.965000E+02,1.191466E-01,-7.784596E-03,2.146718E-01,6.226284E-01,5.069679E-02,9.703490E-02
8.970000E+02,1.150351E-01,5.786717E-03,2.354649E-01,6.941888E-01,6.315404E-02,8.876406E-02
8.975000E+02,1.126353E-01,2.038168E-02,2.549166E-01,7.536854E-01,7.445887E-02,7.834588E-02
8.980000E+02,1.120773E-01,3.589429E-02,2.727737E-01,8.010593E-01,8.439340E-02,6.595273E-02
8.985000E+02,1.134292E-01,5.218762E-02,2.887889E-01,8.364363E-01,9.276894E-02,5.179400E-02
8.990000E+02,1.166967E-01,6.909518E-02,3.027247E-01,8.601187E-01,9.942888E-02,3.611176E-02
8.995000E+02,1.218247E-01,8.642308E-02,3.143577E-01,8.725723E-01,1.042510E-01,1.917587E-02
9.000000E+02,1.286990E-01,1.039528E-01,3.234828E-01,8.744125E-01,1.071490E-01,1.278760E-03
9.005000E+02,1.371502E-01,1.214449E-01,3.299173E-01,8.663866E-01,1.080737E-01,-1.727016E-02
9.010000E+02,1.469586E-01,1.386427E-01,3.335043E-01,8.493553E-01,1.070128E-01,-3.615028E-02
9.015000E+02,1.578594E-01,1.552769E-01,3.341164E-01,8.242716E-01,1.039910E-01,-5.503560E-02
9.020000E+02,1.695496E-01,1.710708E-01,3.316581E-01,7.921595E-01,9.906844E-02,-7.360069E-02
9.025000E+02,1.816953E-01,1.857451E-01,3.260691E-01,7.540916E-01,9.233928E-02,-9.152638E-02
9.030000E+02,1.939394E-01,1.990238E-01,3.173254E-01,7.111664E-01,8.392937E-02,-1.085054E-01
9.035000E+02,2.059098E-01,2.106391E-01,3.054414E-01,6.644857E-01,7.399343E-02,-1.242476E-01
9.040000E+02,2.172279E-01,2.203373E-01,2.904703E-01,6.151334E-01,6.271185E-02,-1.384851E-01
9.045000E+02,2.275170E-01,2.278843E-01,2.725043E-01,5.641545E-01,5.028704E-02,-1.509766E-01
9.050000E+02,2.364108E-01,2.330700E-01,2.516745E-01,5.125362E-01,3.693946E-02,-1.615114E-01
9.055000E+02,2.435615E-01,2.357139E-01,2.281495E-01,4.611908E-01,2.290342E-02,-1.699131E-01
9.060000E+02,2.486468E-01,2.356686E-01,2.021342E-01,4.109402E-01,8.422683E-03,-1.760422E-01
9.065000E+02,2.513779E-01,2.328241E-01,1.738672E-01,3.625038E-01,-6.254016E-03,-1.797987E-01
9.070000E+02,2.515048E-01,2.271107E-01,1.436182E-01,3.164881E-01,-2.087748E-02,-1.811232E-01
9.075000E+02,2.488225E-01,2.185016E-01,1.116847E-01,2.733799E-01,-3.520248E-02,-1.799981E-01
9.080000E+02,2.431750E-01,2.070144E-01,7.838854E-02,2.335423E-01,-4.899214E-02,-1.764479E-01
9.085000E+02,2.344591E-01,1.927120E-01,4.407154E-02,1.972128E-01,-6.202195E-02,-1.705384E-01
9.090000E+02,2.226268E-01,1.757031E-01,9.091175E-03,1.645056E-01,-7.408372E-02,-1.623757E-01
9.095000E+02,2.076863E-01,1.561411E-01,-2.618409E-02,1.354157E-01,-8.498901E-02,-1.521042E-01
9.100000E+02,1.897027E-01,1.342226E-01,-6.137968E-02,1.098263E-01,-9.457231E-02,-1.399045E-01
9.105000E+02,1.687967E-01,1.101853E-01,-9.611985E-02,8.751831E-02,-1.026937E-01,-1.259898E-01
9.110000E+02,1.451428E-01,8.430474E-02,-1.300327E-01,6.818219E-02,-1.092410E-01,-1.106028E-01
9.115000E+02,1.189661E-01,5.689059E-02,-1.627552E-01,5.143160E-02,-1.141315E-01,-9.401099E-02
9.120000E+02,9.053876E-02,2.828203E-02,-1.939378E-01,3.681873E-02,-1.173130E-01,-7.650269E-02
9.125000E+02,6.017463E-02,-1.157154E-03,-2.232494E-01,2.385057E-02,-1.187646E-01,-5.838171E-02
9.130000E+02,2.822395E-02,-3.104421E-02,-2.503815E-01,1.200617E-02,-1.184962E-01,-3.996230E-02
9.135000E+02,-4.933020E-03,-6.098333E-02,-2.750523E-01,7.540320E-04,-1.165484E-01,-2.156367E-02
9.140000E+02,-3.889279E-02,-9.057194E-02,-2.970101E-01,-1.043040E-02,-1.129909E-01,-3.504479E-03
9.145000E+02,-7.323581E-02,-1.194071E-01,-3.160369E-01,-2.204789E-02,-1.079212E-01,1.390275E-02
9.150000E+02,-1.075339E-01,-1.470922E-01,-3.319510E-01,-3.455935E-02,-1.014619E-01,3.035717E-02
9.155000E+02,-1.413577E-01,-1.732433E-01,-3.446090E-01,-4.837108E-02,-9.375843E-02,4.557493E-02
9.160000E+02,-1.742844E-01,-1.974954E-01,-3.539071E-01,-6.382168E-02,-8.497544E-02,5.929431E-02
9.165000E+02,-2.059046E-01,-2.195090E-01,-3.597830E-01,-8.117081E-02,-7.529370E-02,7.128049E-02
9.170000E+02,-2.358296E-01,-2.389752E-01,-3.622154E-01,-1.005902E-01,-6.490602E-02,8.132985E-02
9.175000E+02,-2.636975E-01,-2.556216E-01,-3.612242E-01,-1.221570E-01,-5.401331E-02,8.927380E-02
9.180000E+02,-2.891795E-01,-2.692163E-01,-3.568695E-01,-1.458498E-01,-4.282033E-02,9.498199E-02
9.185000E+02,-3.119847E-01,-2.795726E-01,-3.492504E-01,-1.715471E-01,-3.153140E-02,9.836489E-02
9.190000E+02,-3.318644E-01,-2.865518E-01,-3.385031E-01,-1.990286E-01,-2.034616E-02,9.937556E-02
9.195000E+02,-3.486158E-01,-2.900658E-01,-3.247978E-01,-2.279794E-01,-9.455416E-03,9.801076E-02
9.200000E+02,-3.620845E-01,-2.900790E-01,-3.083367E-01,-2.579961E-01,9.628675E-04,9.431111E-02
9.205000E+02,-3.721658E-01,-2.866088E-01,-2.893496E-01,-2.885959E-01,1.074723E-02,8.836060E-02
9.210000E+02,-3.788052E-01,-2.797252E-01,-2.680908E-01,-3.192277E-01,1.975605E-02,8.028508E-02
9.215000E+02,-3.819983E-01,-2.695504E-01,-2.448346E-01,-3.492854E-01,2.787047E-02,7.025004E-02
9.220000E+02,-3.817888E-01,-2.562562E-01,-2.198711E-01,-3.781220E-01,3.499678E-02,5.845758E-02
9.225000E+02,-3.782664E-01,-2.400615E-01,-1.935017E-01,-4.050662E-01,4.106827E-02,4.514255E-02
9.230000E+02,-3.715635E-01,-2.212285E-01,-1.660343E-01,-4.294392E-01,4.604642E-02,3.056810E-02
9.235000E+02,-3.618508E-01,-2.000583E-01,-1.377791E-01,-4.505719E-01,4.992152E-02,1.502054E-02
9.240000E+02,-3.493331E-01,-1.768857E-01,-1.090434E-01,-4.678228E-01,5.271254E-02,-1.196305E-03
9.245000E+02,-3.342430E-01,-1.520737E-01,-8.012765E-02,-4.805951E-01,5.446637E-02,-1.776716E-02
9.250000E+02,-3.168359E-01,-1.260070E-01,-5.132103E-02,-4.883532E-01,5.525637E-02,-3.437165E-02
9.255000E+02,-2.973834E-01,-9.908529E-02,-2.289766E-02,-4.906383E-01,5.518025E-02,-5.069088E-02
9.260000E+02,-2.761668E-01,-7.171675E-02,4.887051E-03,-4.870825E-01,5.435734E-02,-6.641399E-02
9.265000E+02,-2.534713E-01,-4.431063E-02,3.179945E-02,-4.774204E-01,5.292532E-02,-8.124465E-02
9.270000E+02,-2.295791E-01,-1.727030E-02,5.763034E-02,-4.614995E-01,5.103639E-02,-9.490732E-02
9.275000E+02,-2.047637E-01,9.013739E-03,8.219703E-02,-4.392879E-01,4.885311E-02,-1.071531E-01
9.280000E+02,-1.792843E-01,3.417058E-02,1.053450E-01,-4.108788E-01,4.654380E-02,-1.177653E-01
9.285000E+02,-1.533808E-01,5.785527E-02,1.269486E-01,-3.764934E-01,4.427781E-02,-1.265636E-01
9.290000E+02,-1.272694E-01,7.975467E-02,1.469119E-01,-3.364798E-01,4.222064E-02,-1.334088E-01
9.295000E+02,-1.011390E-01,9.959273E-02,1.651680E-01,-2.913097E-01,4.052901E-02,-1.382054E-01
9.300000E+02,-7.514831E-02,1.171350E-01,1.816781E-01,-2.415723E-01,3.934615E-02,-1.409038E-01
9.305000E+02,-4.942448E-02,1.321926E-01,1.964307E-01,-1.879653E-01,3.879724E-02,-1.415017E-01
9.310000E+02,-2.406190E-02,1.446246E-01,2.094392E-01,-1.312832E-01,3.898524E-02,-1.400441E-01
9.315000E+02,8.774095E-04,1.543405E-01,2.207393E-01,-7.240363E-02,3.998720E-02,-1.366223E-01
9.320000E+02,2.536261E-02,1.613009E-01,2.303866E-01,-1.227149E-02,4.185113E-02,-1.313721E-01
9.325000E+02,4.939187E-02,1.655177E-01,2.384531E-01,4.811883E-02,4.459353E-02,-1.244705E-01
9.330000E+02,7.298922E-02,1.670527E-01,2.450236E-01,1.077423E-01,4.819769E-02,-1.161316E-01
9.335000E+02,9.620058E-02,1.660157E-01,2.501921E-01,1.655632E-01,5.261279E-02,-1.066019E-01
9.340000E+02,1.190890E-01,1.625618E-01,2.540580E-01,2.205558E-01,5.775385E-02,-9.615447E-02
9.345000E+02,1.417292E-01,1.568872E-01,2.567219E-01,2.717247E-01,6.350258E-02,-8.508248E-02
9.350000E+02,1.642020E-01,1.492247E-01,2.582824E-01,3.181254E-01,6.970912E-02,-7.369212E-02
9.355000E+02,1.865874E-01,1.398380E-01,2.588317E-01,3.588837E-01,7.619468E-02,-6.229533E-02
9.360000E+02,2.089588E-01,1.290160E-01,2.584528E-01,3.932143E-01,8.275498E-02,-5.120216E-02
9.365000E+02,2.313763E-01,1.170660E-01,2.572162E-01,4.204372E-01,8.916451E-02,-4.071311E-02
9.370000E+02,2.538803E-01,1.043071E-01,2.551776E-01,4.399929E-01,9.518149E-02,-3.111164E-02
9.375000E+02,2.764857E-01,9.106272E-02,2.523752E-01,4.514552E-01,1.005534E-01,-2.265693E-02
9.380000E+02,2.991765E-01,7.765361E-02,2.488289E-01,4.545405E-01,1.050232E-01,-1.557723E-02
9.385000E+02,3.219010E-01,6.439076E-02,2.445391E-01,4.491160E-01,1.083356E-01,-1.006379E-02
9.390000E+02,3.445679E-01,5.156849E-02,2.394861E-01,4.352034E-01,1.102436E-01,-6.265652E-03
9.395000E+02,3.670436E-01,3.945796E-02,2.336312E-01,4.129808E-01,1.105155E-01,-4.285363E-03
9.400000E+02,3.891502E-01,2.830122E-02,2.269173E-01,3.827803E-01,1.089416E-01,-4.175826E-03
9.405000E+02,4.106654E-01,1.830595E-02,2.192710E-01,3.450836E-01,1.053401E-01,-5.938263E-03
9.410000E+02,4.313226E-01,9.640885E-03,2.106050E-01,3.005138E-01,9.956346E-02,-9.521440E-03
9.415000E+02,4.508138E-01,2.432226E-03,2.008208E-01,2.498252E-01,9.150394E-02,-1.482217E-02
9.420000E+02,4.687922E-01,-3.239039E-03,1.898131E-01,1.938895E-01,8.109798E-02,-2.168708E-02
9.425000E+02,4.848777E-01,-7.338760E-03,1.774729E-01,1.336805E-01,6.833026E-02,-2.991569E-02
9.430000E+02,4.986627E-01,-9.880164E-03,1.636928E-01,7.025612E-02,5.323667E-02,-3.926463E-02
9.435000E+02,5.097189E-01,-1.092330E-02,1.483712E-01,4.738965E-03,3.590611E-02,-4.945303E-02
9.440000E+02,5.176064E-01,-1.057338E-02,1.314174E-01,-6.170443E-02,1.648130E-02,-6.016893E-02
9.445000E+02,5.218825E-01,-8.978056E-03,1.127567E-01,-1.278854E-01,-4.841661E-03,-7.107653E-02
9.450000E+02,5.221118E-01,-6.323638E-03,9.233503E-02,-1.926151E-01,-2.781488E-02,-8.182417E-02
9.455000E+02,5.178767E-01,-2.830422E-03,7.012376E-02,-2.547272E-01,-5.214152E-02,-9.205286E-02
9.460000E+02,5.087888E-01,1.252879E-03,4.612407E-02,-3.130993E-01,-7.747974E-02,-1.014051E-01
9.465000E+02,4.944993E-01,5.655427E-03,2.037083E-02,-3.666743E-01,-1.034478E-01,-1.095340E-01
9.470000E+02,4.747105E-01,1.009115E-02,-7.064060E-03,-4.144799E-01,-1.296304E-01,-1.161120E-01
9.475000E+02,4.491860E-01,1.426610E-02,-3.606903E-02,-4.556471E-01,-1.555851E-01,-1.208394E-01
9.480000E+02,4.177609E-01,1.788607E-02,-6.649097E-02,-4.894260E-01,-1.808511E-01,-1.234528E-01
9.485000E+02,3.803509E-01,2.066439E-02,-9.813420E-02,-5.152003E-01,-2.049570E-01,-1.237324E-01
9.490000E+02,3.369600E-01,2.232961E-02,-1.307604E-01,-5.324979E-01,-2.274300E-01,-1.215083E-01
9.495000E+02,2.876873E-01,2.263298E-02,-1.640894E-01,-5.410004E-01,-2.478053E-01,-1.166659E-01
9.500000E+02,2.327321E-01,2.135557E-02,-1.978014E-01,-5.405480E-01,-2.656353E-01,-1.091507E-01
9.505000E+02,1.723975E-01,1.831472E-02,-2.315392E-01,-5.311426E-01,-2.804990E-01,-9.897063E-02
9.510000E+02,1.070916E-01,1.336989E-02,-2.649130E-01,-5.129473E-01,-2.920110E-01,-8.619794E-02
9.515000E+02,3.732722E-02,6.427542E-03,-2.975044E-01,-4.862832E-01,-2.998298E-01,-7.096917E-02
9.520000E+02,-3.628022E-02,-2.554948E-03,-3.288724E-01,-4.516225E-01,-3.036660E-01,-5.348381E-02
9.525000E+02,-1.130176E-01,-1.356643E-02,-3.585602E-01,-4.095800E-01,-3.032893E-01,-3.400144E-02
9.530000E+02,-1.920804E-01,-2.654035E-02,-3.861021E-01,-3.609010E-01,-2.985343E-01,-1.283747E-02
9.535000E+02,-2.725813E-01,-4.135435E-02,-4.110314E-01,-3.064467E-01,-2.893054E-01,9.642431E-03
9.540000E+02,-3.535609E-01,-5.783116E-02,-4.328885E-01,-2.471789E-01,-2.755808E-01,3.302915E-02
9.545000E+02,-4.339993E-01,-7.574066E-02,-4.512297E-01,-1.841410E-01,-2.574143E-01,5.687802E-02
9.550000E+02,-5.128309E-01,-9.480336E-02,-4.656357E-01,-1.184389E-01,-2.349367E-01,8.071758E-02
9.555000E+02,-5.889588E-01,-1.146949E-01,-4.757201E-01,-5.122050E-02,-2.083547E-01,1.040591E-01
9.560000E+02,-6.612717E-01,-1.350520E-01,-4.811380E-01,1.634542E-02,-1.779495E-01,1.264066E-01
9.565000E+02,-7.286613E-01,-1.554786E-01,-4.815937E-01,8.309092E-02,-1.440731E-01,1.472673E-01
9.570000E+02,-7.900399E-01,-1.755543E-01,-4.768484E-01,1.478700E-01,-1.071433E-01,1.661616E-01
9.575000E+02,-8.443588E-01,-1.948419E-01,-4.667267E-01,2.095794E-01,-6.763805E-02,1.826339E-01
9.580000E+02,-8.906265E-01,-2.128971E-01,-4.511226E-01,2.671785E-01,-2.608796E-02,1.962621E-01
9.585000E+02,-9.279264E-01,-2.292769E-01,-4.300040E-01,3.197078E-01,1.693190E-02,2.066668E-01
9.590000E+02,-9.554342E-01,-2.435501E-01,-4.034163E-01,3.663061E-01,6.081124E-02,2.135200E-01
9.595000E+02,-9.724337E-01,-2.553060E-01,-3.714854E-01,4.062250E-01,1.049144E-01,2.165523E-01
9.600000E+02,-9.783319E-01,-2.641641E-01,-3.344177E-01,4.388427E-01,1.485908E-01,2.155596E-01
9.605000E+02,-9.726718E-01,-2.697832E-01,-2.925008E-01,4.636737E-01,1.911856E-01,2.104079E-01
9.610000E+02,-9.551443E-01,-2.718691E-01,-2.461010E-01,4.803771E-01,2.320509E-01,2.010368E-01
9.615000E+02,-9.255967E-01,-2.701828E-01,-1.956606E-01,4.887618E-01,2.705563E-01,1.874623E-01
9.620000E+02,-8.840401E-01,-2.645466E-01,-1.416930E-01,4.887892E-01,3.060996E-01,1.697766E-01
9.625000E+02,-8.306534E-01,-2.548500E-01,-8.477732E-02,4.805729E-01,3.381169E-01,1.481483E-01
9.630000E+02,-7.657856E-01,-2.410537E-01,-2.555053E-02,4.643756E-01,3.660920E-01,1.228191E-01
9.635000E+02,-6.899543E-01,-2.231925E-01,3.530019E-02,4.406034E-01,3.895651E-01,9.410082E-02
9.640000E+02,-6.038426E-01,-2.013773E-01,9.704710E-02,4.097982E-01,4.081408E-01,6.236973E-02
9.645000E+02,-5.082928E-01,-1.757943E-01,1.589319E-01,3.726262E-01,4.214940E-01,2.806049E-02
9.650000E+02,-4.042972E-01,-1.467047E-01,2.201769E-01,3.298660E-01,4.293760E-01,-8.341474E-03
9.655000E+02,-2.929871E-01,-1.144408E-01,2.799961E-01,2.823934E-01,4.316182E-01,-4.630834E-02
9.660000E+02,-1.756189E-01,-7.940228E-02,3.376070E-01,2.311654E-01,4.281350E-01,-8.527910E-02
9.665000E+02,-5.355824E-02,-4.205026E-02,3.922428E-01,1.772022E-01,4.189250E-01,-1.246694E-01
9.670000E+02,7.173777E-02,-2.900439E-03,4.431636E-01,1.215684E-01,4.040711E-01,-1.638815E-01
9.675000E+02,1.987399E-01,3.748510E-02,4.896686E-01,6.535380E-02,3.837391E-01,-2.023151E-01
9.680000E+02,3.258675E-01,7.850697E-02,5.311064E-01,9.653360E-03,3.581749E-01,-2.393769E-01
9.685000E+02,4.515106E-01,1.195385E-01,5.668859E-01,-4.445278E-02,3.277004E-01,-2.744916E-01
9.690000E+02,5.740521E-01,1.599362E-01,5.964855E-01,-9.591883E-02,2.927087E-01,-3.071108E-01
9.695000E+02,6.918905E-01,1.990510E-01,6.194617E-01,-1.437524E-01,2.536573E-01,-3.367226E-01
9.700000E+02,8.034630E-01,2.362397E-01,6.354562E-01,-1.870323E-01,2.110613E-01,-3.628597E-01
9.705000E+02,9.072678E-01,2.708760E-01,6.442021E-01,-2.249256E-01,1.654854E-01,-3.851072E-01
9.710000E+02,1.001885E+00,3.023618E-01,6.455284E-01,-2.567028E-01,1.175350E-01,-4.031085E-01
9.715000E+02,1.086000E+00,3.301381E-01,6.393628E-01,-2.817511E-01,6.784711E-02,-4.165713E-01
9.720000E+02,1.158418E+00,3.536954E-01,6.257339E-01,-2.995860E-01,1.708107E-02,-4.252713E-01
9.725000E+02,1.218086E+00,3.725825E-01,6.047705E-01,-3.098601E-01,-3.409147E-02,-4.290555E-01
9.730000E+02,1.264106E+00,3.864158E-01,5.767004E-01,-3.123709E-01,-8.499610E-02,-4.278438E-01
9.735000E+02,1.295749E+00,3.948860E-01,5.418476E-01,-3.070642E-01,-1.349653E-01,-4.216294E-01
9.740000E+02,1.312466E+00,3.977643E-01,5.006271E-01,-2.940364E-01,-1.833477E-01,-4.104784E-01
9.745000E+02,1.313899E+00,3.949076E-01,4.535395E-01,-2.735341E-01,-2.295173E-01,-3.945275E-01
9.750000E+02,1.299881E+00,3.862610E-01,4.011636E-01,-2.459503E-01,-2.728813E-01,-3.739816E-01
9.755000E+02,1.270445E+00,3.718603E-01,3.441480E-01,-2.118187E-01,-3.128884E-01,-3.491094E-01
9.760000E+02,1.225823E+00,3.518315E-01,2.832019E-01,-1.718060E-01,-3.490356E-01,-3.202389E-01
9.765000E+02,1.166439E+00,3.263901E-01,2.190845E-01,-1.267005E-01,-3.808743E-01,-2.877515E-01
9.770000E+02,1.092912E+00,2.958377E-01,1.525947E-01,-7.740011E-02,-4.080157E-01,-2.520760E-01
9.775000E+02,1.006042E+00,2.605579E-01,8.455907E-02,-2.489758E-02,-4.301353E-01,-2.136816E-01
9.780000E+02,9.068005E-01,2.210103E-01,1.582068E-02,2.973610E-02,-4.469759E-01,-1.730708E-01
9.785000E+02,7.963218E-01,1.777239E-01,-5.277308E-02,8.536935E-02,-4.583505E-01,-1.307719E-01
9.790000E+02,6.758841E-01,1.312883E-01,-1.203821E-01,1.408290E-01,-4.641435E-01,-8.733118E-02
9.795000E+02,5.468947E-01,8.234516E-02,-1.861852E-01,1.949205E-01,-4.643111E-01,-4.330573E-02
9.800000E+02,4.108718E-01,3.157747E-02,-2.493909E-01,2.464479E-01,-4.588809E-01,7.446445E-04
9.805000E+02,2.694245E-01,-2.030075E-02,-3.092484E-01,2.942351E-01,-4.479505E-01,4.426450E-02
9.810000E+02,1.242318E-01,-7.255582E-02,-3.650568E-01,3.371465E-01,-4.316853E-01,8.670989E-02
9.815000E+02,-2.297860E-02,-1.244459E-01,-4.161745E-01,3.741070E-01,-4.103153E-01,1.275551E-01
9.820000E+02,-1.704527E-01,-1.752326E-01,-4.620268E-01,4.041219E-01,-3.841314E-01,1.662990E-01
9.825000E+02,-3.164324E-01,-2.241923E-01,-5.021127E-01,4.262955E-01,-3.534808E-01,2.024705E-01
9.830000E+02,-4.591782E-01,-2.706276E-01,-5.360107E-01,4.398476E-01,-3.187623E-01,2.356342E-01
9.835000E+02,-5.969907E-01,-3.138779E-01,-5.633830E-01,4.441301E-01,-2.804201E-01,2.653947E-01
9.840000E+02,-7.282320E-01,-3.533295E-01,-5.839789E-01,4.386395E-01,-2.389384E-01,2.914008E-01
9.845000E+02,-8.513460E-01,-3.884245E-01,-5.976365E-01,4.230294E-01,-1.948345E-01,3.133488E-01
9.850000E+02,-9.648775E-01,-4.186698E-01,-6.042833E-01,3.971186E-01,-1.486526E-01,3.309854E-01
9.855000E+02,-1.067490E+00,-4.436434E-01,-6.039358E-01,3.608986E-01,-1.009567E-01,3.441097E-01
9.860000E+02,-1.157982E+00,-4.630012E-01,-5.966971E-01,3.145369E-01,-5.232361E-02,3.525748E-01
9.865000E+02,-1.235300E+00,-4.764812E-01,-5.827545E-01,2.583783E-01,-3.336283E-03,3.562891E-01
9.870000E+02,-1.298554E+00,-4.839071E-01,-5.623750E-01,1.929433E-01,4.542345E-02,3.552158E-01
9.875000E+02,-1.347021E+00,-4.851904E-01,-5.359007E-01,1.189233E-01,9.338151E-02,3.493736E-01
9.880000E+02,-1.380162E+00,-4.803310E-01,-5.037424E-01,3.717369E-02,1.399783E-01,3.388354E-01
9.885000E+02,-1.397620E+00,-4.694164E-01,-4.663730E-01,-5.129670E-02,1.846749E-01,3.237272E-01
9.890000E+02,-1.399227E+00,-4.526199E-01,-4.243204E-01,-1.453379E-01,2.269595E-01,3.042263E-01
9.895000E+02,-1.385003E+00,-4.301971E-01,-3.781594E-01,-2.436741E-01,2.663526E-01,2.805592E-01
9.900000E+02,-1.355158E+00,-4.024816E-01,-3.285036E-01,-3.449208E-01,3.024126E-01,2.529987E-01
9.905000E+02,-1.310085E+00,-3.698789E-01,-2.759966E-01,-4.476047E-01,3.347406E-01,2.218608E-01
9.910000E+02,-1.250353E+00,-3.328606E-01,-2.213036E-01,-5.501840E-01,3.629846E-01,1.875016E-01
9.915000E+02,-1.176703E+00,-2.919561E-01,-1.651022E-01,-6.510716E-01,3.868430E-01,1.503129E-01
9.920000E+02,-1.090037E+00,-2.477445E-01,-1.080742E-01,-7.486580E-01,4.060682E-01,1.107184E-01
9.925000E+02,-9.914042E-01,-2.008462E-01,-5.089705E-02,-8.413363E-01,4.204686E-01,6.916890E-02
9.930000E+02,-8.819878E-01,-1.519131E-01,5.764614E-03,-9.275264E-01,4.299107E-01,2.613768E-02
9.935000E+02,-7.630914E-01,-1.016189E-01,6.126641E-02,-1.005700E+00,4.343203E-01,-1.788471E-02
9.940000E+02,-6.361221E-01,-5.064977E-02,1.149916E-01,-1.074403E+00,4.336828E-01,-6.239568E-02
9.945000E+02,-5.025725E-01,3.060352E-04,1.663579E-01,-1.132284E+00,4.280432E-01,-1.068861E-01
9.950000E+02,-3.640031E-01,5.056749E-02,2.148236E-01,-1.178110E+00,4.175051E-01,-1.508460E-01
9.955000E+02,-2.220227E-01,9.947035E-02,2.598927E-01,-1.210790E+00,4.022293E-01,-1.937699E-01
9.960000E+02,-7.826945E-02,1.463762E-01,3.011202E-01,-1.229397E+00,3.824312E-01,-2.351633E-01
9.965000E+02,6.560871E-02,1.906807E-01,3.381157E-01,-1.233179E+00,3.583785E-01,-2.745475E-01
9.970000E+02,2.079738E-01,2.318219E-01,3.705467E-01,-1.221578E+00,3.303873E-01,-3.114661E-01
9.975000E+02,3.472168E-01,2.692867E-01,3.981410E-01,-1.194239E+00,2.988182E-01,-3.454897E-01
9.980000E+02,4.817764E-01,3.026179E-01,4.206886E-01,-1.151020E+00,2.640718E-01,-3.762219E-01
9.985000E+02,6.101571E-01,3.314187E-01,4.380426E-01,-1.091996E+00,2.265836E-01,-4.033038E-01
9.990000E+02,7.309461E-01,3.553580E-01,4.501190E-01,-1.017464E+00,1.868185E-01,-4.264188E-01
9.995000E+02,8.428292E-01,3.741733E-01,4.568964E-01,-9.279389E-01,1.452653E-01,-4.452971E-01
1.000000E+03,9.446055E-01,3.876733E-01,4.584149E-01,-8.241539E-01,1.024303E-01,-4.597187E-01
1.000500E+03,1.035201E+00,3.957395E-01,4.547739E-01,-7.070493E-01,5.883111E-02,-4.695174E-01
1.001000E+03,1.113678E+00,3.983264E-01,4.461297E-01,-5.777640E-01,1.499033E-02,-4.745827E-01
1.001500E+03,1.179248E+00,3.954609E-01,4.326923E-01,-4.376222E-01,-2.857085E-02,-4.748620E-01
1.002000E+03,1.231278E+00,3.872413E-01,4.147219E-01,-2.881171E-01,-7.133910E-02,-4.703615E-01
1.002500E+03,1.269297E+00,3.738339E-01,3.925250E-01,-1.308925E-01,-1.128152E-01,-4.611468E-01
1.003000E+03,1.292999E+00,3.554707E-01,3.664492E-01,3.227840E-02,-1.525202E-01,-4.473422E-01
1.003500E+03,1.302245E+00,3.324445E-01,3.368793E-01,1.995157E-01,-1.900009E-01,-4.291299E-01
1.004000E+03,1.297066E+00,3.051048E-01,3.042316E-01,3.688573E-01,-2.248355E-01,-4.067474E-01
1.004500E+03,1.277659E+00,2.738518E-01,2.689486E-01,5.382850E-01,-2.566386E-01,-3.804854E-01
1.005000E+03,1.244380E+00,2.391307E-01,2.314935E-01,7.057508E-01,-2.850655E-01,-3.506834E-01
1.005500E+03,1.197745E+00,2.014251E-01,1.923449E-01,8.692049E-01,-3.098161E-01,-3.177261E-01
1.006000E+03,1.138417E+00,1.612503E-01,1.519906E-01,1.026622E+00,-3.306385E-01,-2.820381E-01
1.006500E+03,1.067198E+00,1.191463E-01,1.109224E-01,1.176031E+00,-3.473312E-01,-2.440785E-01
1.007000E+03,9.850201E-01,7.567034E-02,6.962999E-02,1.315538E+00,-3.597457E-01,-2.043345E-01
1.007500E+03,8.929315E-01,3.138968E-02,2.859612E-02,1.443353E+00,-3.677870E-01,-1.633151E-01
1.008000E+03,7.920826E-01,-1.312557E-02,-1.170924E-02,1.557816E+00,-3.714150E-01,-1.215441E-01
1.008500E+03,6.837127E-01,-5.730982E-02,-5.083372E-02,1.657418E+00,-3.706436E-01,-7.955289E-02
1.009000E+03,5.691337E-01,-1.006089E-01,-8.834742E-02,1.740821E+00,-3.655404E-01,-3.787340E-02
1.009500E+03,4.497141E-01,-1.424868E-01,-1.238474E-01,1.806876E+00,-3.562250E-01,2.969414E-03
1.010000E+03,3.268624E-01,-1.824320E-01,-1.569617E-01,1.854637E+00,-3.428668E-01,4.246472E-02
1.010500E+03,2.020098E-01,-2.199636E-01,-1.873532E-01,1.883379E+00,-3.256822E-01,8.012279E-02
1.011000E+03,7.659331E-02,-2.546364E-01,-2.147229E-01,1.892602E+00,-3.049313E-01,1.154817E-01
1.011500E+03,-4.796131E-02,-2.860465E-01,-2.388127E-01,1.882040E+00,-2.809141E-01,1.481135E-01
1.012000E+03,-1.702562E-01,-3.138349E-01,-2.594078E-01,1.851665E+00,-2.539660E-01,1.776302E-01
1.012500E+03,-2.889374E-01,-3.376918E-01,-2.763384E-01,1.801688E+00,-2.244533E-01,2.036886E-01
1.013000E+03,-4.027106E-01,-3.573596E-01,-2.894814E-01,1.732554E+00,-1.927681E-01,2.259951E-01
1.013500E+03,-5.103554E-01,-3.726352E-01,-2.987606E-01,1.644940E+00,-1.593230E-01,2.443089E-01
1.014000E+03,-6.107388E-01,-3.833719E-01,-3.041475E-01,1.539742E+00,-1.245457E-01,2.584456E-01
1.014500E+03,-7.028275E-01,-3.894803E-01,-3.056608E-01,1.418068E+00,-8.887374E-02,2.682786E-01
1.015000E+03,-7.856989E-01,-3.909291E-01,-3.033656E-01,1.281222E+00,-5.274835E-02,2.737407E-01
1.015500E+03,-8.585504E-01,-3.877444E-01,-2.973720E-01,1.130687E+00,-1.660951E-02,2.748243E-01
1.016000E+03,-9.207075E-01,-3.800088E-01,-2.878333E-01,9.681070E-01,1.910966E-02,2.715811E-01
1.016500E+03,-9.716297E-01,-3.678602E-01,-2.749436E-01,7.952677E-01,5.398812E-02,2.641203E-01
1.017000E+03,-1.010916E+00,-3.514890E-01,-2.589353E-01,6.140725E-01,8.762181E-02,2.526067E-01
1.017500E+03,-1.038305E+00,-3.311360E-01,-2.400755E-01,4.265200E-01,1.196283E-01,2.372577E-01
1.018000E+03,-1.053681E+00,-3.070884E-01,-2.186624E-01,2.346797E-01,1.496512E-01,2.183394E-01
1.018500E+03,-1.057067E+00,-2.796767E-01,-1.950218E-01,4.066627E-02,1.773641E-01,1.961629E-01
1.019000E+03,-1.048630E+00,-2.492698E-01,-1.695021E-01,-1.533853E-01,2.024736E-01,1.710785E-01
1.019500E+03,-1.028667E+00,-2.162706E-01,-1.424706E-01,-3.453457E-01,2.247233E-01,1.434712E-01
1.020000E+03,-9.976109E-01,-1.811112E-01,-1.143080E-01,-5.331164E-01,2.438952E-01,1.137542E-01
1.020500E+03,-9.560135E-01,-1.442471E-01,-8.540407E-02,-7.146541E-01,2.598127E-01,8.236348E-02
1.021000E+03,-9.045427E-01,-1.061520E-01,-5.615225E-02,-8.879950E-01,2.723414E-01,4.975094E-02
1.021500E+03,-8.439711E-01,-6.731207E-02,-2.694497E-02,-1.051277E+00,2.813905E-01,1.637832E-02
1.022000E+03,-7.751648E-01,-2.821993E-02,1.831494E-03,-1.202761E+00,2.869132E-01,-1.728939E-02
1.022500E+03,-6.990722E-01,1.063113E-02,2.980192E-02,-1.340850E+00,2.889065E-01,-5.079029E-02
1.023000E+03,-6.167108E-01,4.875306E-02,5.660684E-02,-1.464108E+00,2.874104E-01,-8.367181E-02
1.023500E+03,-5.291540E-01,8.566887E-02,8.190714E-02,-1.571274E+00,2.825073E-01,-1.154967E-01
1.024000E+03,-4.375172E-01,1.209184E-01,1.053883E-01,-1.661276E+00,2.743201E-01,-1.458489E-01
1.024500E+03,-3.429436E-01,1.540636E-01,1.267643E-01,-1.733243E+00,2.630102E-01,-1.743384E-01
1.025000E+03,-2.465900E-01,1.846941E-01,1.457815E-01,-1.786509E+00,2.487748E-01,-2.006067E-01
1.025500E+03,-1.496124E-01,2.124319E-01,1.622212E-01,-1.820627E+00,2.318444E-01,-2.243310E-01
1.026000E+03,-5.315185E-02,2.369360E-01,1.759031E-01,-1.835362E+00,2.124792E-01,-2.452277E-01
1.026500E+03,4.167887E-02,2.579068E-01,1.866869E-01,-1.830703E+00,1.909656E-01,-2.630562E-01
1.027000E+03,1.338087E-01,2.750895E-01,1.944742E-01,-1.806850E+00,1.676124E-01,-2.776213E-01
1.027500E+03,2.222206E-01,2.882773E-01,1.992097E-01,-1.764218E+00,1.427465E-01,-2.887752E-01
1.028000E+03,3.059629E-01,2.973144E-01,2.008815E-01,-1.703426E+00,1.167085E-01,-2.964189E-01
1.028500E+03,3.841601E-01,3.020978E-01,1.995210E-01,-1.625288E+00,8.984844E-02,-3.005030E-01
1.029000E+03,4.560220E-01,3.025786E-01,1.952026E-01,-1.530804E+00,6.252106E-02,-3.010278E-01
1.029500E+03,5.208523E-01,2.987633E-01,1.880421E-01,-1.421142E+00,3.508115E-02,-2.980425E-01
1.030000E+03,5.780549E-01,2.907134E-01,1.781948E-01,-1.297629E+00,7.878949E-03,-2.916441E-01
1.030500E+03,6.271400E-01,2.785451E-01,1.658533E-01,-1.161728E+00,-1.874437E-02,-2.819754E-01
1.031000E+03,6.677275E-01,2.624282E-01,1.512445E-01,-1.015022E+00,-4.446116E-02,-2.692231E-01
1.031500E+03,6.995502E-01,2.425843E-01,1.346262E-01,-8.591962E-01,-6.896150E-02,-2.536138E-01
1.032000E+03,7.224544E-01,2.192836E-01,1.162828E-01,-6.960149E-01,-9.195718E-02,-2.354117E-01
1.032500E+03,7.363998E-01,1.928427E-01,9.652164E-02,-5.273010E-01,-1.131854E-01,-2.149135E-01
1.033000E+03,7.414571E-01,1.636197E-01,7.566797E-02,-3.549149E-01,-1.324120E-01,-1.924446E-01
1.033500E+03,7.378056E-01,1.320108E-01,5.406006E-02,-1.807324E-01,-1.494346E-01,-1.683541E-01
1.034000E+03,7.257276E-01,9.844450E-02,3.204412E-02,-6.623385E-03,-1.640846E-01,-1.430098E-01
1.034500E+03,7.056029E-01,6.337683E-02,9.969023E-03,1.655698E-01,-1.762298E-01,-1.167926E-01
1.035000E+03,6.779019E-01,2.728503E-02,-1.181899E-02,3.340522E-01,-1.857751E-01,-9.009141E-02
1.035500E+03,6.431768E-01,-9.338529E-03,-3.298162E-02,4.970967E-01,-1.926640E-01,-6.329685E-02
1.036000E+03,6.020528E-01,-4.599284E-02,-5.319374E-02,6.530616E-01,-1.968784E-01,-3.679615E-02
1.036500E+03,5.552185E-01,-8.217503E-02,-7.214830E-02,8.004083E-01,-1.984387E-01,-1.096722E-02
1.037000E+03,5.034145E-01,-1.173872E-01,-8.956116E-02,9.377164E-01,-1.974025E-01,1.382679E-02
1.037500E+03,4.474232E-01,-1.511433E-01,-1.051754E-01,1.063698E+00,-1.938636E-01,3.724276E-02
1.038000E+03,3.880565E-01,-1.829760E-01,-1.187654E-01,1.177209E+00,-1.879496E-01,5.896268E-02
1.038500E+03,3.261451E-01,-2.124430E-01,-1.301400E-01,1.277261E+00,-1.798194E-01,7.869824E-02
1.039000E+03,2.625263E-01,-2.391340E-01,-1.391460E-01,1.363024E+00,-1.696602E-01,9.619507E-02
1.039500E+03,1.980328E-01,-2.626762E-01,-1.456699E-01,1.433840E+00,-1.576841E-01,1.112364E-01
1.040000E+03,1.334818E-01,-2.827401E-01,-1.496399E-01,1.489219E+00,-1.441239E-01,1.236463E-01
1.040500E+03,6.966430E-02,-2.990444E-01,-1.510268E-01,1.528846E+00,-1.292290E-01,1.332919E-01
1.041000E+03,7.335304E-03,-3.113605E-01,-1.498444E-01,1.552577E+00,-1.132611E-01,1.400856E-01
1.041500E+03,-5.279540E-02,-3.195160E-01,-1.461489E-01,1.560437E+00,-9.648925E-02,1.439855E-01
1.042000E+03,-1.100714E-01,-3.233980E-01,-1.400378E-01,1.552618E+00,-7.918553E-02,1.449965E-01
1.042500E+03,-1.638967E-01,-3.229545E-01,-1.316481E-01,1.529469E+00,-6.161993E-02,1.431691E-01
1.043000E+03,-2.137422E-01,-3.181962E-01,-1.211539E-01,1.491488E+00,-4.405597E-02,1.385985E-01
1.043500E+03,-2.591501E-01,-3.091963E-01,-1.087629E-01,1.439316E+00,-2.674622E-02,1.314228E-01
1.044000E+03,-2.997379E-01,-2.960900E-01,-9.471288E-02,1.373724E+00,-9.928119E-03,1.218196E-01
1.044500E+03,-3.352008E-01,-2.790728E-01,-7.926739E-02,1.295598E+00,6.179763E-03,1.100032E-01
1.045000E+03,-3.653129E-01,-2.583982E-01,-6.271089E-02,1.205932E+00,2.138114E-02,9.621987E-02
1.045500E+03,-3.899271E-01,-2.343734E-01,-4.534370E-02,1.105809E+00,3.550488E-02,8.074369E-02
1.046000E+03,-4.089737E-01,-2.073560E-01,-2.747653E-02,9.963926E-01,4.840725E-02,6.387098E-02
1.046500E+03,-4.224582E-01,-1.777479E-01,-9.424921E-03,8.789061E-01,5.997370E-02,4.591475E-02
1.047000E+03,-4.304576E-01,-1.459898E-01,8.496480E-03,7.546231E-01,7.011989E-02,2.719882E-02
1.047500E+03,-4.331162E-01,-1.125544E-01,2.597961E-02,6.248518E-01,7.879212E-02,8.051652E-03
1.048000E+03,-4.306398E-01,-7.793938E-02,4.272854E-02,4.909207E-01,8.596705E-02,-1.119982E-02
1.048500E+03,-4.232899E-01,-4.265966E-02,5.846484E-02,3.541658E-01,9.165084E-02,-3.023638E-02
1.049000E+03,-4.113772E-01,-7.239475E-03,7.293255E-02,2.159178E-01,9.587764E-02,-4.875246E-02
1.049500E+03,-3.952539E-01,2.779583E-02,8.590278E-02,7.749009E-02,9.870741E-02,-6.646187E-02
1.050000E+03,-3.753064E-01,6.192804E-02,9.717780E-02,-5.983238E-02,1.002234E-01,-8.310298E-02
1.050500E+03,-3.519477E-01,9.465421E-02,1.065945E-01,-1.948032E-01,1.005288E-01,-9.844353E-02
1.051000E+03,-3.256098E-01,1.254947E-01,1.140272E-01,-3.262237E-01,9.974375E-02,-1.122846E-01
1.051500E+03,-2.967356E-01,1.540007E-01,1.193896E-01,-4.529510E-01,9.800086E-02,-1.244641E-01
1.052000E+03,-2.657722E-01,1.797617E-01,1.226365E-01,-5.739055E-01,9.544174E-02,-1.348592E-01
1.052500E+03,-2.331635E-01,2.024114E-01,1.237636E-01,-6.880767E-01,9.221270E-02,-1.433879E-01
1.053000E+03,-1.993443E-01,2.216345E-01,1.228080E-01,-7.945286E-01,8.846063E-02,-1.500103E-01
1.053500E+03,-1.647339E-01,2.371706E-01,1.198465E-01,-8.924044E-01,8.432900E-02,-1.547277E-01
1.054000E+03,-1.297315E-01,2.488194E-01,1.149938E-01,-9.809295E-01,7.995408E-02,-1.575821E-01
1.054500E+03,-9.471166E-02,2.564428E-01,1.084001E-01,-1.059415E+00,7.546138E-02,-1.586538E-01
1.055000E+03,-6.002083E-02,2.599676E-01,1.002474E-01,-1.127258E+00,7.096252E-02,-1.580589E-01
1.055500E+03,-2.597484E-02,2.593864E-01,9.074550E-02,-1.183948E+00,6.655260E-02,-1.559453E-01
1.056000E+03,7.142959E-03,2.547568E-01,8.012773E-02,-1.229062E+00,6.230803E-02,-1.524884E-01
1.056500E+03,3.908260E-02,2.462010E-01,6.864548E-02,-1.262270E+00,5.828497E-02,-1.478862E-01
1.057000E+03,6.962758E-02,2.339027E-01,5.656299E-02,-1.283333E+00,5.451843E-02,-1.423537E-01
1.057500E+03,9.859418E-02,2.181039E-01,4.415163E-02,-1.292105E+00,5.102197E-02,-1.361170E-01
1.058000E+03,1.258301E-01,1.991004E-01,3.168402E-02,-1.288531E+00,4.778804E-02,-1.294073E-01
1.058500E+03,1.512125E-01,1.772366E-01,1.942825E-02,-1.272652E+00,4.478906E-02,-1.224545E-01
1.059000E+03,1.746453E-01,1.528990E-01,7.642071E-03,-1.244597E+00,4.197894E-02,-1.154815E-01
1.059500E+03,1.960567E-01,1.265092E-01,-3.432621E-03,-1.204590E+00,3.929536E-02,-1.086980E-01
1.060000E+03,2.153953E-01,9.851691E-02,-1.357494E-02,-1.152948E+00,3.666240E-02,-1.022952E-01
1.060500E+03,2.326273E-01,6.939151E-02,-2.258976E-02,-1.090076E+00,3.399368E-02,-9.644048E-02
1.061000E+03,2.477327E-01,3.961395E-02,-3.031188E-02,-1.016473E+00,3.119580E-02,-9.127362E-02
1.061500E+03,2.607018E-01,9.668356E-03,-3.660957E-02,-9.327272E-01,2.817211E-02,-8.690281E-02
1.062000E+03,2.715324E-01,-1.996641E-02,-4.138733E-02,-8.395134E-01,2.482651E-02,-8.340207E-02
1.062500E+03,2.802262E-01,-4.882495E-02,-4.458796E-02,-7.375945E-01,2.106738E-02,-8.080945E-02
1.063000E+03,2.867869E-01,-7.646332E-02,-4.619366E-02,-6.278170E-01,1.681140E-02,-7.912619E-02
1.063500E+03,2.912174E-01,-1.024665E-01,-4.622643E-02,-5.111082E-01,1.198718E-02,-7.831694E-02
1.064000E+03,2.935187E-01,-1.264551E-01,-4.474742E-02,-3.884723E-01,6.538619E-03,-7.831091E-02
1.064500E+03,2.936886E-01,-1.480918E-01,-4.185555E-02,-2.609852E-01,4.278888E-04,-7.900404E-02
1.065000E+03,2.917212E-01,-1.670865E-01,-3.768523E-02,-1.297893E-01,-6.362087E-03,-8.026213E-02
1.065500E+03,2.876075E-01,-1.832008E-01,-3.240327E-02,3.913818E-03,-1.382567E-02,-8.192474E-02
1.066000E+03,2.813355E-01,-1.962513E-01,-2.620509E-02,1.388711E-01,-2.193319E-02,-8.380991E-02
1.066500E+03,2.728923E-01,-2.061120E-01,-1.931026E-02,2.737874E-01,-3.063023E-02,-8.571952E-02
1.067000E+03,2.622654E-01,-2.127156E-01,-1.195747E-02,4.073352E-01,-3.983769E-02,-8.744508E-02
1.067500E+03,2.494456E-01,-2.160537E-01,-4.399079E-03,5.381661E-01,-4.945245E-02,-8.877396E-02
1.068000E+03,2.344296E-01,-2.161757E-01,3.104749E-03,6.649232E-01,-5.934881E-02,-8.949574E-02
1.068500E+03,2.172228E-01,-2.131869E-01,1.029204E-02,7.862542E-01,-6.938054E-02,-8.940864E-02
1.069000E+03,1.978433E-01,-2.072455E-01,1.690515E-02,9.008254E-01,-7.938358E-02,-8.832575E-02
1.069500E+03,1.763247E-01,-1.985586E-01,2.269684E-02,1.007337E+00,-8.917932E-02,-8.608097E-02
1.070000E+03,1.527197E-01,-1.873773E-01,2.743618E-02,1.104536E+00,-9.857834E-02,-8.253452E-02
1.070500E+03,1.271037E-01,-1.739912E-01,3.091415E-02,1.191235E+00,-1.073845E-01,-7.757775E-02
1.071000E+03,9.957702E-02,-1.587224E-01,3.294881E-02,1.266327E+00,-1.153996E-01,-7.113729E-02
1.071500E+03,7.026846E-02,-1.419183E-01,3.338995E-02,1.328797E+00,-1.224278E-01,-6.317822E-02
1.072000E+03,3.933675E-02,-1.239450E-01,3.212305E-02,1.377743E+00,-1.282803E-01,-5.370638E-02
1.072500E+03,6.972469E-03,-1.051796E-01,2.907258E-02,1.412383E+00,-1.327802E-01,-4.276960E-02
1.073000E+03,-2.660116E-02,-8.600300E-02,2.420448E-02,1.432077E+00,-1.357672E-01,-3.045785E-02
1.073500E+03,-6.112804E-02,-6.679265E-02,1.752768E-02,1.436329E+00,-1.371011E-01,-1.690236E-02
1.074000E+03,-9.631982E-02,-4.791516E-02,9.094889E-03,1.424804E+00,-1.366668E-01,-2.273531E-03
1.074500E+03,-1.318573E-01,-2.971966E-02,-9.976627E-04,1.397337E+00,-1.343765E-01,1.322200E-02
1.075000E+03,-1.673927E-01,-1.253145E-02,-1.261135E-02,1.353934E+00,-1.301735E-01,2.934545E-02
1.075500E+03,-2.025526E-01,3.353736E-03,-2.556720E-02,1.294781E+00,-1.240337E-01,4.583072E-02
1.076000E+03,-2.369421E-01,1.767484E-02,-3.964878E-02,1.220246E+00,-1.159675E-01,6.239005E-02
1.076500E+03,-2.701491E-01,3.020975E-02,-5.460590E-02,1.130876E+00,-1.060203E-01,7.872030E-02
1.077000E+03,-3.017498E-01,4.077875E-02,-7.015907E-02,1.027396E+00,-9.427258E-02,9.450966E-02
1.077500E+03,-3.313145E-01,4.924711E-02,-8.600459E-02,9.107046E-01,-8.083920E-02,1.094447E-01
1.078000E+03,-3.584139E-01,5.552672E-02,-1.018202E-01,7.818618E-01,-6.586764E-02,1.232176E-01
1.078500E+03,-3.826260E-01,5.957680E-02,-1.172711E-01,6.420833E-01,-4.953585E-02,1.355330E-01
1.079000E+03,-4.035430E-01,6.140368E-02,-1.320166E-01,4.927253E-01,-3.204934E-02,1.461156E-01
1.079500E+03,-4.207784E-01,6.105963E-02,-1.457161E-01,3.352696E-01,-1.363757E-02,1.547157E-01
1.080000E+03,-4.339740E-01,5.864092E-02,-1.580366E-01,1.713070E-01,5.450093E-03,1.611159E-01
1.080500E+03,-4.428070E-01,5.428495E-02,-1.686586E-01,2.518023E-03,2.494884E-02,1.651361E-01
1.081000E+03,-4.469961E-01,4.816670E-02,-1.772827E-01,-1.693467E-01,4.458332E-02,1.666380E-01
1.081500E+03,-4.463082E-01,4.049454E-02,-1.836356E-01,-3.424886E-01,6.407260E-02,1.655284E-01
1.082000E+03,-4.405635E-01,3.150545E-02,-1.874762E-01,-5.150830E-01,8.313541E-02,1.617620E-01
1.082500E+03,-4.296401E-01,2.145977E-02,-1.885999E-01,-6.853018E-01,1.014952E-01,1.553423E-01
1.083000E+03,-4.134786E-01,1.063565E-02,-1.868435E-01,-8.513370E-01,1.188852E-01,1.463222E-01
1.083500E+03,-3.920845E-01,-6.767712E-04,-1.820891E-01,-1.011423E+00,1.350533E-01,1.348032E-01
1.084000E+03,-3.655305E-01,-1.218127E-02,-1.742666E-01,-1.163857E+00,1.497662E-01,1.209331E-01
1.084500E+03,-3.339577E-01,-2.358147E-02,-1.633561E-01,-1.307024E+00,1.628138E-01,1.049033E-01
1.085000E+03,-2.975751E-01,-3.458666E-02,-1.493888E-01,-1.439413E+00,1.740125E-01,8.694465E-02
1.085500E+03,-2.566588E-01,-4.491736E-02,-1.324480E-01,-1.559637E+00,1.832081E-01,6.732266E-02
1.086000E+03,-2.115493E-01,-5.431059E-02,-1.126676E-01,-1.666447E+00,1.902783E-01,4.633199E-02
1.086500E+03,-1.626489E-01,-6.252474E-02,-9.023121E-02,-1.758749E+00,1.951341E-01,2.429018E-02
1.087000E+03,-1.104164E-01,-6.934393E-02,-6.536994E-02,-1.835616E+00,1.977207E-01,1.531083E-03
1.087500E+03,-5.536254E-02,-7.458184E-02,-3.835886E-02,-1.896295E+00,1.980181E-01,-2.160212E-02
1.088000E+03,1.956259E-03,-7.808485E-02,-9.513443E-03,-1.940214E+00,1.960405E-01,-4.476389E-02
1.088500E+03,6.094500E-02,-7.973464E-02,2.081506E-02,-1.966988E+00,1.918348E-01,-6.761337E-02
1.089000E+03,1.209774E-01,-7.944999E-02,5.224474E-02,-1.976421E+00,1.854796E-01,-8.982111E-02
1.089500E+03,1.814042E-01,-7.718793E-02,8.436860E-02,-1.968503E+00,1.770825E-01,-1.110755E-01
1.090000E+03,2.415610E-01,-7.294422E-02,1.167606E-01,-1.943405E+00,1.667775E-01,-1.310885E-01
1.090500E+03,3.007777E-01,-6.675304E-02,1.489820E-01,-1.901477E+00,1.547219E-01,-1.496012E-01
1.091000E+03,3.583864E-01,-5.868613E-02,1.805877E-01,-1.843240E+00,1.410927E-01,-1.663877E-01
1.091500E+03,4.137307E-01,-4.885116E-02,2.111330E-01,-1.769370E+00,1.260833E-01,-1.812593E-01
1.092000E+03,4.661737E-01,-3.738962E-02,2.401799E-01,-1.680693E+00,1.098990E-01,-1.940668E-01
1.092500E+03,5.151065E-01,-2.447413E-02,2.673038E-01,-1.578167E+00,9.275391E-02,-2.047022E-01
1.093000E+03,5.599559E-01,-1.030523E-02,2.920993E-01,-1.462871E+00,7.486652E-02,-2.130997E-01
1.093500E+03,6.001913E-01,4.892155E-03,3.141864E-01,-1.335984E+00,5.645627E-02,-2.192349E-01
1.094000E+03,6.353312E-01,2.087267E-02,3.332159E-01,-1.198776E+00,3.773999E-02,-2.231241E-01
1.094500E+03,6.649494E-01,3.737472E-02,3.488740E-01,-1.052584E+00,1.892867E-02,-2.248219E-01
1.095000E+03,6.886794E-01,5.412483E-02,3.608871E-01,-8.988020E-01,2.245519E-04,-2.244182E-01
1.095500E+03,7.062187E-01,7.084218E-02,3.690257E-01,-7.388588E-01,-1.818141E-02,-2.220350E-01
1.096000E+03,7.173320E-01,8.724313E-02,3.731072E-01,-5.742058E-01,-3.611161E-02,-2.178214E-01
1.096500E+03,7.218534E-01,1.030457E-01,3.729986E-01,-4.062997E-01,-5.340355E-02,-2.119495E-01
1.097000E+03,7.196875E-01,1.179740E-01,3.686184E-01,-2.365885E-01,-6.991099E-02,-2.046092E-01
1.097500E+03,7.108101E-01,1.317625E-01,3.599377E-01,-6.649779E-02,-8.550478E-02,-1.960027E-01
1.098000E+03,6.952677E-01,1.441601E-01,3.469804E-01,1.025816E-01,-1.000732E-01,-1.863390E-01
1.098500E+03,6.731757E-01,1.549337E-01,3.298231E-01,2.693050E-01,-1.135219E-01,-1.758295E-01
1.099000E+03,6.447168E-01,1.638717E-01,3.085942E-01,4.323835E-01,-1.257736E-01,-1.646818E-01
1.099500E+03,6.101376E-01,1.707873E-01,2.834720E-01,5.905931E-01,-1.367672E-01,-1.530957E-01
1.100000E+03,5.697456E-01,1.755208E-01,2.546829E-01,7.427813E-01,-1.464568E-01,-1.412591E-01
1.100500E+03,5.239043E-01,1.779421E-01,2.224984E-01,8.878733E-01,-1.548106E-01,-1.293434E-01
1.101000E+03,4.730294E-01,1.779523E-01,1.872318E-01,1.024877E+00,-1.618092E-01,-1.175015E-01
1.101500E+03,4.175831E-01,1.754854E-01,1.492345E-01,1.152886E+00,-1.674446E-01,-1.058647E-01
1.102000E+03,3.580689E-01,1.705088E-01,1.088919E-01,1.271083E+00,-1.717180E-01,-9.454099E-02
1.102500E+03,2.950258E-01,1.630239E-01,6.661895E-02,1.378739E+00,-1.746390E-01,-8.361478E-02
1.103000E+03,2.290228E-01,1.530661E-01,2.285508E-02,1.475219E+00,-1.762235E-01,-7.314607E-02
1.103500E+03,1.606526E-01,1.407044E-01,-2.194043E-02,1.559976E+00,-1.764927E-01,-6.317135E-02
1.104000E+03,9.052580E-02,1.260404E-01,-6.729389E-02,1.632554E+00,-1.754719E-01,-5.370473E-02
1.104500E+03,1.926511E-02,1.092070E-01,-1.127224E-01,1.692586E+00,-1.731892E-01,-4.473982E-02
1.105000E+03,-5.250062E-02,9.036668E-02,-1.577390E-01,1.739794E+00,-1.696751E-01,-3.625217E-02
1.105500E+03,-1.241419E-01,6.970959E-02,-2.018583E-01,1.773986E+00,-1.649616E-01,-2.820212E-02
1.106000E+03,-1.950342E-01,4.745115E-02,-2.446017E-01,1.795053E+00,-1.590819E-01,-2.053806E-02
1.106500E+03,-2.645628E-01,2.382933E-02,-2.855020E-01,1.802970E+00,-1.520705E-01,-1.319990E-02
1.107000E+03,-3.321279E-01,-8.982234E-04,-3.241091E-01,1.797795E+00,-1.439630E-01,-6.122765E-03
1.107500E+03,-3.971494E-01,-2.645733E-02,-3.599941E-01,1.779661E+00,-1.347968E-01,7.593548E-04
1.108000E+03,-4.590706E-01,-5.256057E-02,-3.927544E-01,1.748783E+00,-1.246113E-01,7.509980E-03
1.108500E+03,-5.173631E-01,-7.891078E-02,-4.220174E-01,1.705450E+00,-1.134484E-01,1.418670E-02
1.109000E+03,-5.715293E-01,-1.052046E-01,-4.474444E-01,1.650024E+00,-1.013537E-01,2.083800E-02
1.109500E+03,-6.211069E-01,-1.311360E-01,-4.687345E-01,1.582942E+00,-8.837712E-02,2.750049E-02
1.110000E+03,-6.656708E-01,-1.564002E-01,-4.856274E-01,1.504711E+00,-7.457365E-02,3.419647E-02
1.110500E+03,-7.048366E-01,-1.806969E-01,-4.979061E-01,1.415906E+00,-6.000440E-02,4.093214E-02
1.111000E+03,-7.382627E-01,-2.037341E-01,-5.053992E-01,1.317171E+00,-4.473733E-02,4.769618E-02
1.111500E+03,-7.656522E-01,-2.252315E-01,-5.079828E-01,1.209214E+00,-2.884803E-02,5.445908E-02
1.112000E+03,-7.867549E-01,-2.449239E-01,-5.055816E-01,1.092804E+00,-1.242031E-02,6.117293E-02
1.112500E+03,-8.013686E-01,-2.625641E-01,-4.981701E-01,9.687710E-01,4.453299E-03,6.777182E-02
1.113000E+03,-8.093408E-01,-2.779259E-01,-4.857728E-01,8.379985E-01,2.167132E-02,7.417290E-02
1.113500E+03,-8.105692E-01,-2.908072E-01,-4.684640E-01,7.014227E-01,3.912319E-02,8.027787E-02
1.114000E+03,-8.050024E-01,-3.010317E-01,-4.463673E-01,5.600263E-01,5.668942E-02,8.597502E-02
1.114500E+03,-7.926407E-01,-3.084514E-01,-4.196547E-01,4.148336E-01,7.424196E-02,9.114171E-02
1.115000E+03,-7.735363E-01,-3.129486E-01,-3.885448E-01,2.669042E-01,9.164477E-02,9.564722E-02
1.115500E+03,-7.477928E-01,-3.144367E-01,-3.533009E-01,1.173272E-01,1.087547E-01,9.935589E-02
1.116000E+03,-7.155654E-01,-3.128618E-01,-3.142287E-01,-3.278671E-02,1.254223E-01,1.021305E-01
1.116500E+03,-6.770599E-01,-3.082031E-01,-2.716736E-01,-1.823125E-01,1.414936E-01,1.038358E-01
1.117000E+03,-6.325323E-01,-3.004733E-01,-2.260171E-01,-3.301192E-01,1.568110E-01,1.043420E-01
1.117500E+03,-5.822873E-01,-2.897185E-01,-1.776735E-01,-4.750785E-01,1.712149E-01,1.035285E-01
1.118000E+03,-5.266770E-01,-2.760177E-01,-1.270862E-01,-6.160742E-01,1.845459E-01,1.012871E-01
1.118500E+03,-4.660994E-01,-2.594819E-01,-7.472319E-02,-7.520110E-01,1.966463E-01,9.752537E-02
1.119000E+03,-4.009961E-01,-2.402531E-01,-2.107295E-02,-8.818241E-01,2.073620E-01,9.216964E-02
1.119500E+03,-3.318502E-01,-2.185023E-01,3.336027E-02,-1.004489E+00,2.165447E-01,8.516770E-02
1.120000E+03,-2.591837E-01,-1.944282E-01,8.806112E-02,-1.119031E+00,2.240537E-01,7.649109E-02
1.120500E+03,-1.835546E-01,-1.682544E-01,1.425080E-01,-1.224532E+00,2.297580E-01,6.613701E-02
1.121000E+03,-1.055532E-01,-1.402274E-01,1.961781E-01,-1.320144E+00,2.335382E-01,5.412980E-02
1.121500E+03,-2.579948E-02,-1.106138E-01,2.485519E-01,-1.405094E+00,2.352885E-01,4.052194E-02
1.122000E+03,5.506163E-02,-7.969725E-02,2.991187E-01,-1.478689E+00,2.349184E-01,2.539452E-02
1.122500E+03,1.363639E-01,-4.777566E-02,3.473809E-01,-1.540331E+00,2.323542E-01,8.857271E-03
1.123000E+03,2.174245E-01,-1.515785E-02,3.928587E-01,-1.589514E+00,2.275411E-01,-8.951894E-03
1.123500E+03,2.975484E-01,1.783960E-02,4.350951E-01,-1.625836E+00,2.204438E-01,-2.786785E-02
1.124000E+03,3.760336E-01,5.089562E-02,4.736595E-01,-1.648997E+00,2.110484E-01,-4.769965E-02
1.124500E+03,4.521764E-01,8.368788E-02,5.081523E-01,-1.658810E+00,1.993631E-01,-6.823238E-02
1.125000E+03,5.252765E-01,1.158960E-01,5.382086E-01,-1.655194E+00,1.854191E-01,-8.922939E-02
1.125500E+03,5.946427E-01,1.472049E-01,5.635013E-01,-1.638182E+00,1.692714E-01,-1.104349E-01
1.126000E+03,6.595987E-01,1.773072E-01,5.837448E-01,-1.607916E+00,1.509989E-01,-1.315771E-01
1.126500E+03,7.194892E-01,2.059068E-01,5.986973E-01,-1.564649E+00,1.307051E-01,-1.523709E-01
1.127000E+03,7.736852E-01,2.327212E-01,6.081634E-01,-1.508742E+00,1.085175E-01,-1.725221E-01
1.127500E+03,8.215905E-01,2.574840E-01,6.119963E-01,-1.440659E+00,8.458813E-02,-1.917306E-01
1.128000E+03,8.626477E-01,2.799471E-01,6.100990E-01,-1.360962E+00,5.909232E-02,-2.096943E-01
1.128500E+03,8.963437E-01,2.998830E-01,6.024258E-01,-1.270312E+00,3.222848E-02,-2.261133E-01
1.129000E+03,9.222157E-01,3.170863E-01,5.889830E-01,-1.169455E+00,4.217003E-03,-2.406937E-01
1.129500E+03,9.398570E-01,3.313754E-01,5.698293E-01,-1.059222E+00,-2.470093E-02,-2.531519E-01
1.130000E+03,9.489221E-01,3.425942E-01,5.450756E-01,-9.405182E-01,-5.426481E-02,-2.632184E-01
1.130500E+03,9.491324E-01,3.506124E-01,5.148848E-01,-8.143161E-01,-8.419655E-02,-2.706423E-01
1.131000E+03,9.402804E-01,3.553271E-01,4.794709E-01,-6.816490E-01,-1.142024E-01,-2.751948E-01
1.131500E+03,9.222345E-01,3.566633E-01,4.390975E-01,-5.436015E-01,-1.439754E-01,-2.766733E-01
1.132000E+03,8.949429E-01,3.545740E-01,3.940764E-01,-4.013014E-01,-1.731976E-01,-2.749047E-01
1.132500E+03,8.584373E-01,3.490411E-01,3.447656E-01,-2.559114E-01,-2.015433E-01,-2.697496E-01
1.133000E+03,8.128353E-01,3.400751E-01,2.915667E-01,-1.086201E-01,-2.286818E-01,-2.611044E-01
1.133500E+03,7.583431E-01,3.277152E-01,2.349226E-01,3.936638E-02,-2.542808E-01,-2.489051E-01
1.134000E+03,6.952567E-01,3.120292E-01,1.753139E-01,1.868329E-01,-2.780099E-01,-2.331296E-01
1.134500E+03,6.239630E-01,2.931130E-01,1.132555E-01,3.325639E-01,-2.995449E-01,-2.137994E-01
1.135000E+03,5.449392E-01,2.710907E-01,4.929361E-02,4.753520E-01,-3.185709E-01,-1.909818E-01
1.135500E+03,4.587526E-01,2.461135E-01,-1.599938E-02,6.140056E-01,-3.347874E-01,-1.647912E-01
1.136000E+03,3.660579E-01,2.183595E-01,-8.202853E-02,7.473577E-01,-3.479117E-01,-1.353893E-01
1.136500E+03,2.675950E-01,1.880330E-01,-1.481813E-01,8.742737E-01,-3.576839E-01,-1.029855E-01
1.137000E+03,1.641848E-01,1.553633E-01,-2.138323E-01,9.936590E-01,-3.638710E-01,-6.783679E-02
1.137500E+03,5.672429E-02,1.206042E-01,-2.783486E-01,1.104467E+00,-3.662709E-01,-3.024593E-02
1.138000E+03,-5.381938E-02,8.403287E-02,-3.410953E-01,1.205706E+00,-3.647172E-01,9.439765E-03
1.138500E+03,-1.664158E-01,4.594829E-02,-4.014407E-01,1.296449E+00,-3.590827E-01,5.083116E-02
1.139000E+03,-2.799796E-01,6.670286E-03,-4.587623E-01,1.375836E+00,-3.492833E-01,9.350041E-02
1.139500E+03,-3.933791E-01,-3.346221E-02,-5.124531E-01,1.443089E+00,-3.352814E-01,1.369848E-01
1.140000E+03,-5.054469E-01,-7.409293E-02,-5.619270E-01,1.497511E+00,-3.170889E-01,1.807915E-01
1.140500E+03,-6.149906E-01,-1.148502E-01,-6.066254E-01,1.538497E+00,-2.947694E-01,2.244026E-01
1.141000E+03,-7.208046E-01,-1.553494E-01,-6.460231E-01,1.565542E+00,-2.684406E-01,2.672811E-01
1.141500E+03,-8.216827E-01,-1.951950E-01,-6.796344E-01,1.578243E+00,-2.382747E-01,3.088776E-01
1.142000E+03,-9.164315E-01,-2.339840E-01,-7.070192E-01,1.576309E+00,-2.044997E-01,3.486371E-01
1.142500E+03,-1.003884E+00,-2.713086E-01,-7.277886E-01,1.559566E+00,-1.673986E-01,3.860066E-01
1.143000E+03,-1.082914E+00,-3.067596E-01,-7.416106E-01,1.527958E+00,-1.273083E-01,4.204431E-01
1.143500E+03,-1.152450E+00,-3.399303E-01,-7.482153E-01,1.481559E+00,-8.461778E-02,4.514214E-01
1.144000E+03,-1.211490E+00,-3.704206E-01,-7.473998E-01,1.420570E+00,-3.976486E-02,4.784429E-01
1.144500E+03,-1.259115E+00,-3.978407E-01,-7.390325E-01,1.345325E+00,6.767284E-03,5.010435E-01
1.145000E+03,-1.294505E+00,-4.218161E-01,-7.230569E-01,1.256293E+00,5.445505E-02,5.188019E-01
1.145500E+03,-1.316951E+00,-4.419922E-01,-6.994947E-01,1.154081E+00,1.027399E-01,5.313477E-01
1.146000E+03,-1.325866E+00,-4.580390E-01,-6.684484E-01,1.039429E+00,1.510349E-01,5.383685E-01
1.146500E+03,-1.320798E+00,-4.696562E-01,-6.301027E-01,9.132129E-01,1.987316E-01,5.396175E-01
1.147000E+03,-1.301444E+00,-4.765779E-01,-5.847254E-01,7.764388E-01,2.452082E-01,5.349191E-01
1.147500E+03,-1.267652E+00,-4.785780E-01,-5.326672E-01,6.302414E-01,2.898379E-01,5.241747E-01
1.148000E+03,-1.219434E+00,-4.754744E-01,-4.743604E-01,4.758760E-01,3.319975E-01,5.073671E-01
1.148500E+03,-1.156971E+00,-4.671341E-01,-4.103166E-01,3.147119E-01,3.710769E-01,4.845633E-01
1.149000E+03,-1.080613E+00,-4.534768E-01,-3.411239E-01,1.482229E-01,4.064885E-01,4.559174E-01
1.149500E+03,-9.908851E-01,-4.344795E-01,-2.674416E-01,-2.202333E-02,4.376763E-01,4.216704E-01
1.150000E+03,-8.884859E-01,-4.101790E-01,-1.899958E-01,-1.943782E-01,4.641257E-01,3.821503E-01
1.150500E+03,-7.742826E-01,-3.806752E-01,-1.095721E-01,-3.671259E-01,4.853721E-01,3.377696E-01
1.151000E+03,-6.493079E-01,-3.461326E-01,-2.700809E-02,-5.384997E-01,5.010097E-01,2.890219E-01
1.151500E+03,-5.147511E-01,-3.067819E-01,5.681462E-02,-7.066986E-01,5.106992E-01,2.364767E-01
1.152000E+03,-3.719490E-01,-2.629200E-01,1.409804E-01,-8.699061E-01,5.141752E-01,1.807733E-01
1.152500E+03,-2.223729E-01,-2.149095E-01,2.245497E-01,-1.026310E+00,5.112520E-01,1.226128E-01
1.153000E+03,-6.761409E-02,-1.631770E-01,3.065697E-01,-1.174121E+00,5.018292E-01,6.274902E-02
1.153500E+03,9.063275E-02,-1.082105E-01,3.860863E-01,-1.311598E+00,4.858954E-01,1.978337E-03
1.154000E+03,2.505886E-01,-5.055560E-02,4.621555E-01,-1.437066E+00,4.635304E-01,-5.887154E-02
1.154500E+03,4.104105E-01,9.189133E-03,5.338562E-01,-1.548939E+00,4.349071E-01,-1.189537E-01
1.155000E+03,5.682136E-01,7.037809E-02,6.003019E-01,-1.645742E+00,4.002908E-01,-1.774145E-01
1.155500E+03,7.220946E-01,1.323254E-01,6.606530E-01,-1.726131E+00,3.600374E-01,-2.334072E-01
1.156000E+03,8.701563E-01,1.943126E-01,7.141291E-01,-1.788915E+00,3.145903E-01,-2.861048E-01
1.156500E+03,1.010532E+00,2.555974E-01,7.600201E-01,-1.833074E+00,2.644757E-01,-3.347139E-01
1.157000E+03,1.141411E+00,3.154228E-01,7.976970E-01,-1.857777E+00,2.102959E-01,-3.784874E-01
1.157500E+03,1.261065E+00,3.730275E-01,8.266221E-01,-1.862399E+00,1.527226E-01,-4.167372E-01
1.158000E+03,1.367871E+00,4.276560E-01,8.463575E-01,-1.846532E+00,9.248698E-02,-4.488465E-01
1.158500E+03,1.460334E+00,4.785695E-01,8.565735E-01,-1.810000E+00,3.037065E-02,-4.742801E-01
1.159000E+03,1.537115E+00,5.250572E-01,8.570545E-01,-1.752863E+00,-3.280599E-02,-4.925946E-01
1.159500E+03,1.597046E+00,5.664469E-01,8.477041E-01,-1.675430E+00,-9.619533E-02,-5.034464E-01
1.160000E+03,1.639154E+00,6.021164E-01,8.285486E-01,-1.578254E+00,-1.589351E-01,-5.065990E-01
1.160500E+03,1.662673E+00,6.315033E-01,7.997385E-01,-1.462139E+00,-2.201611E-01,-5.019279E-01
1.161000E+03,1.667064E+00,6.541154E-01,7.615485E-01,-1.328130E+00,-2.790206E-01,-4.894236E-01
1.161500E+03,1.652020E+00,6.695395E-01,7.143756E-01,-1.177509E+00,-3.346855E-01,-4.691938E-01
1.162000E+03,1.617481E+00,6.774498E-01,6.587356E-01,-1.011784E+00,-3.863648E-01,-4.414622E-01
1.162500E+03,1.563633E+00,6.776149E-01,5.952576E-01,-8.326773E-01,-4.333176E-01,-4.065662E-01
1.163000E+03,1.490914E+00,6.699035E-01,5.246764E-01,-6.421030E-01,-4.748646E-01,-3.649528E-01
1.163500E+03,1.400008E+00,6.542889E-01,4.478244E-01,-4.421518E-01,-5.103990E-01,-3.171720E-01
1.164000E+03,1.291844E+00,6.308520E-01,3.656208E-01,-2.350653E-01,-5.393965E-01,-2.638689E-01
1.164500E+03,1.167585E+00,5.997823E-01,2.790601E-01,-2.321108E-02,-5.614241E-01,-2.057737E-01
1.165000E+03,1.028612E+00,5.613777E-01,1.891986E-01,1.909457E-01,-5.761467E-01,-1.436911E-01
1.165500E+03,8.765140E-01,5.160424E-01,9.714095E-02,4.048726E-01,-5.833335E-01,-7.848712E-02
1.166000E+03,7.130655E-01,4.642830E-01,4.025017E-03,6.160014E-01,-5.828616E-01,-1.107601E-02
1.166500E+03,5.402050E-01,4.067027E-01,-8.899373E-02,8.217612E-01,-5.747184E-01,5.759433E-02
1.167000E+03,3.600109E-01,3.439948E-01,-1.807580E-01,1.019612E+00,-5.590023E-01,1.265574E-01
1.167500E+03,1.746746E-01,2.769330E-01,-2.701248E-01,1.207078E+00,-5.359214E-01,1.948433E-01
1.168000E+03,-1.352844E-02,2.063621E-01,-3.559811E-01,1.381783E+00,-5.057907E-01,2.614941E-01
1.168500E+03,-2.022688E-01,1.331862E-01,-4.372598E-01,1.541480E+00,-4.690273E-01,3.255793E-01
1.169000E+03,-3.891943E-01,5.835583E-02,-5.129544E-01,1.684088E+00,-4.261440E-01,3.862100E-01
1.169500E+03,-5.719620E-01,-1.714516E-02,-5.821331E-01,1.807715E+00,-3.777418E-01,4.425533E-01
1.170000E+03,-7.482702E-01,-9.231409E-02,-6.439517E-01,1.910693E+00,-3.245005E-01,4.938447E-01
1.170500E+03,-9.158898E-01,-1.661441E-01,-6.976658E-01,1.991597E+00,-2.671682E-01,5.394004E-01
1.171000E+03,-1.072695E+00,-2.376393E-01,-7.426404E-01,2.049270E+00,-2.065500E-01,5.786273E-01
1.171500E+03,-1.216695E+00,-3.058295E-01,-7.783590E-01,2.082841E+00,-1.434954E-01,6.110315E-01
1.172000E+03,-1.346057E+00,-3.697851E-01,-8.044301E-01,2.091741E+00,-7.888558E-02,6.362258E-01
1.172500E+03,-1.459135E+00,-4.286313E-01,-8.205926E-01,2.075711E+00,-1.361976E-02,6.539345E-01
1.173000E+03,-1.554495E+00,-4.815616E-01,-8.267184E-01,2.034809E+00,5.139838E-02,6.639969E-01
1.173500E+03,-1.630930E+00,-5.278503E-01,-8.228136E-01,1.969416E+00,1.152743E-01,6.663684E-01
1.174000E+03,-1.687479E+00,-5.668637E-01,-8.090174E-01,1.880229E+00,1.771360E-01,6.611199E-01
1.174500E+03,-1.723441E+00,-5.980700E-01,-7.855995E-01,1.768255E+00,2.361469E-01,6.484356E-01
1.175000E+03,-1.738385E+00,-6.210479E-01,-7.529549E-01,1.634803E+00,2.915180E-01,6.286080E-01
1.175500E+03,-1.732155E+00,-6.354928E-01,-7.115973E-01,1.481463E+00,3.425196E-01,6.020325E-01
1.176000E+03,-1.704870E+00,-6.412218E-01,-6.621507E-01,1.310091E+00,3.884910E-01,5.691990E-01
1.176500E+03,-1.656927E+00,-6.381766E-01,-6.053396E-01,1.122785E+00,4.288502E-01,5.306832E-01
1.177000E+03,-1.588988E+00,-6.264241E-01,-5.419777E-01,9.218528E-01,4.631016E-01,4.871359E-01
1.177500E+03,-1.501978E+00,-6.061557E-01,-4.729552E-01,7.097894E-01,4.908418E-01,4.392717E-01
1.178000E+03,-1.397066E+00,-5.776836E-01,-3.992254E-01,4.892381E-01,5.117653E-01,3.878563E-01
1.178500E+03,-1.275650E+00,-5.414364E-01,-3.217906E-01,2.629580E-01,5.256673E-01,3.336938E-01
1.179000E+03,-1.139338E+00,-4.979520E-01,-2.416873E-01,3.378627E-02,5.324450E-01,2.776132E-01
1.179500E+03,-9.899246E-01,-4.478687E-01,-1.599711E-01,-1.953995E-01,5.320984E-01,2.204550E-01
1.180000E+03,-8.293636E-01,-3.919158E-01,-7.770176E-02,-4.217204E-01,5.247282E-01,1.630575E-01
1.180500E+03,-6.597442E-01,-3.309013E-01,4.071805E-03,-6.423347E-01,5.105329E-01,1.062440E-01
1.181000E+03,-4.832597E-01,-2.657000E-01,8.432573E-02,-8.544762E-01,4.898043E-01,5.080991E-02
1.181500E+03,-3.021775E-01,-1.972390E-01,1.620752E-01,-1.055491E+00,4.629218E-01,-2.488838E-03
1.182000E+03,-1.188084E-01,-1.264839E-01,2.363871E-01,-1.242874E+00,4.303449E-01,-5.294698E-02
1.182500E+03,6.452510E-02,-5.442380E-02,3.063924E-01,-1.414300E+00,3.926053E-01,-9.991967E-02
1.183000E+03,2.455201E-01,1.794408E-02,3.712963E-01,-1.567656E+00,3.502978E-01,-1.428311E-01
1.183500E+03,4.219239E-01,8.962922E-02,4.303881E-01,-1.701069E+00,3.040705E-01,-1.811820E-01
1.184000E+03,5.915636E-01,1.596628E-01,4.830487E-01,-1.812927E+00,2.546139E-01,-2.145552E-01
1.184500E+03,7.523743E-01,2.271117E-01,5.287574E-01,-1.901903E+00,2.026505E-01,-2.426202E-01
1.185000E+03,9.024257E-01,2.910928E-01,5.670966E-01,-1.966967E+00,1.489233E-01,-2.651363E-01
1.185500E+03,1.039946E+00,3.507844E-01,5.977548E-01,-2.007400E+00,9.418466E-02,-2.819534E-01
1.186000E+03,1.163343E+00,4.054390E-01,6.205283E-01,-2.022799E+00,3.918558E-02,-2.930124E-01
1.186500E+03,1.271224E+00,4.543922E-01,6.353214E-01,-2.013083E+00,-1.533551E-02,-2.983433E-01
1.187000E+03,1.362412E+00,4.970722E-01,6.421443E-01,-1.978486E+00,-6.866289E-02,-2.980620E-01
1.187500E+03,1.435957E+00,5.330061E-01,6.411106E-01,-1.919554E+00,-1.201132E-01,-2.923665E-01
1.188000E+03,1.491143E+00,5.618260E-01,6.324324E-01,-1.837134E+00,-1.690446E-01,-2.815309E-01
1.188500E+03,1.527501E+00,5.832718E-01,6.164150E-01,-1.732356E+00,-2.148648E-01,-2.658990E-01
1.189000E+03,1.544806E+00,5.971936E-01,5.934494E-01,-1.606619E+00,-2.570380E-01,-2.458770E-01
1.189500E+03,1.543074E+00,6.035514E-01,5.640051E-01,-1.461565E+00,-2.950915E-01,-2.219248E-01
1.190000E+03,1.522566E+00,6.024135E-01,5.286210E-01,-1.299055E+00,-3.286204E-01,-1.945474E-01
1.190500E+03,1.483773E+00,5.939532E-01,4.878960E-01,-1.121142E+00,-3.572914E-01,-1.642855E-01
1.191000E+03,1.427408E+00,5.784438E-01,4.424792E-01,-9.300406E-01,-3.808457E-01,-1.317056E-01
1.191500E+03,1.354394E+00,5.562522E-01,3.930597E-01,-7.280957E-01,-3.991006E-01,-9.739072E-02
1.192000E+03,1.265848E+00,5.278313E-01,3.403556E-01,-5.177497E-01,-4.119495E-01,-6.193013E-02
1.192500E+03,1.163061E+00,4.937109E-01,2.851044E-01,-3.015090E-01,-4.193615E-01,-2.591024E-02
1.193000E+03,1.047480E+00,4.544882E-01,2.280518E-01,-8.191146E-02,-4.213794E-01,1.009478E-02
1.193500E+03,9.206878E-01,4.108169E-01,1.699420E-01,1.385069E-01,-4.181169E-01,4.553167E-02
1.194000E+03,7.843749E-01,3.633960E-01,1.115083E-01,3.572438E-01,-4.097546E-01,7.987611E-02
1.194500E+03,6.403209E-01,3.129583E-01,5.346328E-02,5.718608E-01,-3.965357E-01,1.126402E-01
1.195000E+03,4.903677E-01,2.602586E-01,-3.508889E-03,7.800124E-01,-3.787604E-01,1.433788E-01
1.195500E+03,3.363952E-01,2.060617E-01,-5.876078E-02,9.794724E-01,-3.567798E-01,1.716955E-01
1.196000E+03,1.802967E-01,1.511311E-01,-1.116884E-01,1.168158E+00,-3.309895E-01,1.972470E-01
1.196500E+03,2.395475E-02,9.621752E-02,-1.617371E-01,1.344151E+00,-3.018226E-01,2.197469E-01
1.197000E+03,-1.307820E-01,4.204826E-02,-2.084071E-01,1.505716E+00,-2.697425E-01,2.389684E-01
1.197500E+03,-2.821213E-01,-1.068250E-02,-2.512573E-01,1.651316E+00,-2.352354E-01,2.547460E-01
1.198000E+03,-4.283484E-01,-6.132302E-02,-2.899087E-01,1.779623E+00,-1.988028E-01,2.669756E-01
1.198500E+03,-5.678452E-01,-1.092720E-01,-3.240465E-01,1.889528E+00,-1.609544E-01,2.756147E-01
1.199000E+03,-6.991082E-01,-1.539858E-01,-3.534216E-01,1.980146E+00,-1.222007E-01,2.806803E-01
1.199500E+03,-8.207637E-01,-1.949841E-01,-3.778510E-01,2.050818E+00,-8.304590E-02,2.822470E-01
1.200000E+03,-9.315821E-01,-2.318548E-01,-3.972173E-01,2.101110E+00,-4.398179E-02,2.804435E-01
1.200500E+03,-1.030488E+00,-2.642576E-01,-4.114674E-01,2.130808E+00,-5.481238E-03,2.754486E-01
1.201000E+03,-1.116572E+00,-2.919259E-01,-4.206106E-01,2.139918E+00,3.200721E-02,2.674865E-01
1.201500E+03,-1.189093E+00,-3.146683E-01,-4.247158E-01,2.128647E+00,6.806434E-02,2.568215E-01
1.202000E+03,-1.247486E+00,-3.323680E-01,-4.239080E-01,2.097401E+00,1.023046E-01,2.437521E-01
1.202500E+03,-1.291363E+00,-3.449819E-01,-4.183650E-01,2.046769E+00,1.343799E-01,2.286045E-01
1.203000E+03,-1.320515E+00,-3.525379E-01,-4.083123E-01,1.977509E+00,1.639824E-01,2.117265E-01
1.203500E+03,-1.334905E+00,-3.551319E-01,-3.940191E-01,1.890534E+00,1.908469E-01,1.934807E-01
1.204000E+03,-1.334666E+00,-3.529232E-01,-3.757929E-01,1.786893E+00,2.147524E-01,1.742376E-01
1.204500E+03,-1.320096E+00,-3.461299E-01,-3.539743E-01,1.667759E+00,2.355231E-01,1.543688E-01
1.205000E+03,-1.291649E+00,-3.350228E-01,-3.289319E-01,1.534410E+00,2.530283E-01,1.342411E-01
1.205500E+03,-1.249922E+00,-3.199197E-01,-3.010563E-01,1.388211E+00,2.671820E-01,1.142095E-01
1.206000E+03,-1.195649E+00,-3.011782E-01,-2.707556E-01,1.230600E+00,2.779422E-01,9.461193E-02
1.206500E+03,-1.129685E+00,-2.791892E-01,-2.384490E-01,1.063071E+00,2.853087E-01,7.576373E-02
1.207000E+03,-1.052993E+00,-2.543697E-01,-2.045623E-01,8.871598E-01,2.893216E-01,5.795265E-02
1.207500E+03,-9.666318E-01,-2.271558E-01,-1.695227E-01,7.044292E-01,2.900581E-01,4.143484E-02
1.208000E+03,-8.717385E-01,-1.979952E-01,-1.337537E-01,5.164553E-01,2.876300E-01,2.643128E-02
1.208500E+03,-7.695146E-01,-1.673410E-01,-9.767092E-02,3.248158E-01,2.821805E-01,1.312496E-02
1.209000E+03,-6.612107E-01,-1.356445E-01,-6.167758E-02,1.310790E-01,2.738802E-01,1.658919E-03
1.209500E+03,-5.481104E-01,-1.033492E-01,-2.616083E-02,-6.320679E-02,2.629240E-01,-7.865061E-03
1.210000E+03,-4.315158E-01,-7.088524E-02,8.511857E-03,-2.565216E-01,2.495271E-01,-1.538686E-02
1.210500E+03,-3.127320E-01,-3.866367E-02,4.199582E-02,-4.473824E-01,2.339212E-01,-2.088770E-02
1.211000E+03,-1.930535E-01,-7.072069E-03,7.397193E-02,-6.343498E-01,2.163508E-01,-2.438908E-02
1.211500E+03,-7.374967E-02,2.352965E-02,1.041489E-01,-8.160346E-01,1.970694E-01,-2.595092E-02
1.212000E+03,4.394724E-02,5.281274E-02,1.322652E-01,-9.911031E-01,1.763361E-01,-2.566911E-02
1.212500E+03,1.588546E-01,8.048237E-02,1.580907E-01,-1.158282E+00,1.544123E-01,-2.367236E-02
1.213000E+03,2.698500E-01,1.062798E-01,1.814273E-01,-1.316364E+00,1.315583E-01,-2.011858E-02
1.213500E+03,3.758815E-01,1.299840E-01,2.021104E-01,-1.464209E+00,1.080309E-01,-1.519075E-02
1.214000E+03,4.759759E-01,1.514122E-01,2.200084E-01,-1.600753E+00,8.408029E-02,-9.092393E-03
1.214500E+03,5.692463E-01,1.704205E-01,2.350233E-01,-1.725007E+00,5.994835E-02,-2.042817E-03
1.215000E+03,6.548990E-01,1.869033E-01,2.470899E-01,-1.836063E+00,3.586636E-02,5.727869E-03
1.215500E+03,7.322379E-01,2.007926E-01,2.561754E-01,-1.933099E+00,1.205354E-02,1.398382E-02
1.216000E+03,8.006689E-01,2.120563E-01,2.622780E-01,-2.015379E+00,-1.128425E-02,2.248848E-02
1.216500E+03,8.597022E-01,2.206969E-01,2.654263E-01,-2.082263E+00,-3.395549E-02,3.100952E-02
1.217000E+03,9.089545E-01,2.267489E-01,2.656770E-01,-2.133205E+00,-5.578361E-02,3.932356E-02
1.217500E+03,9.481489E-01,2.302768E-01,2.631138E-01,-2.167761E+00,-7.660744E-02,4.722053E-02
1.218000E+03,9.771146E-01,2.313717E-01,2.578451E-01,-2.185594E+00,-9.628132E-02,5.450774E-02
1.218500E+03,9.957853E-01,2.301486E-01,2.500023E-01,-2.186474E+00,-1.146750E-01,6.101336E-02
1.219000E+03,1.004197E+00,2.267438E-01,2.397373E-01,-2.170286E+00,-1.316734E-01,6.658950E-02
1.219500E+03,1.002483E+00,2.213108E-01,2.272205E-01,-2.137032E+00,-1.471762E-01,7.111457E-02
1.220000E+03,9.908740E-01,2.140179E-01,2.126384E-01,-2.086835E+00,-1.610973E-01,7.449511E-02
1.220500E+03,9.696873E-01,2.050444E-01,1.961912E-01,-2.019943E+00,-1.733642E-01,7.666694E-02
1.221000E+03,9.393262E-01,1.945780E-01,1.780905E-01,-1.936728E+00,-1.839173E-01,7.759561E-02
1.221500E+03,9.002720E-01,1.828113E-01,1.585569E-01,-1.837692E+00,-1.927093E-01,7.727618E-02
1.222000E+03,8.530780E-01,1.699396E-01,1.378179E-01,-1.723464E+00,-1.997046E-01,7.573243E-02
1.222500E+03,7.983624E-01,1.561574E-01,1.161055E-01,-1.594800E+00,-2.048785E-01,7.301534E-02
1.223000E+03,7.368016E-01,1.416568E-01,9.365403E-02,-1.452584E+00,-2.082170E-01,6.920106E-02
1.223500E+03,6.691225E-01,1.266247E-01,7.069825E-02,-1.297821E+00,-2.097160E-01,6.438832E-02
1.224000E+03,5.960950E-01,1.112412E-01,4.747129E-02,-1.131634E+00,-2.093812E-01,5.869543E-02
1.224500E+03,5.185245E-01,9.567774E-02,2.420284E-02,-9.552601E-01,-2.072280E-01,5.225683E-02
1.225000E+03,4.372441E-01,8.009597E-02,1.117480E-03,-7.700399E-01,-2.032809E-01,4.521941E-02
1.225500E+03,3.531068E-01,6.464629E-02,-2.156695E-02,-5.774100E-01,-1.975740E-01,3.773862E-02
1.226000E+03,2.669779E-01,4.946725E-02,-4.364075E-02,-3.788924E-01,-1.901511E-01,2.997438E-02
1.226500E+03,1.797272E-01,3.468486E-02,-6.490375E-02,-1.760827E-01,-1.810653E-01,2.208712E-02
1.227000E+03,9.222206E-02,2.041232E-02,-8.516645E-02,2.936333E-02,-1.703801E-01,1.423380E-02
1.227500E+03,5.319366E-03,6.749882E-03,-1.042512E-01,2.357441E-01,-1.581689E-01,6.564123E-03
1.228000E+03,-8.014107E-02,-6.215034E-03,-1.219930E-01,4.413276E-01,-1.445160E-01,-7.829866E-04
1.228500E+03,-1.633436E-01,-1.840753E-02,-1.382406E-01,6.443679E-01,-1.295165E-01,-7.682532E-03
1.229000E+03,-2.435032E-01,-2.976476E-02,-1.528571E-01,8.431221E-01,-1.132767E-01,-1.402622E-02
1.229500E+03,-3.198721E-01,-4.023535E-02,-1.657209E-01,1.035868E+00,-9.591411E-02,-1.972472E-02
1.230000E+03,-3.917455E-01,-4.977868E-02,-1.767258E-01,1.220921E+00,-7.755804E-02,-2.470945E-02
1.230500E+03,-4.584673E-01,-5.836408E-02,-1.857823E-01,1.396655E+00,-5.834901E-02,-2.893374E-02
1.231000E+03,-5.194354E-01,-6.597000E-02,-1.928173E-01,1.561514E+00,-3.843883E-02,-3.237341E-02
1.231500E+03,-5.741068E-01,-7.258317E-02,-1.977751E-01,1.714036E+00,-1.799013E-02,-3.502684E-02
1.232000E+03,-6.220016E-01,-7.819768E-02,-2.006174E-01,1.852863E+00,2.824231E-03,-3.691432E-02
1.232500E+03,-6.627075E-01,-8.281420E-02,-2.013240E-01,1.976760E+00,2.382203E-02,-3.807693E-02
1.233000E+03,-6.958828E-01,-8.643918E-02,-1.998926E-01,2.084629E+00,4.481275E-02,-3.857486E-02
1.233500E+03,-7.212598E-01,-8.908413E-02,-1.963392E-01,2.175518E+00,6.559892E-02,-3.848521E-02
1.234000E+03,-7.386468E-01,-9.076496E-02,-1.906982E-01,2.248637E+00,8.597771E-02,-3.789943E-02
1.234500E+03,-7.479306E-01,-9.150152E-02,-1.830226E-01,2.303361E+00,1.057427E-01,-3.692032E-02
1.235000E+03,-7.490768E-01,-9.131709E-02,-1.733836E-01,2.339243E+00,1.246862E-01,-3.565885E-02
1.235500E+03,-7.421314E-01,-9.023813E-02,-1.618707E-01,2.356015E+00,1.426009E-01,-3.423067E-02
1.236000E+03,-7.272200E-01,-8.829405E-02,-1.485912E-01,2.353592E+00,1.592831E-01,-3.275266E-02
1.236500E+03,-7.045473E-01,-8.551715E-02,-1.336703E-01,2.332075E+00,1.745348E-01,-3.133929E-02
1.237000E+03,-6.743958E-01,-8.194258E-02,-1.172496E-01,2.291745E+00,1.881665E-01,-3.009927E-02
1.237500E+03,-6.371234E-01,-7.760852E-02,-9.948762E-02,2.233063E+00,1.999999E-01,-2.913218E-02
1.238000E+03,-5.931608E-01,-7.255633E-02,-8.055775E-02,2.156665E+00,2.098712E-01,-2.852544E-02
1.238500E+03,-5.430075E-01,-6.683081E-02,-6.064791E-02,2.063349E+00,2.176330E-01,-2.835166E-02
1.239000E+03,-4.872279E-01,-6.048048E-02,-3.995897E-02,1.954072E+00,2.231577E-01,-2.866629E-02
1.239500E+03,-4.264459E-01,-5.355793E-02,-1.870336E-02,1.829934E+00,2.263396E-01,-2.950584E-02
1.240000E+03,-3.613395E-01,-4.612010E-02,2.896671E-03,1.692169E+00,2.270974E-01,-3.088648E-02
1.240500E+03,-2.926340E-01,-3.822859E-02,2.461092E-02,1.542127E+00,2.253763E-01,-3.280337E-02
1.241000E+03,-2.210956E-01,-2.994988E-02,4.620333E-02,1.381259E+00,2.211497E-01,-3.523035E-02
1.241500E+03,-1.475234E-01,-2.135548E-02,6.743428E-02,1.211103E+00,2.144206E-01,-3.812038E-02
1.242000E+03,-7.274145E-02,-1.252201E-02,8.806309E-02,1.033265E+00,2.052227E-01,-4.140647E-02
1.242500E+03,2.409777E-03,-3.531134E-03,1.078505E-01,8.494022E-01,1.936209E-01,-4.500312E-02
1.243000E+03,7.708206E-02,5.530668E-03,1.265618E-01,6.612035E-01,1.797116E-01,-4.880837E-02
1.243500E+03,1.504287E-01,1.457242E-02,1.439689E-01,4.703728E-01,1.636222E-01,-5.270622E-02
1.244000E+03,2.216139E-01,2.349919E-02,1.598541E-01,2.786104E-01,1.455104E-01,-5.656951E-02
1.244500E+03,2.898217E-01,3.221277E-02,1.740126E-01,8.759563E-02,1.255626E-01,-6.026310E-02
1.245000E+03,3.542661E-01,4.061256E-02,1.862553E-01,-1.010298E-01,1.039927E-01,-6.364733E-02
1.245500E+03,4.141992E-01,4.859656E-02,1.964117E-01,-2.856784E-01,8.103906E-02,-6.658162E-02
1.246000E+03,4.689211E-01,5.606263E-02,2.043326E-01,-4.648317E-01,5.696225E-02,-6.892821E-02
1.246500E+03,5.177877E-01,6.290979E-02,2.098928E-01,-6.370547E-01,3.204176E-02,-7.055580E-02
1.247000E+03,5.602194E-01,6.903970E-02,2.129930E-01,-8.010080E-01,6.572457E-03,-7.134317E-02
1.247500E+03,5.957076E-01,7.435828E-02,2.135623E-01,-9.554600E-01,-1.913926E-02,-7.118258E-02
1.248000E+03,6.238223E-01,7.877731E-02,2.115593E-01,-1.099296E+00,-4.477956E-02,-6.998289E-02
1.248500E+03,6.442176E-01,8.221617E-02,2.069739E-01,-1.231528E+00,-7.003149E-02,-6.767233E-02
1.249000E+03,6.566364E-01,8.460352E-02,1.998282E-01,-1.351300E+00,-9.457945E-02,-6.420090E-02
1.249500E+03,6.609146E-01,8.587901E-02,1.901767E-01,-1.457891E+00,-1.181137E-01,-5.954220E-02
1.250000E+03,6.569838E-01,8.599485E-02,1.781065E-01,-1.550726E+00,-1.403347E-01,-5.369481E-02
1.250500E+03,6.448731E-01,8.491732E-02,1.637369E-01,-1.629367E+00,-1.609577E-01,-4.668309E-02
1.251000E+03,6.247095E-01,8.262809E-02,1.472183E-01,-1.693522E+00,-1.797169E-01,-3.855740E-02
1.251500E+03,5.967171E-01,7.912535E-02,1.287308E-01,-1.743039E+00,-1.963695E-01,-2.939372E-02
1.252000E+03,5.612152E-01,7.442474E-02,1.084825E-01,-1.777905E+00,-2.106990E-01,-1.929267E-02
1.252500E+03,5.186150E-01,6.855995E-02,8.670666E-02,-1.798238E+00,-2.225189E-01,-8.378054E-03
1.253000E+03,4.694152E-01,6.158307E-02,6.365930E-02,-1.804287E+00,-2.316753E-01,3.205252E-03
1.253500E+03,4.141965E-01,5.356461E-02,3.961573E-02,-1.796418E+00,-2.380497E-01,1.529379E-02
1.254000E+03,3.536146E-01,4.459315E-02,1.486704E-02,-1.775111E+00,-2.415600E-01,2.770849E-02
1.254500E+03,2.883928E-01,3.477467E-02,-1.028382E-02,-1.740948E+00,-2.421625E-01,4.025800E-02
1.255000E+03,2.193129E-01,2.423152E-02,-3.552617E-02,-1.694606E+00,-2.398523E-01,5.274226E-02
1.255500E+03,1.472061E-01,1.310100E-02,-6.054592E-02,-1.636839E+00,-2.346634E-01,6.495639E-02
1.256000E+03,7.294224E-02,1.533641E-03,-8.502996E-02,-1.568476E+00,-2.266683E-01,7.669452E-02
1.256500E+03,-2.580420E-03,-1.030886E-02,-1.086707E-01,-1.490402E+00,-2.159764E-01,8.775389E-02
1.257000E+03,-7.844698E-02,-2.225596E-02,-1.311704E-01,-1.403550E+00,-2.027332E-01,9.793869E-02
1.257500E+03,-1.537371E-01,-3.413090E-02,-1.522454E-01,-1.308887E+00,-1.871171E-01,1.070639E-01
1.258000E+03,-2.275370E-01,-4.575353E-02,-1.716305E-01,-1.207402E+00,-1.693375E-01,1.149588E-01
1.258500E+03,-2.989504E-01,-5.694324E-02,-1.890824E-01,-1.100096E+00,-1.496310E-01,1.214705E-01
1.259000E+03,-3.671106E-01,-6.752210E-02,-2.043835E-01,-9.879668E-01,-1.282584E-01,1.264665E-01
1.259500E+03,-4.311913E-01,-7.731796E-02,-2.173450E-01,-8.720045E-01,-1.055003E-01,1.298375E-01
1.260000E+03,-4.904167E-01,-8.616761E-02,-2.278092E-01,-7.531759E-01,-8.165319E-02,1.314996E-01
1.260500E+03,-5.440719E-01,-9.391977E-02,-2.356521E-01,-6.324175E-01,-5.702501E-02,1.313953E-01
1.261000E+03,-5.915113E-01,-1.004381E-01,-2.407847E-01,-5.106270E-01,-3.193080E-02,1.294953E-01
1.261500E+03,-6.321673E-01,-1.056037E-01,-2.431542E-01,-3.886561E-01,-6.688054E-03,1.257984E-01
1.262000E+03,-6.655568E-01,-1.093178E-01,-2.427446E-01,-2.673038E-01,1.838770E-02,1.203318E-01
1.262500E+03,-6.912872E-01,-1.115037E-01,-2.395761E-01,-1.473121E-01,4.298727E-02,1.131505E-01
1.263000E+03,-7.090609E-01,-1.121088E-01,-2.337052E-01,-2.936160E-02,6.681202E-02,1.043361E-01
1.263500E+03,-7.186792E-01,-1.111054E-01,-2.252228E-01,8.593089E-02,8.957782E-02,9.399552E-02
1.264000E+03,-7.200434E-01,-1.084921E-01,-2.142526E-01,1.980138E-01,1.110187E-01,8.225886E-02
1.264500E+03,-7.131563E-01,-1.042940E-01,-2.009492E-01,3.064010E-01,1.308900E-01,6.927706E-02
1.265000E+03,-6.981210E-01,-9.856276E-02,-1.854948E-01,4.106709E-01,1.489718E-01,5.521933E-02
1.265500E+03,-6.751391E-01,-9.137574E-02,-1.680967E-01,5.104642E-01,1.650706E-01,4.027013E-02
1.266000E+03,-6.445073E-01,-8.283525E-02,-1.489834E-01,6.054813E-01,1.790221E-01,2.462613E-02
1.266500E+03,-6.066131E-01,-7.306682E-02,-1.284013E-01,6.954779E-01,1.906922E-01,8.492863E-03
1.267000E+03,-5.619287E-01,-6.221723E-02,-1.066104E-01,7.802606E-01,1.999784E-01,-7.918522E-03
1.267500E+03,-5.110050E-01,-5.045210E-02,-8.388082E-02,8.596814E-01,2.068102E-01,-2.439463E-02
1.268000E+03,-4.544632E-01,-3.795310E-02,-6.048828E-02,9.336320E-01,2.111493E-01,-4.072304E-02
1.268500E+03,-3.929867E-01,-2.491476E-02,-3.671041E-02,1.002038E+00,2.129891E-01,-5.669547E-02
1.269000E+03,-3.273120E-01,-1.154113E-02,-1.282268E-02,1.064850E+00,2.123542E-01,-7.211070E-02
1.269500E+03,-2.582187E-01,1.957803E-03,1.090528E-02,1.122042E+00,2.092989E-01,-8.677734E-02
1.270000E+03,-1.865196E-01,1.536988E-02,3.421324E-02,1.173600E+00,2.039057E-01,-1.005163E-01
1.270500E+03,-1.130501E-01,2.848451E-02,5.685363E-02,1.219521E+00,1.962837E-01,-1.131628E-01
1.271000E+03,-3.865787E-02,4.109641E-02,7.859441E-02,1.259801E+00,1.865660E-01,-1.245686E-01
1.271500E+03,3.580779E-02,5.300931E-02,9.922167E-02,1.294437E+00,1.749076E-01,-1.346031E-01
1.272000E+03,1.095063E-01,6.403937E-02,1.185418E-01,1.323418E+00,1.614828E-01,-1.431550E-01
1.272500E+03,1.816157E-01,7.401851E-02,1.363830E-01,1.346724E+00,1.464824E-01,-1.501326E-01
1.273000E+03,2.513425E-01,8.279727E-02,1.525972E-01,1.364323E+00,1.301107E-01,-1.554650E-01
1.273500E+03,3.179303E-01,9.024749E-02,1.670602E-01,1.376167E+00,1.125831E-01,-1.591016E-01
1.274000E+03,3.806689E-01,9.626440E-02,1.796726E-01,1.382196E+00,9.412266E-02,-1.610127E-01
1.274500E+03,4.389013E-01,1.007684E-01,1.903598E-01,1.382335E+00,7.495774E-02,-1.611888E-01
1.275000E+03,4.920307E-01,1.037063E-01,1.990715E-01,1.376496E+00,5.531889E-02,-1.596401E-01
1.275500E+03,5.395270E-01,1.050521E-01,2.057811E-01,1.364584E+00,3.543633E-02,-1.563958E-01
1.276000E+03,5.809311E-01,1.048071E-01,2.104848E-01,1.346495E+00,1.553735E-02,-1.515032E-01
1.276500E+03,6.158593E-01,1.029997E-01,2.132001E-01,1.322123E+00,-4.156161E-03,-1.450263E-01
1.277000E+03,6.440065E-01,9.968454E-02,2.139646E-01,1.291368E+00,-2.342989E-02,-1.370454E-01
1.277500E+03,6.651479E-01,9.494142E-02,2.128339E-01,1.254137E+00,-4.207926E-02,-1.276548E-01
1.278000E+03,6.791403E-01,8.887333E-02,2.098799E-01,1.210352E+00,-5.991130E-02,-1.169624E-01
1.278500E+03,6.859221E-01,8.160447E-02,2.051888E-01,1.159960E+00,-7.674638E-02,-1.050878E-01
1.279000E+03,6.855123E-01,7.327769E-02,1.988592E-01,1.102934E+00,-9.241976E-02,-9.216119E-02
1.279500E+03,6.780089E-01,6.405169E-02,1.910000E-01,1.039285E+00,-1.067829E-01,-7.832197E-02
1.280000E+03,6.635861E-01,5.409800E-02,1.817281E-01,9.690639E-01,-1.197047E-01,-6.371732E-02
1.280500E+03,6.424907E-01,4.359767E-02,1.711672E-01,8.923737E-01,-1.310723E-01,-4.850095E-02
1.281000E+03,6.150382E-01,3.273796E-02,1.594450E-01,8.093704E-01,-1.407921E-01,-3.283171E-02
1.281500E+03,5.816075E-01,2.170889E-02,1.466922E-01,7.202707E-01,-1.487904E-01,-1.687237E-02
1.282000E+03,5.426358E-01,1.069981E-02,1.330407E-01,6.253555E-01,-1.550136E-01,-7.882301E-04
1.282500E+03,4.986121E-01,-1.038824E-04,1.186219E-01,5.249739E-01,-1.594287E-01,1.525417E-02
1.283000E+03,4.500711E-01,-1.052401E-02,1.035659E-01,4.195452E-01,-1.620232E-01,3.108835E-02
1.283500E+03,3.975864E-01,-2.039258E-02,8.800025E-02,3.095604E-01,-1.628053E-01,4.654928E-02
1.284000E+03,3.417630E-01,-2.955458E-02,7.204871E-02,1.955818E-01,-1.618037E-01,6.147474E-02
1.284500E+03,2.832304E-01,-3.787044E-02,5.583098E-02,7.824243E-02,-1.590666E-01,7.570678E-02
1.285000E+03,2.226351E-01,-4.521821E-02,3.946184E-02,-4.175736E-02,-1.546619E-01,8.909319E-02
1.285500E+03,1.606328E-01,-5.149534E-02,2.305081E-02,-1.636533E-01,-1.486760E-01,1.014890E-01
1.286000E+03,9.788159E-02,-5.662013E-02,6.701809E-03,-2.866223E-01,-1.412128E-01,1.127581E-01
1.286500E+03,3.503419E-02,-6.053278E-02,-9.486979E-03,-4.097893E-01,-1.323927E-01,1.227748E-01
1.287000E+03,-2.726886E-02,-6.319598E-02,-2.542321E-02,-5.322343E-01,-1.223510E-01,1.314255E-01
1.287500E+03,-8.840613E-02,-6.459521E-02,-4.102035E-02,-6.530011E-01,-1.112367E-01,1.386103E-01
1.288000E+03,-1.477817E-01,-6.473857E-02,-5.619757E-02,-7.711069E-01,-9.921054E-02,1.442448E-01
1.288500E+03,-2.048313E-01,-6.365630E-02,-7.087963E-02,-8.855524E-01,-8.644286E-02,1.482613E-01
1.289000E+03,-2.590279E-01,-6.139987E-02,-8.499663E-02,-9.953326E-01,-7.311182E-02,1.506106E-01
1.289500E+03,-3.098867E-01,-5.804084E-02,-9.848387E-02,-1.099449E+00,-5.940089E-02,1.512633E-01
1.290000E+03,-3.569698E-01,-5.366930E-02,-1.112815E-01,-1.196919E+00,-4.549648E-02,1.502110E-01
1.290500E+03,-3.998901E-01,-4.839222E-02,-1.233344E-01,-1.286791E+00,-3.158529E-02,1.474672E-01
1.291000E+03,-4.383144E-01,-4.233136E-02,-1.345918E-01,-1.368154E+00,-1.785173E-02,1.430682E-01
1.291500E+03,-4.719663E-01,-3.562115E-02,-1.450069E-01,-1.440149E+00,-4.475120E-03,1.370734E-01
1.292000E+03,-5.006276E-01,-2.840635E-02,-1.545372E-01,-1.501981E+00,8.373032E-03,1.295653E-01
1.292500E+03,-5.241399E-01,-2.083957E-02,-1.631434E-01,-1.552930E+00,2.053174E-02,1.206498E-01
1.293000E+03,-5.424047E-01,-1.307875E-02,-1.707899E-01,-1.592360E+00,3.185322E-02,1.104548E-01
1.293500E+03,-5.553830E-01,-5.284556E-03,-1.774440E-01,-1.619727E+00,4.220538E-02,9.912948E-02
1.294000E+03,-5.630944E-01,2.382220E-03,-1.830760E-01,-1.634590E+00,5.147414E-02,8.684278E-02
1.294500E+03,-5.656149E-01,9.763250E-03,-1.876592E-01,-1.636616E+00,5.956558E-02,7.378127E-02
1.295000E+03,-5.630747E-01,1.670521E-02,-1.911690E-01,-1.625587E+00,6.640770E-02,6.014670E-02
1.295500E+03,-5.556549E-01,2.306227E-02,-1.935833E-01,-1.601403E+00,7.195191E-02,4.615323E-02
1.296000E+03,-5.435833E-01,2.869841E-02,-1.948824E-01,-1.564087E+00,7.617404E-02,3.202404E-02
1.296500E+03,-5.271303E-01,3.348974E-02,-1.950482E-01,-1.513786E+00,7.907502E-02,1.798776E-02
1.297000E+03,-5.066039E-01,3.732651E-02,-1.940648E-01,-1.450772E+00,8.068102E-02,4.274501E-03
1.297500E+03,-4.823442E-01,4.011510E-02,-1.919180E-01,-1.375443E+00,8.104305E-02,-8.888320E-03
1.298000E+03,-4.547178E-01,4.177972E-02,-1.885957E-01,-1.288316E+00,8.023615E-02,-2.128032E-02
1.298500E+03,-4.241116E-01,4.226394E-02,-1.840872E-01,-1.190030E+00,7.835794E-02,-3.269259E-02
1.299000E+03,-3.909268E-01,4.153197E-02,-1.783842E-01,-1.081335E+00,7.552672E-02,-4.293206E-02
1.299500E+03,-3.555727E-01,3.956973E-02,-1.714803E-01,-9.630921E-01,7.187904E-02,-5.182584E-02
1.300000E+03,-3.184604E-01,3.638560E-02,-1.633719E-01,-8.362601E-01,6.756679E-02,-5.922526E-02
1.300500E+03,-2.799967E-01,3.201092E-02,-1.540581E-01,-7.018916E-01,6.275386E-02,-6.500960E-02
1.301000E+03,-2.405788E-01,2.650016E-02,-1.435415E-01,-5.611213E-01,5.761245E-02,-6.908946E-02
1.301500E+03,-2.005882E-01,1.993084E-02,-1.318287E-01,-4.151563E-01,5.231906E-02,-7.140950E-02
1.302000E+03,-1.603866E-01,1.240301E-02,-1.189312E-01,-2.652645E-01,4.705023E-02,-7.195065E-02
1.302500E+03,-1.203107E-01,4.038472E-03,-1.048665E-01,-1.127621E-01,4.197821E-02,-7.073161E-02
1.303000E+03,-8.066910E-02,-5.020399E-03,-8.965854E-02,4.099876E-02,3.726656E-02,-6.780954E-02
1.303500E+03,-4.173930E-02,-1.461217E-02,-7.333938E-02,1.946438E-01,3.306580E-02,-6.327995E-02
1.304000E+03,-3.765195E-03,-2.455827E-02,-5.595008E-02,3.467905E-01,2.950927E-02,-5.727578E-02
1.304500E+03,3.304407E-02,-3.466522E-02,-3.754211E-02,4.960621E-01,2.670927E-02,-4.996553E-02
1.305000E+03,6.851465E-02,-4.472726E-02,-1.817861E-02,6.411024E-01,2.475357E-02,-4.155060E-02
1.305500E+03,1.025076E-01,-5.452933E-02,2.064344E-03,7.805898E-01,2.370248E-02,-3.226169E-02
1.306000E+03,1.349177E-01,-6.385032E-02,2.309644E-02,9.132518E-01,2.358639E-02,-2.235448E-02
1.306500E+03,1.656715E-01,-7.246666E-02,4.481199E-02,1.037879E+00,2.440412E-02,-1.210452E-02
1.307000E+03,1.947244E-01,-8.015615E-02,6.708892E-02,1.153339E+00,2.612192E-02,-1.801538E-03
1.307500E+03,2.220570E-01,-8.670199E-02,8.978791E-02,1.258588E+00,2.867330E-02,8.256894E-03
1.308000E+03,2.476715E-01,-9.189700E-02,1.127518E-01,1.352686E+00,3.195970E-02,1.777201E-02
1.308500E+03,2.715866E-01,-9.554787E-02,1.358054E-01,1.434804E+00,3.585201E-02,2.645080E-02
1.309000E+03,2.938326E-01,-9.747951E-02,1.587553E-01,1.504239E+00,4.019294E-02,3.401316E-02
1.309500E+03,3.144466E-01,-9.753930E-02,1.813906E-01,1.560418E+00,4.480023E-02,4.019883E-02
1.310000E+03,3.334665E-01,-9.560119E-02,2.034836E-01,1.602909E+00,4.947065E-02,4.477429E-02
1.310500E+03,3.509264E-01,-9.156964E-02,2.247914E-01,1.631426E+00,5.398465E-02,4.753922E-02
1.311000E+03,3.668511E-01,-8.538316E-02,2.450572E-01,1.645831E+00,5.811175E-02,4.833232E-02
1.311500E+03,3.812517E-01,-7.701749E-02,2.640135E-01,1.646142E+00,6.161634E-02,4.703660E-02
1.312000E+03,3.941213E-01,-6.648830E-02,2.813843E-01,1.632525E+00,6.426393E-02,4.358363E-02
1.312500E+03,4.054317E-01,-5.385325E-02,2.968888E-01,1.605301E+00,6.582763E-02,3.795693E-02
1.313000E+03,4.151306E-01,-3.921340E-02,3.102452E-01,1.564937E+00,6.609472E-02,3.019418E-02
1.313500E+03,4.231399E-01,-2.271389E-02,3.211754E-01,1.512043E+00,6.487319E-02,2.038831E-02
1.314000E+03,4.293548E-01,-4.543803E-03,3.294092E-01,1.447363E+00,6.199802E-02,8.687170E-03
1.314500E+03,4.336444E-01,1.506485E-02,3.346897E-01,1.371766E+00,5.733703E-02,-4.707896E-03
1.315000E+03,4.358528E-01,3.583906E-02,3.367786E-01,1.286235E+00,5.079626E-02,-1.954497E-02
1.315500E+03,4.358020E-01,5.746757E-02,3.354618E-01,1.191850E+00,4.232453E-02,-3.552564E-02
1.316000E+03,4.332953E-01,7.960474E-02,3.305547E-01,1.089780E+00,3.191719E-02,-5.231044E-02
1.316500E+03,4.281221E-01,1.018751E-01,3.219079E-01,9.812618E-01,1.961889E-02,-6.952531E-02
1.317000E+03,4.200641E-01,1.238788E-01,3.094125E-01,8.675816E-01,5.525201E-03,-8.676914E-02
1.317500E+03,4.089013E-01,1.451982E-01,2.930050E-01,7.500602E-01,-1.021689E-02,-1.036223E-01
1.318000E+03,3.944199E-01,1.654045E-01,2.726720E-01,6.300317E-01,-2.740977E-02,-1.196556E-01
1.318500E+03,3.764200E-01,1.840658E-01,2.484539E-01,5.088247E-01,-4.580724E-02,-1.344402E-01
1.319000E+03,3.547243E-01,2.007550E-01,2.204485E-01,3.877427E-01,-6.511785E-02,-1.475574E-01
1.319500E+03,3.291865E-01,2.150582E-01,1.888132E-01,2.680453E-01,-8.500940E-02,-1.586090E-01
1.320000E+03,2.996999E-01,2.265838E-01,1.537666E-01,1.509301E-01,-1.051148E-01,-1.672267E-01
1.320500E+03,2.662058E-01,2.349705E-01,1.155889E-01,3.751519E-02,-1.250386E-01,-1.730821E-01
1.321000E+03,2.287016E-01,2.398968E-01,7.462138E-02,-7.117656E-02,-1.443651E-01,-1.758955E-01
1.321500E+03,1.872473E-01,2.410882E-01,3.126454E-02,-1.742314E-01,-1.626668E-01,-1.754437E-01
1.322000E+03,1.419722E-01,2.383257E-01,-1.402494E-02,-2.708568E-01,-1.795135E-01,-1.715676E-01
1.322500E+03,9.307970E-02,2.314522E-01,-6.073840E-02,-3.603913E-01,-1.944818E-01,-1.641772E-01
1.323000E+03,4.085094E-02,2.203786E-01,-1.083207E-01,-4.423113E-01,-2.071655E-01,-1.532564E-01
1.323500E+03,-1.435323E-02,2.050892E-01,-1.561766E-01,-5.162360E-01,-2.171847E-01,-1.388657E-01
1.324000E+03,-7.209183E-02,1.856449E-01,-2.036789E-01,-5.819290E-01,-2.241959E-01,-1.211433E-01
1.324500E+03,-1.318452E-01,1.621856E-01,-2.501767E-01,-6.392966E-01,-2.279011E-01,-1.003045E-01
1.325000E+03,-1.930184E-01,1.349316E-01,-2.950052E-01,-6.883843E-01,-2.280557E-01,-7.663896E-02
1.325500E+03,-2.549463E-01,1.041824E-01,-3.374962E-01,-7.293695E-01,-2.244767E-01,-5.050718E-02
1.326000E+03,-3.169011E-01,7.031439E-02,-3.769885E-01,-7.625518E-01,-2.170485E-01,-2.233419E-02
1.326500E+03,-3.781006E-01,3.377737E-02,-4.128397E-01,-7.883410E-01,-2.057283E-01,7.397695E-03
1.327000E+03,-4.377199E-01,-4.911467E-03,-4.444373E-01,-8.072423E-01,-1.905494E-01,3.815780E-02
1.327500E+03,-4.949028E-01,-4.517446E-02,-4.712104E-01,-8.198402E-01,-1.716235E-01,6.937731E-02
1.328000E+03,-5.487759E-01,-8.638217E-02,-4.926406E-01,-8.267801E-01,-1.491408E-01,1.004605E-01
1.328500E+03,-5.984638E-01,-1.278634E-01,-5.082725E-01,-8.287493E-01,-1.233687E-01,1.307970E-01
1.329000E+03,-6.431039E-01,-1.689162E-01,-5.177240E-01,-8.264566E-01,-9.464879E-02,1.597743E-01
1.329500E+03,-6.818638E-01,-2.088204E-01,-5.206951E-01,-8.206123E-01,-6.339181E-02,1.867911E-01
1.330000E+03,-7.139570E-01,-2.468505E-01,-5.169753E-01,-8.119077E-01,-3.007129E-02,2.112700E-01
1.330500E+03,-7.386601E-01,-2.822892E-01,-5.064508E-01,-8.009957E-01,4.784499E-03,2.326709E-01
1.331000E+03,-7.553282E-01,-3.144414E-01,-4.891086E-01,-7.884727E-01,4.060191E-02,2.505024E-01
1.331500E+03,-7.634108E-01,-3.426480E-01,-4.650403E-01,-7.748615E-01,7.677254E-02,2.643340E-01
1.332000E+03,-7.624654E-01,-3.662998E-01,-4.344433E-01,-7.605969E-01,1.126648E-01,2.738059E-01
1.332500E+03,-7.521705E-01,-3.848501E-01,-3.976204E-01,-7.460133E-01,1.476363E-01,2.786382E-01
1.333000E+03,-7.323361E-01,-3.978277E-01,-3.549777E-01,-7.313357E-01,1.810467E-01,2.786376E-01
1.333500E+03,-7.029128E-01,-4.048471E-01,-3.070200E-01,-7.166731E-01,2.122704E-01,2.737039E-01
1.334000E+03,-6.639978E-01,-4.056190E-01,-2.543448E-01,-7.020153E-01,2.407101E-01,2.638325E-01
1.334500E+03,-6.158389E-01,-3.999583E-01,-1.976343E-01,-6.872341E-01,2.658089E-01,2.491170E-01
1.335000E+03,-5.588356E-01,-3.877898E-01,-1.376459E-01,-6.720864E-01,2.870624E-01,2.297477E-01
1.335500E+03,-4.935373E-01,-3.691531E-01,-7.520084E-02,-6.562223E-01,3.040297E-01,2.060100E-01
1.336000E+03,-4.206386E-01,-3.442046E-01,-1.117148E-02,-6.391954E-01,3.163433E-01,1.782785E-01
1.336500E+03,-3.409724E-01,-3.132172E-01,5.353231E-02,-6.204768E-01,3.237174E-01,1.470116E-01
1.337000E+03,-2.554988E-01,-2.765778E-01,1.179779E-01,-5.994721E-01,3.259546E-01,1.127418E-01
1.337500E+03,-1.652929E-01,-2.347830E-01,1.812253E-01,-5.755403E-01,3.229514E-01,7.606647E-02
1.338000E+03,-7.152914E-02,-1.884316E-01,2.423427E-01,-5.480150E-01,3.147005E-01,3.763543E-02
1.338500E+03,2.453618E-02,-1.382162E-01,3.004227E-01,-5.162276E-01,3.012926E-01,-1.861451E-03
1.339000E+03,1.215844E-01,-8.491111E-02,3.545971E-01,-4.795307E-01,2.829153E-01,-4.170829E-02
1.339500E+03,2.182557E-01,-2.936033E-02,4.040530E-01,-4.373227E-01,2.598499E-01,-8.117757E-02
1.340000E+03,3.131710E-01,2.753749E-02,4.480459E-01,-3.890714E-01,2.324666E-01,-1.195449E-01
1.340500E+03,4.049552E-01,8.484478E-02,4.859136E-01,-3.343374E-01,2.012177E-01,-1.561037E-01
1.341000E+03,4.922606E-01,1.416018E-01,5.170878E-01,-2.727961E-01,1.666292E-01,-1.901797E-01
1.341500E+03,5.737896E-01,1.968444E-01,5.411036E-01,-2.042568E-01,1.292902E-01,-2.211447E-01
1.342000E+03,6.483181E-01,2.496215E-01,5.576090E-01,-1.286805E-01,8.984200E-02,-2.484291E-01
1.342500E+03,7.147165E-01,2.990135E-01,5.663700E-01,-4.619354E-02,4.896521E-02,-2.715339E-01
1.343000E+03,7.719701E-01,3.441493E-01,5.672756E-01,4.290187E-02,7.366449E-03,-2.900402E-01
1.343500E+03,8.191975E-01,3.842233E-01,5.603398E-01,1.381210E-01,-3.423554E-02,-3.036179E-01
1.344000E+03,8.556663E-01,4.185106E-01,5.457007E-01,2.387942E-01,-7.512401E-02,-3.120319E-01
1.344500E+03,8.808071E-01,4.463821E-01,5.236189E-01,3.440691E-01,-1.145982E-01,-3.151464E-01
1.345000E+03,8.942237E-01,4.673159E-01,4.944722E-01,4.529169E-01,-1.519872E-01,-3.129277E-01
1.345500E+03,8.957012E-01,4.809087E-01,4.587490E-01,5.641434E-01,-1.866626E-01,-3.054435E-01
1.346000E+03,8.852097E-01,4.868837E-01,4.170396E-01,6.764046E-01,-2.180505E-01,-2.928614E-01
1.346500E+03,8.629062E-01,4.850965E-01,3.700252E-01,7.882254E-01,-2.456428E-01,-2.754445E-01
1.347000E+03,8.291314E-01,4.755386E-01,3.184663E-01,8.980238E-01,-2.690059E-01,-2.535453E-01
1.347500E+03,7.844049E-01,4.583381E-01,2.631886E-01,1.004137E+00,-2.877886E-01,-2.275980E-01
1.348000E+03,7.294159E-01,4.337579E-01,2.050687E-01,1.104849E+00,-3.017283E-01,-1.981085E-01
1.348500E+03,6.650114E-01,4.021911E-01,1.450184E-01,1.198427E+00,-3.106546E-01,-1.656436E-01
1.349000E+03,5.921817E-01,3.641539E-01,8.396902E-02,1.283149E+00,-3.144915E-01,-1.308190E-01
1.349500E+03,5.120431E-01,3.202768E-01,2.285481E-02,1.357343E+00,-3.132577E-01,-9.428583E-02
1.350000E+03,4.258187E-01,2.712924E-01,-3.740259E-02,1.419417E+00,-3.070642E-01,-5.671778E-02
1.350500E+03,3.348172E-01,2.180220E-01,-9.591003E-02,1.467897E+00,-2.961111E-01,-1.879668E-02
1.351000E+03,2.404101E-01,1.613608E-01,-1.518176E-01,1.501455E+00,-2.806816E-01,1.880095E-02
1.351500E+03,1.440089E-01,1.022607E-01,-2.043327E-01,1.518944E+00,-2.611350E-01,5.541737E-02
1.352000E+03,4.704024E-02,4.171323E-02,-2.527322E-01,1.519424E+00,-2.378980E-01,9.042634E-02
1.352500E+03,-4.907724E-02,-1.926899E-02,-2.963742E-01,1.502184E+00,-2.114552E-01,1.232449E-01
1.353000E+03,-1.429570E-01,-7.967089E-02,-3.347068E-01,1.466766E+00,-1.823378E-01,1.533441E-01
1.353500E+03,-2.332670E-01,-1.384934E-01,-3.672764E-01,1.412980E+00,-1.511124E-01,1.802581E-01
1.354000E+03,-3.187512E-01,-1.947716E-01,-3.937328E-01,1.340914E+00,-1.183690E-01,2.035920E-01
1.354500E+03,-3.982496E-01,-2.475920E-01,-4.138334E-01,1.250941E+00,-8.470854E-02,2.230276E-01
1.355000E+03,-4.707152E-01,-2.961085E-01,-4.274445E-01,1.143721E+00,-5.073142E-02,2.383279E-01
1.355500E+03,-5.352301E-01,-3.395576E-01,-4.345410E-01,1.020194E+00,-1.702533E-02,2.493392E-01
1.356000E+03,-5.910182E-01,-3.772709E-01,-4.352042E-01,8.815710E-01,1.584561E-02,2.559920E-01
1.356500E+03,-6.374547E-01,-4.086863E-01,-4.296173E-01,7.293200E-01,4.735111E-02,2.582991E-01
1.357000E+03,-6.740739E-01,-4.333569E-01,-4.180598E-01,5.651443E-01,7.700392E-02,2.563532E-01
1.357500E+03,-7.005734E-01,-4.509574E-01,-4.008994E-01,3.909589E-01,1.043678E-01,2.503220E-01
1.358000E+03,-7.168146E-01,-4.612887E-01,-3.785836E-01,2.088611E-01,1.290640E-01,2.404422E-01
1.358500E+03,-7.228219E-01,-4.642789E-01,-3.516291E-01,2.109887E-02,1.507766E-01,2.270123E-01
1.359000E+03,-7.187774E-01,-4.599831E-01,-3.206111E-01,-1.699646E-01,1.692561E-01,2.103842E-01
1.359500E+03,-7.050142E-01,-4.485802E-01,-2.861510E-01,-3.618883E-01,1.843215E-01,1.909542E-01
1.360000E+03,-6.820065E-01,-4.303674E-01,-2.489048E-01,-5.521922E-01,1.958609E-01,1.691528E-01
1.360500E+03,-6.503578E-01,-4.057526E-01,-2.095499E-01,-7.383971E-01,2.038303E-01,1.454355E-01
1.361000E+03,-6.107874E-01,-3.752453E-01,-1.687733E-01,-9.180638E-01,2.082517E-01,1.202720E-01
1.361500E+03,-5.641146E-01,-3.394452E-01,-1.272592E-01,-1.088832E+00,2.092095E-01,9.413635E-02
1.362000E+03,-5.112423E-01,-2.990297E-01,-8.567739E-02,-1.248459E+00,2.068452E-01,6.749771E-02
1.362500E+03,-4.531397E-01,-2.547402E-01,-4.467256E-02,-1.394851E+00,2.013525E-01,4.081108E-02
1.363000E+03,-3.908240E-01,-2.073674E-01,-4.854015E-03,-1.526101E+00,1.929700E-01,1.450925E-02
1.363500E+03,-3.253425E-01,-1.577365E-01,3.321304E-02,-1.640513E+00,1.819746E-01,-1.100449E-02
1.364000E+03,-2.577541E-01,-1.066917E-01,6.901533E-02,-1.736628E+00,1.686741E-01,-3.536254E-02
1.364500E+03,-1.891121E-01,-5.508069E-02,1.020980E-01,-1.813247E+00,1.533987E-01,-5.823800E-02
1.365000E+03,-1.204474E-01,-3.740277E-03,1.320697E-01,-1.869446E+00,1.364944E-01,-7.934855E-02
1.365500E+03,-5.275275E-02,4.651823E-02,1.586064E-01,-1.904583E+00,1.183146E-01,-9.845900E-02
1.366000E+03,1.303166E-02,9.492214E-02,1.814538E-01,-1.918312E+00,9.921307E-02,-1.153827E-01
1.366500E+03,7.603100E-02,1.407496E-01,2.004281E-01,-1.910578E+00,7.953767E-02,-1.299817E-01
1.367000E+03,1.354470E-01,1.833404E-01,2.154162E-01,-1.881618E+00,5.962389E-02,-1.421659E-01
1.367500E+03,1.905675E-01,2.221052E-01,2.263737E-01,-1.831950E+00,3.978971E-02,-1.518911E-01
1.368000E+03,2.407736E-01,2.565335E-01,2.333225E-01,-1.762362E+00,2.033108E-02,-1.591563E-01
1.368500E+03,2.855457E-01,2.861992E-01,2.363474E-01,-1.673894E+00,1.518311E-03,-1.640000E-01
1.369000E+03,3.244668E-01,3.107652E-01,2.355911E-01,-1.567821E+00,-1.640667E-02,-1.664964E-01
1.369500E+03,3.572249E-01,3.299860E-01,2.312494E-01,-1.445628E+00,-3.323216E-02,-1.667506E-01
1.370000E+03,3.836123E-01,3.437078E-01,2.235650E-01,-1.308983E+00,-4.877763E-02,-1.648937E-01
1.370500E+03,4.035248E-01,3.518686E-01,2.128215E-01,-1.159713E+00,-6.289395E-02,-1.610784E-01
1.371000E+03,4.169578E-01,3.544948E-01,1.993369E-01,-9.997696E-01,-7.546282E-02,-1.554735E-01
1.371500E+03,4.240024E-01,3.516981E-01,1.834564E-01,-8.312045E-01,-8.639557E-02,-1.482598E-01
1.372000E+03,4.248390E-01,3.436699E-01,1.655463E-01,-6.561350E-01,-9.563147E-02,-1.396255E-01
1.372500E+03,4.197310E-01,3.306752E-01,1.459869E-01,-4.767149E-01,-1.031356E-01,-1.297621E-01
1.373000E+03,4.090168E-01,3.130455E-01,1.251663E-01,-2.951049E-01,-1.088963E-01,-1.188616E-01
1.373500E+03,3.931017E-01,2.911708E-01,1.034742E-01,-1.134443E-01,-1.129228E-01,-1.071126E-01
1.374000E+03,3.724488E-01,2.654910E-01,8.129615E-02,6.617664E-02,-1.152424E-01,-9.469931E-02
1.374500E+03,3.475701E-01,2.364875E-01,5.900855E-02,2.417411E-01,-1.158978E-01,-8.179876E-02
1.375000E+03,3.190172E-01,2.046736E-01,3.697352E-02,4.113291E-01,-1.149447E-01,-6.858037E-02
1.375500E+03,2.873719E-01,1.705861E-01,1.553479E-02,5.731377E-01,-1.124498E-01,-5.520523E-02
1.376000E+03,2.532371E-01,1.347762E-01,-4.985999E-03,7.254991E-01,-1.084883E-01,-4.182606E-02
1.376500E+03,2.172280E-01,9.780072E-02,-2.429253E-02,8.668959E-01,-1.031431E-01,-2.858763E-02
1.377000E+03,1.799634E-01,6.021467E-02,-4.211645E-02,9.959736E-01,-9.650273E-02,-1.562737E-02
1.377500E+03,1.420579E-01,2.256313E-02,-5.821961E-02,1.111550E+00,-8.866141E-02,-3.076368E-03
1.378000E+03,1.041139E-01,-1.462542E-02,-7.239566E-02,1.212625E+00,-7.971795E-02,8.939640E-03
1.378500E+03,6.671466E-02,-5.084546E-02,-8.447145E-02,1.298380E+00,-6.977601E-02,2.029925E-02
1.379000E+03,3.041798E-02,-8.561989E-02,-9.430780E-02,1.368186E+00,-5.894418E-02,3.088445E-02
1.379500E+03,-4.250152E-03,-1.185049E-01,-1.018001E-01,1.421601E+00,-4.733647E-02,4.057990E-02
1.380000E+03,-3.680071E-02,-1.490940E-01,-1.068785E-01,1.458369E+00,-3.507292E-02,4.927250E-02
1.380500E+03,-6.678655E-02,-1.770216E-01,-1.095079E-01,1.478415E+00,-2.228023E-02,5.685132E-02
1.381000E+03,-9.380668E-02,-2.019651E-01,-1.096874E-01,1.481843E+00,-9.092485E-03,6.320791E-02
1.381500E+03,-1.175100E-01,-2.236479E-01,-1.074502E-01,1.468926E+00,4.348362E-03,6.823715E-02
1.382000E+03,-1.375985E-01,-2.418399E-01,-1.028625E-01,1.440101E+00,1.789210E-02,7.183847E-02
1.382500E+03,-1.538300E-01,-2.563590E-01,-9.602267E-02,1.395960E+00,3.138020E-02,7.391761E-02
1.383000E+03,-1.660202E-01,-2.670715E-01,-8.706005E-02,1.337239E+00,4.464613E-02,7.438869E-02
1.383500E+03,-1.740448E-01,-2.738918E-01,-7.613376E-02,1.264812E+00,5.751605E-02,7.317678E-02
1.384000E+03,-1.778400E-01,-2.767826E-01,-6.343106E-02,1.179674E+00,6.981001E-02,7.022068E-02
1.384500E+03,-1.774038E-01,-2.757536E-01,-4.916559E-02,1.082936E+00,8.134362E-02,6.547594E-02
1.385000E+03,-1.727959E-01,-2.708613E-01,-3.357539E-02,9.758123E-01,9.193025E-02,5.891791E-02
1.385500E+03,-1.641372E-01,-2.622072E-01,-1.692056E-02,8.596047E-01,1.013837E-01,5.054484E-02
1.386000E+03,-1.516089E-01,-2.499367E-01,5.192072E-04,7.356950E-01,1.095214E-01,4.038079E-02
1.386500E+03,-1.354511E-01,-2.342373E-01,1.844758E-02,6.055304E-01,1.161677E-01,2.847822E-02
1.387000E+03,-1.159601E-01,-2.153372E-01,3.655472E-02,4.706105E-01,1.211582E-01,1.492020E-02
1.387500E+03,-9.348584E-02,-1.935024E-01,5.452081E-02,3.324745E-01,1.243433E-01,-1.779480E-04
1.388000E+03,-6.842834E-02,-1.690353E-01,7.201989E-02,1.926869E-01,1.255931E-01,-1.666764E-02
1.388500E+03,-4.123303E-02,-1.422712E-01,8.872400E-02,5.282377E-02,1.248009E-01,-3.436682E-02
1.389000E+03,-1.238588E-02,-1.135763E-01,1.043077E-01,-8.554221E-02,1.218879E-01,-5.306055E-02
1.389500E+03,1.759246E-02,-8.334373E-02,1.184525E-01,-2.208565E-01,1.168068E-01,-7.250252E-02
1.390000E+03,4.815321E-02,-5.199052E-02,1.308523E-01,-3.515982E-01,1.095452E-01,-9.241749E-02
1.390500E+03,7.872671E-02,-1.995336E-02,1.412180E-01,-4.762956E-01,1.001289E-01,-1.125046E-01
1.391000E+03,1.087303E-01,1.231561E-02,1.492827E-01,-5.935423E-01,8.862376E-02,-1.324418E-01
1.391500E+03,1.375768E-01,4.435357E-02,1.548072E-01,-7.020127E-01,7.513735E-02,-1.518909E-01
1.392000E+03,1.646833E-01,7.569212E-02,1.575849E-01,-8.004781E-01,5.981972E-02,-1.705032E-01
1.392500E+03,1.894811E-01,1.058628E-01,1.574462E-01,-8.878222E-01,4.286299E-02,-1.879267E-01
1.393000E+03,2.114243E-01,1.344029E-01,1.542640E-01,-9.630558E-01,2.450009E-02,-2.038128E-01
1.393500E+03,2.300005E-01,1.608619E-01,1.479569E-01,-1.025332E+00,5.002429E-03,-2.178237E-01
1.394000E+03,2.447399E-01,1.848072E-01,1.384936E-01,-1.073957E+00,-1.532344E-02,-2.296405E-01
1.394500E+03,2.552249E-01,2.058317E-01,1.258951E-01,-1.108405E+00,-3.614020E-02,-2.389706E-01
1.395000E+03,2.610990E-01,2.235595E-01,1.102377E-01,-1.128327E+00,-5.708504E-02,-2.455556E-01
1.395500E+03,2.620756E-01,2.376530E-01,9.165353E-02,-1.133559E+00,-7.777589E-02,-2.491781E-01
1.396000E+03,2.579452E-01,2.478191E-01,7.033175E-02,-1.124128E+00,-9.781828E-02,-2.496683E-01
1.396500E+03,2.485821E-01,2.538158E-01,4.651742E-02,-1.100257E+00,-1.168130E-01,-2.469103E-01
1.397000E+03,2.339501E-01,2.554572E-01,2.051005E-02,-1.062367E+00,-1.343639E-01,-2.408463E-01
1.397500E+03,2.141065E-01,2.526193E-01,-7.339149E-03,-1.011070E+00,-1.500867E-01,-2.314809E-01
1.398000E+03,1.892046E-01,2.452438E-01,-3.663117E-02,-9.471711E-01,-1.636167E-01,-2.188833E-01
1.398500E+03,1.594952E-01,2.333424E-01,-6.692409E-02,-8.716575E-01,-1.746180E-01,-2.031887E-01
1.399000E+03,1.253250E-01,2.169988E-01,-9.773912E-02,-7.856873E-01,-1.827908E-01,-1.845975E-01
1.399500E+03,8.713496E-02,1.963704E-01,-1.285675E-01,-6.905764E-01,-1.878795E-01,-1.633743E-01
1.400000E+03,4.545554E-02,1.716885E-01,-1.588786E-01,-5.877811E-01,-1.896790E-01,-1.398439E-01
1.400500E+03,9.004817E-04,1.432575E-01,-1.881281E-01,-4.788787E-01,-1.880416E-01,-1.143870E-01
1.401000E+03,-4.584107E-02,1.114525E-01,-2.157679E-01,-3.655446E-01,-1.828812E-01,-8.743386E-02
1.401500E+03,-9.401437E-02,7.671510E-02,-2.412553E-01,-2.495275E-01,-1.741774E-01,-5.945709E-02
1.402000E+03,-1.428103E-01,3.954920E-02,-2.640637E-01,-1.326232E-01,-1.619781E-01,-3.096289E-02
1.402500E+03,-1.913783E-01,5.138237E-04,-2.836921E-01,-1.664558E-02,-1.464005E-01,-2.481555E-03
1.403000E+03,-2.388403E-01,-3.978431E-02,-2.996758E-01,9.660212E-02,-1.276306E-01,2.544288E-02
1.403500E+03,-2.843057E-01,-8.069975E-02,-3.115959E-01,2.053576E-01,-1.059219E-01,5.226357E-02
1.404000E+03,-3.268872E-01,-1.215584E-01,-3.190888E-01,3.079294E-01,-8.159130E-02,7.744209E-02
1.404500E+03,-3.657175E-01,-1.616682E-01,-3.218546E-01,4.027260E-01,-5.501505E-02,1.004598E-01
1.405000E+03,-3.999651E-01,-2.003313E-01,-3.196649E-01,4.882843E-01,-2.662225E-02,1.208290E-01
1.405500E+03,-4.288512E-01,-2.368557E-01,-3.123695E-01,5.632961E-01,3.112389E-03,1.381037E-01
1.406000E+03,-4.516654E-01,-2.705682E-01,-2.999015E-01,6.266322E-01,3.367704E-02,1.518894E-01
1.406500E+03,-4.677807E-01,-3.008269E-01,-2.822814E-01,6.773639E-01,6.453220E-02,1.618527E-01
1.407000E+03,-4.766674E-01,-3.270338E-01,-2.596193E-01,7.147815E-01,9.512082E-02,1.677288E-01
1.407500E+03,-4.779060E-01,-3.486466E-01,-2.321159E-01,7.384082E-01,1.248791E-01,1.693282E-01
1.408000E+03,-4.711977E-01,-3.651901E-01,-2.000614E-01,7.480109E-01,1.532474E-01,1.665422E-01
1.408500E+03,-4.563735E-01,-3.762671E-01,-1.638328E-01,7.436059E-01,1.796816E-01,1.593458E-01
1.409000E+03,-4.334005E-01,-3.815668E-01,-1.238896E-01,7.254606E-01,2.036637E-01,1.478000E-01
1.409500E+03,-4.023868E-01,-3.808736E-01,-8.076789E-02,6.940902E-01,2.247125E-01,1.320514E-01
1.410000E+03,-3.635829E-01,-3.740728E-01,-3.507247E-02,6.502497E-01,2.423939E-01,1.123303E-01
1.410500E+03,-3.173809E-01,-3.611553E-01,1.253205E-02,5.949213E-01,2.563293E-01,8.894750E-02
1.411000E+03,-2.643113E-01,-3.422202E-01,6.133171E-02,5.292974E-01,2.662043E-01,6.228843E-02
1.411500E+03,-2.050364E-01,-3.174757E-01,1.105748E-01,4.547593E-01,2.717749E-01,3.280648E-02
1.412000E+03,-1.403425E-01,-2.872373E-01,1.594845E-01,3.728525E-01,2.728734E-01,1.014502E-03
1.412500E+03,-7.112789E-02,-2.519244E-01,2.072718E-01,2.852580E-01,2.694124E-01,-3.252490E-02
1.413000E+03,1.610028E-03,-2.120551E-01,2.531495E-01,1.937609E-01,2.613865E-01,-6.721018E-02
1.413500E+03,7.679031E-02,-1.682381E-01,2.963460E-01,1.002175E-01,2.488738E-01,-1.024125E-01
1.414000E+03,1.532658E-01,-1.211638E-01,3.361195E-01,6.519292E-03,2.320345E-01,-1.374880E-01
1.414500E+03,2.298417E-01,-7.159288E-02,3.717710E-01,-8.544223E-02,2.111087E-01,-1.717903E-01
1.415000E+03,3.052959E-01,-2.034351E-02,4.026579E-01,-1.738125E-01,1.864117E-01,-2.046833E-01
1.415500E+03,3.783994E-01,3.172240E-02,4.282055E-01,-2.568094E-01,1.583292E-01,-2.355537E-01
1.416000E+03,4.479374E-01,8.371441E-02,4.479188E-01,-3.327579E-01,1.273095E-01,-2.638227E-01
1.416500E+03,5.127308E-01,1.347294E-01,4.613916E-01,-4.001230E-01,9.385561E-02,-2.889577E-01
1.417000E+03,5.716569E-01,1.838679E-01,4.683152E-01,-4.575394E-01,5.851622E-02,-3.104822E-01
1.417500E+03,6.236695E-01,2.302506E-01,4.684848E-01,-5.038390E-01,2.187521E-02,-3.279854E-01
1.418000E+03,6.678179E-01,2.730348E-01,4.618041E-01,-5.380735E-01,-1.545897E-02,-3.411300E-01
1.418500E+03,7.032641E-01,3.114298E-01,4.482885E-01,-5.595341E-01,-5.286447E-02,-3.496580E-01
1.419000E+03,7.292987E-01,3.447129E-01,4.280657E-01,-5.677655E-01,-8.971748E-02,-3.533963E-01
1.419500E+03,7.453544E-01,3.722425E-01,4.013745E-01,-5.625753E-01,-1.254036E-01,-3.522590E-01
1.420000E+03,7.510167E-01,3.934713E-01,3.685618E-01,-5.440388E-01,-1.593288E-01,-3.462489E-01
1.420500E+03,7.460328E-01,4.079570E-01,3.300775E-01,-5.124977E-01,-1.909302E-01,-3.354574E-01
1.421000E+03,7.303174E-01,4.153713E-01,2.864671E-01,-4.685546E-01,-2.196861E-01,-3.200616E-01
1.421500E+03,7.039547E-01,4.155076E-01,2.383637E-01,-4.130614E-01,-2.451247E-01,-3.003213E-01
1.422000E+03,6.671994E-01,4.082851E-01,1.864770E-01,-3.471037E-01,-2.668327E-01,-2.765727E-01
1.422500E+03,6.204729E-01,3.937517E-01,1.315820E-01,-2.719800E-01,-2.844615E-01,-2.492224E-01
1.423000E+03,5.643574E-01,3.720844E-01,7.450586E-02,-1.891769E-01,-2.977335E-01,-2.187388E-01
1.423500E+03,4.995875E-01,3.435867E-01,1.611434E-02,-1.003413E-01,-3.064458E-01,-1.856433E-01
1.424000E+03,4.270384E-01,3.086842E-01,-4.270290E-02,-7.247971E-03,-3.104734E-01,-1.504999E-01
1.424500E+03,3.477125E-01,2.679177E-01,-1.010472E-01,8.823371E-02,-3.097703E-01,-1.139049E-01
1.425000E+03,2.627231E-01,2.219344E-01,-1.580260E-01,1.841760E-01,-3.043696E-01,-7.647547E-02
1.425500E+03,1.732768E-01,1.714766E-01,-2.127678E-01,2.786295E-01,-2.943818E-01,-3.883856E-02
1.426000E+03,8.065382E-02,1.173693E-01,-2.644367E-01,3.696608E-01,-2.799919E-01,-1.619356E-03
1.426500E+03,-1.381228E-02,6.050523E-02,-3.122463E-01,4.553896E-01,-2.614557E-01,3.456967E-02
1.427000E+03,-1.087564E-01,1.829906E-03,-3.554729E-01,5.340243E-01,-2.390939E-01,6.913947E-02
1.427500E+03,-2.028035E-01,-5.767537E-02,-3.934671E-01,6.038970E-01,-2.132861E-01,1.015344E-01
1.428000E+03,-2.945911E-01,-1.170107E-01,-4.256648E-01,6.634949E-01,-1.844635E-01,1.312415E-01
1.428500E+03,-3.827904E-01,-1.751753E-01,-4.515955E-01,7.114896E-01,-1.531007E-01,1.577985E-01
1.429000E+03,-4.661278E-01,-2.311850E-01,-4.708905E-01,7.467625E-01,-1.197072E-01,1.808015E-01
1.429500E+03,-5.434047E-01,-2.840900E-01,-4.832880E-01,7.684266E-01,-8.481871E-02,1.999102E-01
1.430000E+03,-6.135162E-01,-3.329911E-01,-4.886371E-01,7.758428E-01,-4.898724E-02,2.148533E-01
1.430500E+03,-6.754680E-01,-3.770559E-01,-4.868992E-01,7.686335E-01,-1.277227E-02,2.254313E-01
1.431000E+03,-7.283917E-01,-4.155336E-01,-4.781485E-01,7.466891E-01,2.326863E-02,2.315190E-01
1.431500E+03,-7.715573E-01,-4.477677E-01,-4.625694E-01,7.101714E-01,5.858887E-02,2.330659E-01
1.432000E+03,-8.043840E-01,-4.732075E-01,-4.404533E-01,6.595106E-01,9.266137E-02,2.300958E-01
1.432500E+03,-8.264482E-01,-4.914181E-01,-4.121923E-01,5.953981E-01,1.249866E-01,2.227047E-01
1.433000E+03,-8.374885E-01,-5.020873E-01,-3.782722E-01,5.187743E-01,1.551003E-01,2.110579E-01
1.433500E+03,-8.374089E-01,-5.050312E-01,-3.392641E-01,4.308119E-01,1.825795E-01,1.953863E-01
1.434000E+03,-8.262786E-01,-5.001969E-01,-2.958136E-01,3.328951E-01,2.070492E-01,1.759804E-01
1.434500E+03,-8.043293E-01,-4.876636E-01,-2.486302E-01,2.265944E-01,2.281866E-01,1.531853E-01
1.435000E+03,-7.719501E-01,-4.676405E-01,-1.984746E-01,1.136393E-01,2.457254E-01,1.273936E-01
1.435500E+03,-7.296797E-01,-4.404632E-01,-1.461461E-01,-4.113103E-03,2.594587E-01,9.903816E-02
1.436000E+03,-6.781970E-01,-4.065873E-01,-9.246922E-02,-1.247107E-01,2.692410E-01,6.858450E-02
1.436500E+03,-6.183083E-01,-3.665806E-01,-3.827987E-02,-2.461411E-01,2.749892E-01,3.652289E-02
1.437000E+03,-5.509342E-01,-3.211127E-01,1.558826E-02,-3.663673E-01,2.766822E-01,3.360148E-03
1.437500E+03,-4.770936E-01,-2.709433E-01,6.831716E-02,-4.833636E-01,2.743606E-01,-3.038850E-02
1.438000E+03,-3.978873E-01,-2.169093E-01,1.191175E-01,-5.951509E-01,2.681242E-01,-6.420748E-02
1.438500E+03,-3.144798E-01,-1.599095E-01,1.672413E-01,-6.998316E-01,2.581297E-01,-9.758867E-02
1.439000E+03,-2.280813E-01,-1.008899E-01,2.119930E-01,-7.956225E-01,2.445866E-01,-1.300389E-01
1.439500E+03,-1.399281E-01,-4.082702E-02,2.527406E-01,-8.808858E-01,2.277537E-01,-1.610870E-01
1.440000E+03,-5.126403E-02,1.928855E-02,2.889245E-01,-9.541578E-01,2.079338E-01,-1.902903E-01
1.440500E+03,3.667877E-02,7.846902E-02,3.200662E-01,-1.014173E+00,1.854682E-01,-2.172407E-01
1.441000E+03,1.226980E-01,1.357460E-01,3.457743E-01,-1.059888E+00,1.607312E-01,-2.415697E-01
1.441500E+03,2.056391E-01,1.901866E-01,3.657501E-01,-1.090497E+00,1.341238E-01,-2.629531E-01
1.442000E+03,2.844114E-01,2.409089E-01,3.797909E-01,-1.105445E+00,1.060671E-01,-2.811149E-01
1.442500E+03,3.580040E-01,2.870968E-01,3.877919E-01,-1.104440E+00,7.699608E-02,-2.958302E-01
1.443000E+03,4.254989E-01,3.280127E-01,3.897471E-01,-1.087457E+00,4.735260E-02,-3.069273E-01
1.443500E+03,4.860840E-01,3.630100E-01,3.857470E-01,-1.054735E+00,1.757901E-02,-3.142894E-01
1.444000E+03,5.390624E-01,3.915431E-01,3.759766E-01,-1.006777E+00,-1.188842E-02,-3.178553E-01
1.444500E+03,5.838617E-01,4.131760E-01,3.607109E-01,-9.443370E-01,-4.062568E-02,-3.176191E-01
1.445000E+03,6.200392E-01,4.275889E-01,3.403088E-01,-8.684121E-01,-6.822709E-02,-3.136293E-01
1.445500E+03,6.472872E-01,4.345830E-01,3.152064E-01,-7.802213E-01,-9.431081E-02,-3.059875E-01
1.446000E+03,6.654341E-01,4.340831E-01,2.859086E-01,-6.811865E-01,-1.185241E-01,-2.948457E-01
1.446500E+03,6.744445E-01,4.261380E-01,2.529801E-01,-5.729085E-01,-1.405478E-01,-2.804040E-01
1.447000E+03,6.744172E-01,4.109194E-01,2.170351E-01,-4.571397E-01,-1.601007E-01,-2.629066E-01
1.447500E+03,6.655806E-01,3.887180E-01,1.787267E-01,-3.357552E-01,-1.769429E-01,-2.426380E-01
1.448000E+03,6.482868E-01,3.599382E-01,1.387354E-01,-2.107209E-01,-1.908786E-01,-2.199184E-01
1.448500E+03,6.230037E-01,3.250909E-01,9.775785E-02,-8.406117E-02,-2.017584E-01,-1.950992E-01
1.449000E+03,5.903048E-01,2.847842E-01,5.649482E-02,4.217480E-02,-2.094807E-01,-1.685572E-01
1.449500E+03,5.508589E-01,2.397133E-01,1.563978E-02,1.659473E-01,-2.139926E-01,-1.406894E-01
1.450000E+03,5.054176E-01,1.906482E-01,-2.413259E-02,2.852594E-01,-2.152897E-01,-1.119070E-01
1.450500E+03,4.548016E-01,1.384207E-01,-6.217738E-02,3.981904E-01,-2.134156E-01,-8.263020E-02
1.451000E+03,3.998871E-01,8.391068E-02,-9.788976E-02,5.029271E-01,-2.084605E-01,-5.328138E-02
1.451500E+03,3.415909E-01,2.803082E-02,-1.307146E-01,5.977936E-01,-2.005591E-01,-2.427988E-02
1.452000E+03,2.808550E-01,-2.828817E-02,-1.601552E-01,6.812792E-01,-1.898879E-01,3.964104E-03
1.452500E+03,2.186321E-01,-8.411311E-02,-1.857807E-01,7.520624E-01,-1.766620E-01,3.105508E-02
1.453000E+03,1.558704E-01,-1.385238E-01,-2.072328E-01,8.090332E-01,-1.611311E-01,5.661765E-02
1.453500E+03,9.349859E-02,-1.906279E-01,-2.242309E-01,8.513109E-01,-1.435751E-01,8.030161E-02
1.454000E+03,3.241264E-02,-2.395759E-01,-2.365756E-01,8.782583E-01,-1.242998E-01,1.017866E-01
1.454500E+03,-2.653795E-02,-2.845744E-01,-2.441517E-01,8.894918E-01,-1.036311E-01,1.207865E-01
1.455000E+03,-8.256197E-02,-3.248994E-01,-2.469288E-01,8.848883E-01,-8.191013E-02,1.370528E-01
1.455500E+03,-1.349376E-01,-3.599077E-01,-2.449610E-01,8.645859E-01,-5.948745E-02,1.503782E-01
1.456000E+03,-1.830217E-01,-3.890473E-01,-2.383852E-01,8.289825E-01,-3.671752E-02,1.605991E-01
1.456500E+03,-2.262584E-01,-4.118660E-01,-2.274178E-01,7.787283E-01,-1.395300E-02,1.675971E-01
1.457000E+03,-2.641852E-01,-4.280184E-01,-2.123497E-01,7.147155E-01,8.460797E-03,1.713009E-01
1.457500E+03,-2.964377E-01,-4.372714E-01,-1.935414E-01,6.380631E-01,3.019128E-02,1.716864E-01
1.458000E+03,-3.227532E-01,-4.395075E-01,-1.714153E-01,5.500988E-01,5.092364E-02,1.687766E-01
1.458500E+03,-3.429719E-01,-4.347262E-01,-1.464479E-01,4.523365E-01,7.036561E-02,1.626410E-01
1.459000E+03,-3.570363E-01,-4.230436E-01,-1.191614E-01,3.464521E-01,8.825173E-02,1.533940E-01
1.459500E+03,-3.649896E-01,-4.046901E-01,-9.011342E-02,2.342551E-01,1.043471E-01,1.411927E-01
1.460000E+03,-3.669717E-01,-3.800060E-01,-5.988742E-02,1.176595E-01,1.184508E-01,1.262339E-01
1.460500E+03,-3.632143E-01,-3.494356E-01,-2.908194E-02,-1.348300E-03,1.303981E-01,1.087513E-01
1.461000E+03,-3.540342E-01,-3.135192E-01,1.700045E-03,-1.207417E-01,1.400626E-01,8.901105E-02
1.461500E+03,-3.398254E-01,-2.728840E-01,3.186193E-02,-2.384874E-01,1.473576E-01,6.730787E-02
1.462000E+03,-3.210503E-01,-2.282330E-01,6.082402E-02,-3.525789E-01,1.522362E-01,4.396017E-02
1.462500E+03,-2.982297E-01,-1.803333E-01,8.803376E-02,-4.610693E-01,1.546918E-01,1.930518E-02
1.463000E+03,-2.719319E-01,-1.300029E-01,1.129754E-01,-5.621034E-01,1.547564E-01,-6.306261E-03
1.463500E+03,-2.427620E-01,-7.809697E-02,1.351791E-01,-6.539479E-01,1.524996E-01,-3.251491E-02
1.464000E+03,-2.113500E-01,-2.549314E-02,1.542290E-01,-7.350202E-01,1.480265E-01,-5.895844E-02
1.464500E+03,-1.783391E-01,2.692302E-02,1.697703E-01,-8.039137E-01,1.414744E-01,-8.527668E-02
1.465000E+03,-1.443745E-01,7.827296E-02,1.815155E-01,-8.594217E-01,1.330102E-01,-1.111166E-01
1.465500E+03,-1.100915E-01,1.276998E-01,1.892488E-01,-9.005562E-01,1.228263E-01,-1.361373E-01
1.466000E+03,-7.610529E-02,1.743829E-01,1.928302E-01,-9.265645E-01,1.111368E-01,-1.600144E-01
1.466500E+03,-4.300033E-02,2.175508E-01,1.921972E-01,-9.369414E-01,9.817282E-02,-1.824441E-01
1.467000E+03,-1.132120E-02,2.564948E-01,1.873655E-01,-9.314372E-01,8.417838E-02,-2.031471E-01
1.467500E+03,1.843579E-02,2.905800E-01,1.784287E-01,-9.100615E-01,6.940565E-02,-2.218718E-01
1.468000E+03,4.582987E-02,3.192561E-01,1.655558E-01,-8.730834E-01,5.411037E-02,-2.383966E-01
1.468500E+03,7.048186E-02,3.420657E-01,1.489883E-01,-8.210265E-01,3.854739E-02,-2.525326E-01
1.469000E+03,9.207889E-02,3.586521E-01,1.290350E-01,-7.546604E-01,2.296635E-02,-2.641249E-01
1.469500E+03,1.103779E-01,3.687644E-01,1.060664E-01,-6.749880E-01,7.607656E-03,-2.730538E-01
1.470000E+03,1.252075E-01,3.722614E-01,8.050771E-02,-5.832292E-01,-7.301206E-03,-2.792348E-01
1.470500E+03,1.364688E-01,3.691133E-01,5.283094E-02,-4.808008E-01,-2.154900E-02,-2.826194E-01
1.471000E+03,1.441347E-01,3.594017E-01,2.354623E-02,-3.692935E-01,-3.494359E-02,-2.831938E-01
1.471500E+03,1.482479E-01,3.433172E-01,-6.807548E-03,-2.504464E-01,-4.731427E-02,-2.809783E-01
1.472000E+03,1.489176E-01,3.211559E-01,-3.767250E-02,-1.261187E-01,-5.851366E-02,-2.760260E-01
1.472500E+03,1.463153E-01,2.933135E-01,-6.848182E-02,1.740214E-03,-6.841901E-02,-2.684207E-01
1.473000E+03,1.406692E-01,2.602781E-01,-9.866995E-02,1.311216E-01,-7.693298E-02,-2.582753E-01
1.473500E+03,1.322583E-01,2.226213E-01,-1.276826E-01,2.599895E-01,-8.398392E-02,-2.457294E-01
1.474000E+03,1.214054E-01,1.809877E-01,-1.549865E-01,3.863132E-01,-8.952568E-02,-2.309467E-01
1.474500E+03,1.084692E-01,1.360840E-01,-1.800789E-01,5.080985E-01,-9.353689E-02,-2.141127E-01
1.475000E+03,9.383679E-02,8.866616E-02,-2.024960E-01,6.234197E-01,-9.601992E-02,-1.954321E-01
1.475500E+03,7.791500E-02,3.952638E-02,-2.218212E-01,7.304488E-01,-9.699938E-02,-1.751260E-01
1.476000E+03,6.112247E-02,-1.052037E-02,-2.376916E-01,8.274836E-01,-9.652039E-02,-1.534292E-01
1.476500E+03,4.388119E-02,-6.065040E-02,-2.498046E-01,9.129742E-01,-9.464661E-02,-1.305882E-01
1.477000E+03,2.660859E-02,-1.100451E-01,-2.579224E-01,9.855456E-01,-9.145801E-02,-1.068581E-01
1.477500E+03,9.709841E-03,-1.579047E-01,-2.618755E-01,1.044018E+00,-8.704864E-02,-8.250057E-02
1.478000E+03,-6.429271E-03,-2.034614E-01,-2.615656E-01,1.087426E+00,-8.152429E-02,-5.778153E-02
1.478500E+03,-2.144885E-02,-2.459919E-01,-2.569662E-01,1.115028E+00,-7.500016E-02,-3.296894E-02
1.479000E+03,-3.502074E-02,-2.848288E-01,-2.481226E-01,1.126320E+00,-6.759862E-02,-8.330715E-03
1.479500E+03,-4.685351E-02,-3.193714E-01,-2.351507E-01,1.121042E+00,-5.944708E-02,1.586720E-02
1.480000E+03,-5.669664E-02,-3.490947E-01,-2.182341E-01,1.099177E+00,-5.067601E-02,3.936279E-02
1.480500E+03,-6.434381E-02,-3.735571E-01,-1.976203E-01,1.060953E+00,-4.141715E-02,6.189988E-02
1.481000E+03,-6.963522E-02,-3.924068E-01,-1.736163E-01,1.006839E+00,-3.180192E-02,8.322996E-02
1.481500E+03,-7.245909E-02,-4.053864E-01,-1.465821E-01,9.375314E-01,-2.196007E-02,1.031141E-01
1.482000E+03,-7.275214E-02,-4.123355E-01,-1.169248E-01,8.539487E-01,-1.201849E-02,1.213248E-01
1.482500E+03,-7.049934E-02,-4.131926E-01,-8.509106E-02,7.572123E-01,-2.100337E-03,1.376481E-01
1.483000E+03,-6.573273E-02,-4.079940E-01,-5.155919E-02,6.486307E-01,7.675715E-03,1.518853E-01
1.483500E+03,-5.852959E-02,-3.968721E-01,-1.683106E-02,5.296790E-01,1.719605E-02,1.638554E-01
1.484000E+03,-4.900981E-02,-3.800515E-01,1.857630E-02,4.019765E-01,2.635250E-02,1.733970E-01
1.484500E+03,-3.733283E-02,-3.578439E-01,5.413928E-02,2.672632E-01,3.504265E-02,1.803705E-01
1.485000E+03,-2.369393E-02,-3.306417E-01,8.933604E-02,1.273741E-01,4.317005E-02,1.846604E-01
1.485500E+03,-8.320186E-03,-2.989100E-01,1.236548E-01,-1.578716E-02,5.064440E-02,1.861776E-01
1.486000E+03,8.533911E-03,-2.631780E-01,1.566015E-01,-1.602746E-01,5.738171E-02,1.848615E-01
1.486500E+03,2.659104E-02,-2.240292E-01,1.877074E-01,-3.041274E-01,6.330456E-02,1.806819E-01
1.487000E+03,4.555580E-02,-1.820913E-01,2.165355E-01,-4.453963E-01,6.834230E-02,1.736412E-01
1.487500E+03,6.511947E-02,-1.380249E-01,2.426871E-01,-5.821700E-01,7.243146E-02,1.637760E-01
1.488000E+03,8.496479E-02,-9.251302E-02,2.658064E-01,-7.126000E-01,7.551620E-02,1.511585E-01
1.488500E+03,1.047706E-01,-4.624926E-02,2.855855E-01,-8.349250E-01,7.754888E-02,1.358977E-01
1.489000E+03,1.242163E-01,7.288334E-05,3.017676E-01,-9.474926E-01,7.849074E-02,1.181396E-01
1.489500E+03,1.429862E-01,4.577097E-02,3.141499E-01,-1.048780E+00,7.831273E-02,9.806784E-02
1.490000E+03,1.607735E-01,9.018390E-02,3.225850E-01,-1.137414E+00,7.699638E-02,7.590281E-02
1.490500E+03,1.772841E-01,1.326816E-01,3.269822E-01,-1.212184E+00,7.453472E-02,5.190080E-02
1.491000E+03,1.922401E-01,1.726741E-01,3.273068E-01,-1.272058E+00,7.093332E-02,2.635207E-02
1.491500E+03,2.053826E-01,2.096191E-01,3.235799E-01,-1.316195E+00,6.621119E-02,-4.215380E-04
1.492000E+03,2.164751E-01,2.430296E-01,3.158762E-01,-1.343952E+00,6.040173E-02,-2.806990E-02
1.492500E+03,2.253055E-01,2.724795E-01,3.043216E-01,-1.354891E+00,5.355350E-02,-5.621851E-02
1.493000E+03,2.316885E-01,2.976083E-01,2.890907E-01,-1.348780E+00,4.573089E-02,-8.447315E-02
1.493500E+03,2.354675E-01,3.181251E-01,2.704025E-01,-1.325601E+00,3.701446E-02,-1.124252E-01
1.494000E+03,2.365162E-01,3.338107E-01,2.485166E-01,-1.285541E+00,2.750117E-02,-1.396575E-01
1.494500E+03,2.347398E-01,3.445191E-01,2.237289E-01,-1.228990E+00,1.730415E-02,-1.657510E-01
1.495000E+03,2.300762E-01,3.501775E-01,1.963664E-01,-1.156540E+00,6.552199E-03,-1.902913E-01
1.495500E+03,2.224967E-01,3.507857E-01,1.667826E-01,-1.068970E+00,-4.611112E-03,-2.128762E-01
1.496000E+03,2.120065E-01,3.464137E-01,1.353521E-01,-9.672365E-01,-1.602880E-02,-2.331228E-01
1.496500E+03,1.986452E-01,3.371987E-01,1.024654E-01,-8.524656E-01,-2.753219E-02,-2.506748E-01
1.497000E+03,1.824867E-01,3.233419E-01,6.852394E-02,-7.259342E-01,-3.894309E-02,-2.652100E-01
1.497500E+03,1.636389E-01,3.051034E-01,3.393490E-02,-5.890562E-01,-5.007635E-02,-2.764470E-01
1.498000E+03,1.422434E-01,2.827972E-01,-8.938193E-04,-4.433654E-01,-6.074281E-02,-2.841516E-01
1.498500E+03,1.184746E-01,2.567853E-01,-3.555821E-02,-2.904967E-01,-7.075258E-02,-2.881428E-01
1.499000E+03,9.253890E-02,2.274718E-01,-6.966274E-02,-1.321675E-01,-7.991857E-02,-2.882977E-01
1.499500E+03,6.467296E-02,1.952959E-01,-1.028245E-01,2.984248E-02,-8.806025E-02,-2.845555E-01
1.500000E+03,3.514227E-02,1.607258E-01,-1.346774E-01,1.937118E-01,-9.500751E-02,-2.769205E-01
1.500500E+03,4.239004E-03,1.242510E-01,-1.648753E-01,3.575979E-01,-1.006046E-01,-2.654640E-01
1.501000E+03,-2.772043E-02,8.637613E-02,-1.930957E-01,5.196583E-01,-1.047139E-01,-2.503245E-01
1.501500E+03,-6.039816E-02,4.761389E-02,-2.190427E-01,6.780713E-01,-1.072197E-01,-2.317073E-01
1.502000E+03,-9.343808E-02,8.478237E-03,-2.424494E-01,8.310564E-01,-1.080314E-01,-2.098818E-01
1.502500E+03,-1.264694E-01,-3.052193E-02,-2.630802E-01,9.768947E-01,-1.070869E-01,-1.851782E-01
1.503000E+03,-1.591108E-01,-6.888897E-02,-2.807328E-01,1.113948E+00,-1.043548E-01,-1.579822E-01
1.503500E+03,-1.909745E-01,-1.061423E-01,-2.952398E-01,1.240676E+00,-9.983648E-02,-1.287292E-01
1.504000E+03,-2.216711E-01,-1.418238E-01,-3.064700E-01,1.355658E+00,-9.356772E-02,-9.789645E-02
1.504500E+03,-2.508145E-01,-1.755031E-01,-3.143292E-01,1.457601E+00,-8.561904E-02,-6.599462E-02
1.505000E+03,-2.780271E-01,-2.067816E-01,-3.187610E-01,1.545361E+00,-7.609574E-02,-3.355849E-02
1.505500E+03,-3.029452E-01,-2.352973E-01,-3.197466E-01,1.617955E+00,-6.513699E-02,-1.136765E-03
1.506000E+03,-3.252247E-01,-2.607276E-01,-3.173057E-01,1.674567E+00,-5.291409E-02,3.071859E-02
1.506500E+03,-3.445460E-01,-2.827931E-01,-3.114951E-01,1.714561E+00,-3.962800E-02,6.146327E-02
1.507000E+03,-3.606199E-01,-3.012597E-01,-3.024086E-01,1.737490E+00,-2.550602E-02,9.057157E-02
1.507500E+03,-3.731928E-01,-3.159408E-01,-2.901759E-01,1.743093E+00,-1.079782E-02,1.175471E-01
1.508000E+03,-3.820513E-01,-3.266989E-01,-2.749611E-01,1.731305E+00,4.229302E-03,1.419334E-01
1.508500E+03,-3.870269E-01,-3.334467E-01,-2.569612E-01,1.702253E+00,1.929558E-02,1.633229E-01
1.509000E+03,-3.880002E-01,-3.361473E-01,-2.364036E-01,1.656255E+00,3.411453E-02,1.813663E-01
1.509500E+03,-3.849038E-01,-3.348142E-01,-2.135445E-01,1.593814E+00,4.839897E-02,1.957799E-01
1.510000E+03,-3.777253E-01,-3.295112E-01,-1.886652E-01,1.515613E+00,6.186729E-02,2.063514E-01
1.510500E+03,-3.665089E-01,-3.203507E-01,-1.620698E-01,1.422504E+00,7.424970E-02,2.129451E-01
1.511000E+03,-3.513565E-01,-3.074925E-01,-1.340814E-01,1.315495E+00,8.529449E-02,2.155050E-01
1.511500E+03,-3.324275E-01,-2.911415E-01,-1.050386E-01,1.195743E+00,9.477396E-02,2.140558E-01
1.512000E+03,-3.099378E-01,-2.715454E-01,-7.529135E-02,1.064532E+00,1.024900E-01,2.087025E-01
1.512500E+03,-2.841575E-01,-2.489911E-01,-4.519687E-02,9.232567E-01,1.082791E-01,1.996286E-01
1.513000E+03,-2.554080E-01,-2.238018E-01,-1.511515E-02,7.734099E-01,1.120167E-01,1.870918E-01
1.513500E+03,-2.240578E-01,-1.963325E-01,1.459560E-02,6.165575E-01,1.136206E-01,1.714182E-01
1.514000E+03,-1.905170E-01,-1.669656E-01,4.358368E-02,4.543202E-01,1.130537E-01,1.529955E-01
1.514500E+03,-1.552313E-01,-1.361064E-01,7.150860E-02,2.883533E-01,1.103257E-01,1.322640E-01
1.515000E+03,-1.186754E-01,-1.041776E-01,9.804580E-02,1.203250E-01,1.054933E-01,1.097068E-01
1.515500E+03,-8.134468E-02,-7.161391E-02,1.228912E-01,-4.810429E-02,9.866014E-02,8.583897E-02
1.516000E+03,-4.374757E-02,-3.885629E-02,1.457659E-01,-2.153020E-01,8.997468E-02,6.119600E-02
1.516500E+03,-6.396356E-03,-6.346079E-03,1.664196E-01,-3.796834E-01,7.962777E-02,3.632143E-02
1.517000E+03,3.020161E-02,2.548113E-02,1.846356E-01,-5.397300E-01,6.784872E-02,1.175474E-02
1.517500E+03,6.555304E-02,5.620159E-02,2.002330E-01,-6.940068E-01,5.490056E-02,-1.198097E-02
1.518000E+03,9.918768E-02,8.540948E-02,2.130703E-01,-8.411780E-01,4.107440E-02,-3.439079E-02
1.518500E+03,1.306671E-01,1.127228E-01,2.230478E-01,-9.800205E-01,2.668298E-02,-5.501920E-02
1.519000E+03,1.595927E-01,1.377892E-01,2.301087E-01,-1.109435E+00,1.205372E-02,-7.346027E-02
1.519500E+03,1.856137E-01,1.602912E-01,2.342407E-01,-1.228457E+00,-2.478835E-03,-8.936675E-02
1.520000E+03,2.084335E-01,1.799514E-01,2.354760E-01,-1.336262E+00,-1.658072E-02,-1.024577E-01
1.520500E+03,2.278152E-01,1.965369E-01,2.338909E-01,-1.432171E+00,-2.992643E-02,-1.125244E-01
1.521000E+03,2.435870E-01,2.098629E-01,2.296045E-01,-1.515651E+00,-4.220665E-02,-1.194350E-01
1.521500E+03,2.556443E-01,2.197965E-01,2.227767E-01,-1.586316E+00,-5.313578E-02,-1.231365E-01
1.522000E+03,2.639527E-01,2.262585E-01,2.136052E-01,-1.643927E+00,-6.245891E-02,-1.236555E-01
1.522500E+03,2.685477E-01,2.292253E-01,2.023223E-01,-1.688379E+00,-6.995818E-02,-1.210970E-01
1.523000E+03,2.695340E-01,2.287297E-01,1.891901E-01,-1.719701E+00,-7.545837E-02,-1.156405E-01
1.523500E+03,2.670828E-01,2.248603E-01,1.744964E-01,-1.738047E+00,-7.883144E-02,-1.075355E-01
1.524000E+03,2.614282E-01,2.177607E-01,1.585485E-01,-1.743678E+00,-8.000014E-02,-9.709433E-02
1.524500E+03,2.528614E-01,2.076271E-01,1.416680E-01,-1.736959E+00,-7.894028E-02,-8.468398E-02
1.525000E+03,2.417242E-01,1.947050E-01,1.241841E-01,-1.718339E+00,-7.568187E-02,-7.071622E-02
1.525500E+03,2.284012E-01,1.792857E-01,1.064277E-01,-1.688344E+00,-7.030891E-02,-5.563704E-02
1.526000E+03,2.133112E-01,1.617007E-01,8.872427E-02,-1.647555E+00,-6.295794E-02,-3.991501E-02
1.526500E+03,1.968971E-01,1.423164E-01,7.138791E-02,-1.596601E+00,-5.381525E-02,-2.402920E-02
1.527000E+03,1.796162E-01,1.215271E-01,5.471478E-02,-1.536142E+00,-4.311293E-02,-8.456861E-03
1.527500E+03,1.619292E-01,9.974856E-02,3.897720E-02,-1.466856E+00,-3.112373E-02,6.338801E-03
1.528000E+03,1.442893E-01,7.740985E-02,2.441807E-02,-1.389427E+00,-1.815490E-02,1.992051E-02
1.528500E+03,1.271323E-01,5.494550E-02,1.124591E-02,-1.304537E+00,-4.541233E-03,3.188809E-02
1.529000E+03,1.108653E-01,3.278737E-02,-3.694605E-04,-1.212851E+00,9.362774E-03,4.188869E-02
1.529500E+03,9.585771E-02,1.135632E-02,-1.030039E-02,-1.115017E+00,2.319117E-02,4.962582E-02
1.530000E+03,8.243208E-02,-8.945943E-03,-1.846405E-02,-1.011653E+00,3.657521E-02,5.486695E-02
1.530500E+03,7.085627E-02,-2.774474E-02,-2.482409E-02,-9.033492E-01,4.915218E-02,5.744943E-02
1.531000E+03,6.133689E-02,-4.469990E-02,-2.939135E-02,-7.906611E-01,6.057410E-02,5.728478E-02
1.531500E+03,5.401408E-02,-5.951261E-02,-3.222344E-02,-6.741137E-01,7.051623E-02,5.436096E-02
1.532000E+03,4.895793E-02,-7.193157E-02,-3.342333E-02,-5.542017E-01,7.868506E-02,4.874281E-02
1.532500E+03,4.616644E-02,-8.175822E-02,-3.313698E-02,-4.313937E-01,8.482562E-02,4.057055E-02
1.533000E+03,4.556529E-02,-8.885096E-02,-3.154981E-02,-3.061376E-01,8.872802E-02,3.005631E-02
1.533500E+03,4.700933E-02,-9.312831E-02,-2.888240E-02,-1.788673E-01,9.023289E-02,1.747899E-02
1.534000E+03,5.028585E-02,-9.457082E-02,-2.538520E-02,-5.001086E-02,8.923580E-02,3.177262E-03
1.534500E+03,5.511948E-02,-9.322175E-02,-2.133263E-02,8.000109E-02,8.569031E-02,-1.245873E-02
1.535000E+03,6.117870E-02,-8.918646E-02,-1.701638E-02,2.107262E-01,7.960981E-02,-2.899712E-02
1.535500E+03,6.808387E-02,-8.263045E-02,-1.273839E-02,3.417012E-01,7.106791E-02,-4.597508E-02
1.536000E+03,7.541648E-02,-7.377626E-02,-8.803331E-03,4.724330E-01,6.019752E-02,-6.291030E-02
1.536500E+03,8.272957E-02,-6.289893E-02,-5.511019E-03,6.023901E-01,4.718848E-02,-7.931309E-02
1.537000E+03,8.955894E-02,-5.032049E-02,-3.148733E-03,7.309959E-01,3.228393E-02,-9.469859E-02
1.537500E+03,9.543508E-02,-3.640330E-02,-1.983721E-03,8.576219E-01,1.577539E-02,-1.085989E-01
1.538000E+03,9.989536E-02,-2.154244E-02,-2.256012E-03,9.815837E-01,-2.003190E-03,-1.205750E-01
1.538500E+03,1.024964E-01,-6.157401E-03,-4.171716E-03,1.102138E+00,-2.068253E-02,-1.302276E-01
1.539000E+03,1.028260E-01,9.316946E-03,-7.896964E-03,1.218484E+00,-3.986580E-02,-1.372073E-01
1.539500E+03,1.005150E-01,2.443974E-02,-1.355263E-02,1.329760E+00,-5.913719E-02,-1.412241E-01
1.540000E+03,9.524797E-02,3.877382E-02,-2.120997E-02,1.435056E+00,-7.807086E-02,-1.420540E-01
1.540500E+03,8.677307E-02,5.189542E-02,-3.088729E-02,1.533411E+00,-9.624018E-02,-1.395458E-01
1.541000E+03,7.491055E-02,6.340371E-02,-4.254770E-02,1.623828E+00,-1.132271E-01,-1.336252E-01
1.541500E+03,5.955991E-02,7.293001E-02,-5.609813E-02,1.705283E+00,-1.286311E-01,-1.242968E-01
1.542000E+03,4.070524E-02,8.014638E-02,-7.138944E-02,1.776740E+00,-1.420784E-01,-1.116453E-01
1.542500E+03,1.841890E-02,8.477350E-02,-8.821794E-02,1.837163E+00,-1.532299E-01,-9.583400E-02
1.543000E+03,-7.136885E-03,8.658759E-02,-1.063280E-01,1.885535E+00,-1.617885E-01,-7.710134E-02
1.543500E+03,-3.571024E-02,8.542629E-02,-1.254158E-01,1.920879E+00,-1.675065E-01,-5.575650E-02
1.544000E+03,-6.696201E-02,8.119323E-02,-1.451348E-01,1.942271E+00,-1.701905E-01,-3.217265E-02
1.544500E+03,-1.004700E-01,7.386136E-02,-1.651010E-01,1.948867E+00,-1.697059E-01,-6.778984E-03
1.545000E+03,-1.357354E-01,6.347482E-02,-1.849006E-01,1.939917E+00,-1.659806E-01,1.994854E-02
1.545500E+03,-1.721905E-01,5.014930E-02,-2.040977E-01,1.914789E+00,-1.590064E-01,4.749754E-02
1.546000E+03,-2.092086E-01,3.407095E-02,-2.222423E-01,1.872986E+00,-1.488399E-01,7.533034E-02
1.546500E+03,-2.461155E-01,1.549381E-02,-2.388799E-01,1.814165E+00,-1.356015E-01,1.028957E-01
1.547000E+03,-2.822015E-01,-5.264291E-03,-2.535602E-01,1.738152E+00,-1.194734E-01,1.296408E-01
1.547500E+03,-3.167352E-01,-2.782717E-02,-2.658469E-01,1.644958E+00,-1.006960E-01,1.550231E-01
1.548000E+03,-3.489778E-01,-5.176698E-02,-2.753269E-01,1.534789E+00,-7.956391E-02,1.785224E-01
1.548500E+03,-3.781978E-01,-7.661217E-02,-2.816195E-01,1.408055E+00,-5.641962E-02,1.996516E-01
1.549000E+03,-4.036858E-01,-1.018563E-01,-2.843848E-01,1.265378E+00,-3.164737E-02,2.179675E-01
1.549500E+03,-4.247696E-01,-1.269680E-01,-2.833321E-01,1.107591E+00,-5.665606E-03,2.330802E-01
1.550000E+03,-4.408284E-01,-1.514009E-01,-2.782272E-01,9.357400E-01,2.108106E-02,2.446608E-01
1.550500E+03,-4.513064E-01,-1.746050E-01,-2.688984E-01,7.510793E-01,4.813035E-02,2.524490E-01
1.551000E+03,-4.557253E-01,-1.960375E-01,-2.552422E-01,5.550614E-01,7.501113E-02,2.562581E-01
1.551500E+03,-4.536962E-01,-2.151739E-01,-2.372273E-01,3.493267E-01,1.012523E-01,2.559786E-01
1.552000E+03,-4.449288E-01,-2.315187E-01,-2.148971E-01,1.356881E-01,1.263918E-01,2.515804E-01
1.552500E+03,-4.292398E-01,-2.446160E-01,-1.883718E-01,-8.388770E-02,1.499849E-01,2.431132E-01
1.553000E+03,-4.065592E-01,-2.540595E-01,-1.578480E-01,-3.073016E-01,1.716127E-01,2.307054E-01
1.553500E+03,-3.769344E-01,-2.595009E-01,-1.235975E-01,-5.323460E-01,1.908896E-01,2.145605E-01
1.554000E+03,-3.405323E-01,-2.606582E-01,-8.596490E-02,-7.567319E-01,2.074702E-01,1.949535E-01
1.554500E+03,-2.976392E-01,-2.573225E-01,-4.536303E-02,-9.781166E-01,2.210552E-01,1.722242E-01
1.555000E+03,-2.486586E-01,-2.493630E-01,-2.267929E-03,-1.194134E+00,2.313971E-01,1.467707E-01
1.555500E+03,-1.941065E-01,-2.367314E-01,4.278785E-02,-1.402426E+00,2.383034E-01,1.190405E-01
1.556000E+03,-1.346052E-01,-2.194643E-01,8.922293E-02,-1.600672E+00,2.416405E-01,8.952196E-02
1.556500E+03,-7.087446E-02,-1.976837E-01,1.364158E-01,-1.786622E+00,2.413350E-01,5.873394E-02
1.557000E+03,-3.721314E-03,-1.715966E-01,1.837141E-01,-1.958126E+00,2.373745E-01,2.721569E-02
1.557500E+03,6.597190E-02,-1.414928E-01,2.304451E-01,-2.113163E+00,2.298076E-01,-4.483783E-03
1.558000E+03,1.372610E-01,-1.077408E-01,2.759262E-01,-2.249873E+00,2.187421E-01,-3.581637E-02
1.558500E+03,2.091547E-01,-7.078215E-02,3.194756E-01,-2.366576E+00,2.043426E-01,-6.624522E-02
1.559000E+03,2.806299E-01,-3.112548E-02,3.604237E-01,-2.461800E+00,1.868270E-01,-9.525482E-02
1.559500E+03,3.506481E-01,1.066222E-02,3.981241E-01,-2.534304E+00,1.664621E-01,-1.223603E-01
1.560000E+03,4.181718E-01,5.396446E-02,4.319639E-01,-2.583088E+00,1.435586E-01,-1.471163E-01
1.560500E+03,4.821814E-01,9.812544E-02,4.613742E-01,-2.607413E+00,1.184652E-01,-1.691242E-01
1.561000E+03,5.416912E-01,1.424609E-01,4.858398E-01,-2.606811E+00,9.156221E-02,-1.880392E-01
1.561500E+03,5.957658E-01,1.862695E-01,5.049079E-01,-2.581089E+00,6.325472E-02,-2.035757E-01
1.562000E+03,6.435350E-01,2.288450E-01,5.181957E-01,-2.530334E+00,3.396579E-02,-2.155111E-01
1.562500E+03,6.842081E-01,2.694878E-01,5.253978E-01,-2.454914E+00,4.129048E-03,-2.236890E-01
1.563000E+03,7.170863E-01,3.075172E-01,5.262912E-01,-2.355468E+00,-2.581844E-02,-2.280208E-01
1.563500E+03,7.415750E-01,3.422830E-01,5.207401E-01,-2.232905E+00,-5.544330E-02,-2.284855E-01
1.564000E+03,7.571926E-01,3.731766E-01,5.086984E-01,-2.088385E+00,-8.432272E-02,-2.251293E-01
1.564500E+03,7.635790E-01,3.996418E-01,4.902117E-01,-1.923310E+00,-1.120509E-01,-2.180625E-01
1.565000E+03,7.605015E-01,4.211841E-01,4.654168E-01,-1.739306E+00,-1.382454E-01,-2.074566E-01
1.565500E+03,7.478586E-01,4.373796E-01,4.345412E-01,-1.538199E+00,-1.625521E-01,-1.935397E-01
1.566000E+03,7.256824E-01,4.478826E-01,3.978997E-01,-1.321996E+00,-1.846508E-01,-1.765907E-01
1.566500E+03,6.941379E-01,4.524317E-01,3.558907E-01,-1.092859E+00,-2.042590E-01,-1.569337E-01
1.567000E+03,6.535212E-01,4.508543E-01,3.089907E-01,-8.530786E-01,-2.211357E-01,-1.349306E-01
1.567500E+03,6.042551E-01,4.430705E-01,2.577477E-01,-6.050498E-01,-2.350839E-01,-1.109739E-01
1.568000E+03,5.468832E-01,4.290946E-01,2.027736E-01,-3.512412E-01,-2.459527E-01,-8.547902E-02
1.568500E+03,4.820619E-01,4.090353E-01,1.447358E-01,-9.416845E-02,-2.536385E-01,-5.887633E-02
1.569000E+03,4.105507E-01,3.830949E-01,8.434732E-02,1.636342E-01,-2.580854E-01,-3.160332E-02
1.569500E+03,3.332017E-01,3.515659E-01,2.235700E-02,4.196412E-01,-2.592849E-01,-4.096738E-03
1.570000E+03,2.509466E-01,3.148273E-01,-4.046124E-02,6.713633E-01,-2.572746E-01,2.321495E-02
1.570500E+03,1.647839E-01,2.733387E-01,-1.033194E-01,9.163726E-01,-2.521365E-01,4.991864E-02
1.571000E+03,7.576422E-02,2.276336E-01,-1.654264E-01,1.152328E+00,-2.439950E-01,7.562328E-02
1.571500E+03,-1.502411E-02,1.783113E-01,-2.259995E-01,1.376996E+00,-2.330132E-01,9.996581E-02
1.572000E+03,-1.064708E-01,1.260277E-01,-2.842752E-01,1.588278E+00,-2.193901E-01,1.226165E-01
1.572500E+03,-1.974586E-01,7.148579E-02,-3.395196E-01,1.784220E+00,-2.033562E-01,1.432834E-01
1.573000E+03,-2.868792E-01,1.542457E-02,-3.910390E-01,1.963039E+00,-1.851695E-01,1.617163E-01
1.573500E+03,-3.736474E-01,-4.139177E-02,-4.381893E-01,2.123134E+00,-1.651108E-01,1.777089E-01
1.574000E+03,-4.567167E-01,-9.818547E-02,-4.803845E-01,2.263099E+00,-1.434792E-01,1.911017E-01
1.574500E+03,-5.350921E-01,-1.541768E-01,-5.171047E-01,2.381733E+00,-1.205870E-01,2.017822E-01
1.575000E+03,-6.078437E-01,-2.085955E-01,-5.479029E-01,2.478052E+00,-9.675472E-02,2.096854E-01
1.575500E+03,-6.741180E-01,-2.606927E-01,-5.724108E-01,2.551289E+00,-7.230653E-02,2.147935E-01
1.576000E+03,-7.331487E-01,-3.097513E-01,-5.903431E-01,2.600905E+00,-4.756530E-02,2.171336E-01
1.576500E+03,-7.842655E-01,-3.550968E-01,-6.015011E-01,2.626584E+00,-2.284806E-02,2.167765E-01
1.577000E+03,-8.269023E-01,-3.961070E-01,-6.057744E-01,2.628238E+00,1.538324E-03,2.138329E-01
1.577500E+03,-8.606029E-01,-4.322208E-01,-6.031417E-01,2.606002E+00,2.530122E-02,2.084507E-01
1.578000E+03,-8.850254E-01,-4.629462E-01,-5.936705E-01,2.560227E+00,4.816590E-02,2.008103E-01
1.578500E+03,-8.999454E-01,-4.878674E-01,-5.775151E-01,2.491481E+00,6.987880E-02,1.911209E-01
1.579000E+03,-9.052568E-01,-5.066498E-01,-5.549134E-01,2.400534E+00,9.021048E-02,1.796152E-01
1.579500E+03,-9.009717E-01,-5.190451E-01,-5.261832E-01,2.288352E+00,1.089579E-01,1.665446E-01
1.580000E+03,-8.872180E-01,-5.248939E-01,-4.917164E-01,2.156086E+00,1.259466E-01,1.521742E-01
1.580500E+03,-8.642359E-01,-5.241275E-01,-4.519734E-01,2.005059E+00,1.410318E-01,1.367776E-01
1.581000E+03,-8.323731E-01,-5.167687E-01,-4.074755E-01,1.836752E+00,1.540994E-01,1.206315E-01
1.581500E+03,-7.920780E-01,-5.029303E-01,-3.587971E-01,1.652791E+00,1.650669E-01,1.040113E-01
1.582000E+03,-7.438925E-01,-4.828132E-01,-3.065575E-01,1.454928E+00,1.738826E-01,8.718548E-02
1.582500E+03,-6.884430E-01,-4.567027E-01,-2.514120E-01,1.245029E+00,1.805257E-01,7.041207E-02
1.583000E+03,-6.264311E-01,-4.249637E-01,-1.940419E-01,1.025054E+00,1.850048E-01,5.393384E-02
1.583500E+03,-5.586229E-01,-3.880352E-01,-1.351458E-01,7.970363E-01,1.873572E-01,3.797494E-02
1.584000E+03,-4.858382E-01,-3.464232E-01,-7.542958E-02,5.630705E-01,1.876463E-01,2.273757E-02
1.584500E+03,-4.089391E-01,-3.006929E-01,-1.559707E-02,3.252877E-01,1.859601E-01,8.399348E-03
1.585000E+03,-3.288181E-01,-2.514604E-01,4.365936E-02,8.583905E-02,1.824086E-01,-4.888891E-03
1.585500E+03,-2.463864E-01,-1.993834E-01,1.016676E-01,-1.531242E-01,1.771211E-01,-1.700465E-02
1.586000E+03,-1.625622E-01,-1.451516E-01,1.577843E-01,-3.894699E-01,1.702433E-01,-2.785478E-02
1.586500E+03,-7.825911E-02,-8.947686E-02,2.114026E-01,-6.211043E-01,1.619343E-01,-3.737588E-02
1.587000E+03,5.624726E-03,-3.308275E-02,2.619595E-01,-8.459909E-01,1.523637E-01,-4.553417E-02
1.587500E+03,8.821754E-02,2.330536E-02,3.089418E-01,-1.062168E+00,1.417082E-01,-5.232473E-02
1.588000E+03,1.686836E-01,7.897052E-02,3.518922E-01,-1.267768E+00,1.301485E-01,-5.777031E-02
1.588500E+03,2.462326E-01,1.332140E-01,3.904130E-01,-1.461032E+00,1.178665E-01,-6.191957E-02
1.589000E+03,3.201275E-01,1.853649E-01,4.241707E-01,-1.640328E+00,1.050420E-01,-6.484490E-02
1.589500E+03,3.896921E-01,2.347885E-01,4.528976E-01,-1.804163E+00,9.185036E-02,-6.663983E-02
1.590000E+03,4.543172E-01,2.808953E-01,4.763942E-01,-1.951199E+00,7.845967E-02,-6.741615E-02
1.590500E+03,5.134658E-01,3.231478E-01,4.945291E-01,-2.080263E+00,6.502856E-02,-6.730069E-02
1.591000E+03,5.666767E-01,3.610674E-01,5.072391E-01,-2.190359E+00,5.170420E-02,-6.643193E-02
1.591500E+03,6.135678E-01,3.942399E-01,5.145275E-01,-2.280676E+00,3.862062E-02,-6.495644E-02
1.592000E+03,6.538377E-01,4.223205E-01,5.164619E-01,-2.350592E+00,2.589733E-02,-6.302530E-02
1.592500E+03,6.872658E-01,4.450369E-01,5.131713E-01,-2.399683E+00,1.363837E-02,-6.079048E-02
1.593000E+03,7.137124E-01,4.621920E-01,5.048420E-01,-2.427726E+00,1.931613E-03,-5.840130E-02
1.593500E+03,7.331167E-01,4.736653E-01,4.917131E-01,-2.434694E+00,-9.151515E-03,-5.600106E-02
1.594000E+03,7.454944E-01,4.794129E-01,4.740715E-01,-2.420762E+00,-1.955596E-02,-5.372383E-02
1.594500E+03,7.509341E-01,4.794669E-01,4.522462E-01,-2.386298E+00,-2.924268E-02,-5.169157E-02
1.595000E+03,7.495933E-01,4.739330E-01,4.266025E-01,-2.331860E+00,-3.818792E-02,-5.001154E-02
1.595500E+03,7.416931E-01,4.629882E-01,3.975353E-01,-2.258190E+00,-4.638223E-02,-4.877403E-02
1.596000E+03,7.275127E-01,4.468763E-01,3.654635E-01,-2.166200E+00,-5.382921E-02,-4.805064E-02
1.596500E+03,7.073836E-01,4.259033E-01,3.308226E-01,-2.056966E+00,-6.054409E-02,-4.789286E-02
1.597000E+03,6.816826E-01,4.004318E-01,2.940591E-01,-1.931711E+00,-6.655202E-02,-4.833118E-02
1.597500E+03,6.508258E-01,3.708747E-01,2.556239E-01,-1.791793E+00,-7.188634E-02,-4.937472E-02
1.598000E+03,6.152609E-01,3.376884E-01,2.159661E-01,-1.638689E+00,-7.658671E-02,-5.101125E-02
1.598500E+03,5.754611E-01,3.013652E-01,1.755277E-01,-1.473976E+00,-8.069717E-02,-5.320778E-02
1.599000E+03,5.319179E-01,2.624262E-01,1.347384E-01,-1.299318E+00,-8.426425E-02,-5.591155E-02
1.599500E+03,4.851345E-01,2.214128E-01,9.401012E-02,-1.116440E+00,-8.733510E-02,-5.905149E-02
1.600000E+03,4.356194E-01,1.788789E-01,5.373354E-02,-9.271184E-01,-8.995571E-02,-6.254006E-02
1.600500E+03,3.838806E-01,1.353830E-01,1.427387E-02,-7.331543E-01,-9.216925E-02,-6.627549E-02
1.601000E+03,3.304199E-01,9.148040E-02,-2.403210E-02,-5.363584E-01,-9.401461E-02,-7.014427E-02
1.601500E+03,2.757282E-01,4.771560E-02,-6.087849E-02,-3.385312E-01,-9.552509E-02,-7.402395E-02
1.602000E+03,2.202803E-01,4.614980E-03,-9.599227E-02,-1.414452E-01,-9.672733E-02,-7.778611E-02
1.602500E+03,1.645319E-01,-3.731981E-02,-1.291344E-01,5.317273E-02,-9.764051E-02,-8.129947E-02
1.603000E+03,1.089154E-01,-7.761807E-02,-1.601008E-01,2.436577E-01,-9.827576E-02,-8.443303E-02
1.603500E+03,5.383799E-02,-1.158456E-01,-1.887219E-01,4.284220E-01,-9.863585E-02,-8.705928E-02
1.604000E+03,-3.206016E-04,-1.516095E-01,-2.148628E-01,6.059691E-01,-9.871518E-02,-8.905728E-02
1.604500E+03,-5.320968E-02,-1.845624E-01,-2.384219E-01,7.749060E-01,-9.850001E-02,-9.031560E-02
1.605000E+03,-1.045082E-01,-2.144055E-01,-2.593295E-01,9.339545E-01,-9.796890E-02,-9.073512E-02
1.605500E+03,-1.539252E-01,-2.408913E-01,-2.775463E-01,1.081960E+00,-9.709349E-02,-9.023152E-02
1.606000E+03,-2.011993E-01,-2.638252E-01,-2.930612E-01,1.217900E+00,-9.583938E-02,-8.873749E-02
1.606500E+03,-2.460981E-01,-2.830661E-01,-3.058887E-01,1.340889E+00,-9.416733E-02,-8.620463E-02
1.607000E+03,-2.884172E-01,-2.985267E-01,-3.160664E-01,1.450182E+00,-9.203449E-02,-8.260488E-02
1.607500E+03,-3.279784E-01,-3.101725E-01,-3.236526E-01,1.545179E+00,-8.939586E-02,-7.793164E-02
1.608000E+03,-3.646283E-01,-3.180203E-01,-3.287228E-01,1.625425E+00,-8.620583E-02,-7.220036E-02
1.608500E+03,-3.982361E-01,-3.221359E-01,-3.313678E-01,1.690607E+00,-8.241974E-02,-6.544880E-02
1.609000E+03,-4.286919E-01,-3.226313E-01,-3.316899E-01,1.740554E+00,-7.799552E-02,-5.773673E-02
1.609500E+03,-4.559040E-01,-3.196612E-01,-3.298011E-01,1.775234E+00,-7.289527E-02,-4.914529E-02
1.610000E+03,-4.797974E-01,-3.134188E-01,-3.258200E-01,1.794745E+00,-6.708686E-02,-3.977592E-02
1.610500E+03,-5.003115E-01,-3.041317E-01,-3.198698E-01,1.799315E+00,-6.054541E-02,-2.974883E-02
1.611000E+03,-5.173980E-01,-2.920572E-01,-3.120758E-01,1.789290E+00,-5.325463E-02,-1.920122E-02
1.611500E+03,-5.310196E-01,-2.774769E-01,-3.025638E-01,1.765126E+00,-4.520809E-02,-8.285061E-03
1.612000E+03,-5.411482E-01,-2.606919E-01,-2.914582E-01,1.727385E+00,-3.641032E-02,2.835289E-03
1.612500E+03,-5.477639E-01,-2.420174E-01,-2.788810E-01,1.676722E+00,-2.687767E-02,1.398579E-02
1.613000E+03,-5.508541E-01,-2.217776E-01,-2.649504E-01,1.613877E+00,-1.663901E-02,2.498553E-02
1.613500E+03,-5.504128E-01,-2.003005E-01,-2.497801E-01,1.539665E+00,-5.736239E-03,3.564976E-02
1.614000E+03,-5.464404E-01,-1.779127E-01,-2.334790E-01,1.454967E+00,5.775489E-03,4.579286E-02
1.614500E+03,-5.389440E-01,-1.549352E-01,-2.161507E-01,1.360719E+00,1.782772E-02,5.523146E-02
1.615000E+03,-5.279376E-01,-1.316783E-01,-1.978938E-01,1.257904E+00,3.033890E-02,6.378746E-02
1.615500E+03,-5.134430E-01,-1.084382E-01,-1.788019E-01,1.147542E+00,4.321483E-02,7.129096E-02
1.616000E+03,-4.954909E-01,-8.549266E-02,-1.589643E-01,1.030680E+00,5.634931E-02,7.758313E-02
1.616500E+03,-4.741221E-01,-6.309844E-02,-1.384666E-01,9.083834E-01,6.962500E-02,8.251883E-02
1.617000E+03,-4.493892E-01,-4.148813E-02,-1.173913E-01,7.817304E-01,8.291453E-02,8.596904E-02
1.617500E+03,-4.213582E-01,-2.086813E-02,-9.581899E-02,6.518004E-01,9.608176E-02,8.782313E-02
1.618000E+03,-3.901107E-01,-1.416941E-03,-7.382921E-02,5.196686E-01,1.089832E-01,8.799075E-02
1.618500E+03,-3.557452E-01,1.671599E-02,-5.150149E-02,3.863980E-01,1.214697E-01,8.640351E-02
1.619000E+03,-3.183798E-01,3.341090E-02,-2.891642E-02,2.530338E-01,1.333882E-01,8.301629E-02
1.619500E+03,-2.781537E-01,4.857780E-02,-6.156718E-03,1.205965E-01,1.445834E-01,7.780831E-02
1.620000E+03,-2.352290E-01,6.215610E-02,1.669186E-02,-9.923659E-03,1.548999E-01,7.078380E-02
1.620500E+03,-1.897925E-01,7.411369E-02,3.953958E-02,-1.375717E-01,1.641845E-01,6.197239E-02
1.621000E+03,-1.420571E-01,8.444568E-02,6.229194E-02,-2.614332E-01,1.722878E-01,5.142914E-02
1.621500E+03,-9.226316E-02,9.317266E-02,8.484908E-02,-3.806384E-01,1.790666E-01,3.923427E-02
1.622000E+03,-4.067869E-02,1.003386E-01,1.071052E-01,-4.943671E-01,1.843861E-01,2.549256E-02
1.622500E+03,1.239960E-02,1.060086E-01,1.289484E-01,-6.018516E-01,1.881222E-01,1.033245E-02
1.623000E+03,6.664664E-02,1.102659E-01,1.502605E-01,-7.023814E-01,1.901629E-01,-6.095140E-03
1.623500E+03,1.217094E-01,1.132096E-01,1.709170E-01,-7.953057E-01,1.904113E-01,-2.361830E-02
1.624000E+03,1.772080E-01,1.149509E-01,1.907876E-01,-8.800367E-01,1.887868E-01,-4.204585E-02
1.624500E+03,2.327371E-01,1.156107E-01,2.097369E-01,-9.560525E-01,1.852272E-01,-6.116935E-02
1.625000E+03,2.878681E-01,1.153161E-01,2.276246E-01,-1.022899E+00,1.796904E-01,-8.076530E-02
1.625500E+03,3.421517E-01,1.141973E-01,2.443072E-01,-1.080195E+00,1.721559E-01,-1.005975E-01
1.626000E+03,3.951210E-01,1.123848E-01,2.596387E-01,-1.127627E+00,1.626260E-01,-1.204200E-01
1.626500E+03,4.462956E-01,1.100060E-01,2.734721E-01,-1.164961E+00,1.511271E-01,-1.399792E-01
1.627000E+03,4.951853E-01,1.071829E-01,2.856613E-01,-1.192035E+00,1.377101E-01,-1.590177E-01
1.627500E+03,5.412955E-01,1.040296E-01,2.960627E-01,-1.208763E+00,1.224516E-01,-1.772766E-01
1.628000E+03,5.841317E-01,1.006495E-01,3.045370E-01,-1.215139E+00,1.054537E-01,-1.944993E-01
1.628500E+03,6.232053E-01,9.713412E-02,3.109516E-01,-1.211230E+00,8.684371E-02,-2.104342E-01
1.629000E+03,6.580398E-01,9.356079E-02,3.151827E-01,-1.197182E+00,6.677448E-02,-2.248385E-01
1.629500E+03,6.881767E-01,8.999179E-02,3.171171E-01,-1.173215E+00,4.542293E-02,-2.374813E-01
1.630000E+03,7.131816E-01,8.647335E-02,3.166554E-01,-1.139626E+00,2.298924E-02,-2.481469E-01
1.630500E+03,7.326511E-01,8.303511E-02,3.137134E-01,-1.096781E+00,-3.048083E-04,-2.566382E-01
1.631000E+03,7.462191E-01,7.969009E-02,3.082250E-01,-1.045119E+00,-2.421768E-02,-2.627796E-01
1.631500E+03,7.535629E-01,7.643496E-02,3.001439E-01,-9.851439E-01,-4.849043E-02,-2.664206E-01
1.632000E+03,7.544096E-01,7.325070E-02,2.894459E-01,-9.174252E-01,-7.284932E-02,-2.674378E-01
1.632500E+03,7.485419E-01,7.010374E-02,2.761311E-01,-8.425908E-01,-9.700889E-02,-2.657384E-01
1.633000E+03,7.358037E-01,6.694728E-02,2.602249E-01,-7.613236E-01,-1.206753E-01,-2.612618E-01
1.633500E+03,7.161046E-01,6.372312E-02,2.417801E-01,-6.743568E-01,-1.435498E-01,-2.539821E-01
1.634000E+03,6.894247E-01,6.036366E-02,2.208775E-01,-5.824674E-01,-1.653330E-01,-2.439095E-01
1.634500E+03,6.558183E-01,5.679419E-02,1.976273E-01,-4.864707E-01,-1.857285E-01,-2.310915E-01
1.635000E+03,6.154161E-01,5.293539E-02,1.721690E-01,-3.872136E-01,-2.044478E-01,-2.156137E-01
1.635500E+03,5.684278E-01,4.870601E-02,1.446718E-01,-2.855677E-01,-2.212138E-01,-1.976000E-01
1.636000E+03,5.151428E-01,4.402558E-02,1.153343E-01,-1.824220E-01,-2.357660E-01,-1.772121E-01
1.636500E+03,4.559302E-01,3.881726E-02,8.438333E-02,-7.867579E-02,-2.478643E-01,-1.546489E-01
1.637000E+03,3.912376E-01,3.301063E-02,5.207299E-02,2.476975E-02,-2.572937E-01,-1.301447E-01
1.637500E+03,3.215890E-01,2.654438E-02,1.868279E-02,1.270187E-01,-2.638678E-01,-1.039671E-01
1.638000E+03,2.475814E-01,1.936892E-02,-1.548457E-02,2.271887E-01,-2.674329E-01,-7.641465E-02
1.638500E+03,1.698800E-01,1.144879E-02,-5.010584E-02,3.244186E-01,-2.678715E-01,-4.781300E-02
1.639000E+03,8.921311E-02,2.764753E-03,-8.484041E-02,4.178764E-01,-2.651049E-01,-1.851137E-02
1.639500E+03,6.364851E-03,-6.684305E-03,-1.193338E-01,5.067670E-01,-2.590961E-01,1.112199E-02
1.640000E+03,-7.783228E-02,-1.687992E-02,-1.532217E-01,5.903393E-01,-2.498513E-01,4.070472E-02
1.640500E+03,-1.625063E-01,-2.778296E-02,-1.861342E-01,6.678935E-01,-2.374215E-01,6.984568E-02
1.641000E+03,-2.467555E-01,-3.933293E-02,-2.177003E-01,7.387880E-01,-2.219031E-01,9.815062E-02
1.641500E+03,-3.296585E-01,-5.144782E-02,-2.475530E-01,8.024452E-01,-2.034376E-01,1.252281E-01
1.642000E+03,-4.102859E-01,-6.402437E-02,-2.753339E-01,8.583577E-01,-1.822111E-01,1.506959E-01
1.642500E+03,-4.877113E-01,-7.693884E-02,-3.006987E-01,9.060933E-01,-1.584522E-01,1.741866E-01
1.643000E+03,-5.610237E-01,-9.004828E-02,-3.233219E-01,9.452993E-01,-1.324302E-01,1.953543E-01
1.643500E+03,-6.293392E-01,-1.031923E-01,-3.429024E-01,9.757068E-01,-1.044518E-01,2.138807E-01
1.644000E+03,-6.918138E-01,-1.161954E-01,-3.591677E-01,9.971331E-01,-7.485735E-02,2.294800E-01
1.644500E+03,-7.476547E-01,-1.288693E-01,-3.718790E-01,1.009485E+00,-4.401648E-02,2.419053E-01
1.645000E+03,-7.961325E-01,-1.410164E-01,-3.808354E-01,1.012758E+00,-1.232296E-02,2.509525E-01
1.645500E+03,-8.365918E-01,-1.524331E-01,-3.858776E-01,1.007041E+00,1.981069E-02,2.564652E-01
1.646000E+03,-8.684621E-01,-1.629133E-01,-3.868918E-01,9.925101E-01,5.195929E-02,2.583378E-01
1.646500E+03,-8.912668E-01,-1.722523E-01,-3.838119E-01,9.694334E-01,8.369126E-02,2.565183E-01
1.647000E+03,-9.046318E-01,-1.802513E-01,-3.766221E-01,9.381641E-01,1.145752E-01,2.510102E-01
1.647500E+03,-9.082926E-01,-1.867211E-01,-3.653582E-01,8.991400E-01,1.441865E-01,2.418732E-01
1.648000E+03,-9.021003E-01,-1.914865E-01,-3.501085E-01,8.528783E-01,1.721141E-01,2.292233E-01
1.648500E+03,-8.860251E-01,-1.943899E-01,-3.310136E-01,7.999710E-01,1.979671E-01,2.132317E-01
1.649000E+03,-8.601600E-01,-1.952958E-01,-3.082655E-01,7.410787E-01,2.213807E-01,1.941224E-01
1.649500E+03,-8.247209E-01,-1.940940E-01,-2.821062E-01,6.769243E-01,2.420228E-01,1.721697E-01
1.650000E+03,-7.800461E-01,-1.907026E-01,-2.528249E-01,6.082853E-01,2.595987E-01,1.476936E-01
1.650500E+03,-7.265939E-01,-1.850712E-01,-2.207550E-01,5.359853E-01,2.738565E-01,1.210552E-01
1.651000E+03,-6.649382E-01,-1.771833E-01,-1.862699E-01,4.608853E-01,2.845914E-01,9.265104E-02
1.651500E+03,-5.957622E-01,-1.670572E-01,-1.497784E-01,3.838740E-01,2.916486E-01,6.290644E-02
1.652000E+03,-5.198509E-01,-1.547483E-01,-1.117192E-01,3.058579E-01,2.949264E-01,3.226881E-02
1.652500E+03,-4.380820E-01,-1.403486E-01,-7.255503E-02,2.277507E-01,2.943778E-01,1.200058E-03
1.653000E+03,-3.514147E-01,-1.239868E-01,-3.276646E-02,1.504627E-01,2.900113E-01,-2.983114E-02
1.653500E+03,-2.608780E-01,-1.058276E-01,7.155197E-03,7.488965E-02,2.818906E-01,-6.035722E-02
1.654000E+03,-1.675573E-01,-8.606970E-02,4.671469E-02,1.902118E-03,2.701338E-01,-8.991962E-02
1.654500E+03,-7.258011E-02,-6.494365E-02,8.542004E-02,-6.766556E-02,2.549113E-01,-1.180766E-01
1.655000E+03,2.289841E-02,-4.270890E-02,1.227897E-01,-1.330258E-01,2.364430E-01,-1.444105E-01
1.655500E+03,1.177114E-01,-1.965013E-02,1.583598E-01,-1.934480E-01,2.149946E-01,-1.685351E-01
1.656000E+03,2.106958E-01,3.926905E-03,1.916907E-01,-2.482683E-01,1.908729E-01,-1.901014E-01
1.656500E+03,3.007081E-01,2.770004E-02,2.223738E-01,-2.968983E-01,1.644210E-01,-2.088039E-01
1.657000E+03,3.866401E-01,5.133579E-02,2.500375E-01,-3.388337E-01,1.360129E-01,-2.243847E-01
1.657500E+03,4.674337E-01,7.449473E-02,2.743528E-01,-3.736611E-01,1.060466E-01,-2.366381E-01
1.658000E+03,5.420959E-01,9.683719E-02,2.950378E-01,-4.010644E-01,7.493835E-02,-2.454129E-01
1.658500E+03,6.097119E-01,1.180290E-01,3.118624E-01,-4.208296E-01,4.311569E-02,-2.506143E-01
1.659000E+03,6.694578E-01,1.377471E-01,3.246511E-01,-4.328486E-01,1.101077E-02,-2.522046E-01
1.659500E+03,7.206119E-01,1.556857E-01,3.332855E-01,-4.371214E-01,-2.094634E-02,-2.502031E-01
1.660000E+03,7.625640E-01,1.715611E-01,3.377059E-01,-4.337566E-01,-5.233418E-02,-2.446840E-01
1.660500E+03,7.948238E-01,1.851175E-01,3.379121E-01,-4.229714E-01,-8.274616E-02,-2.357744E-01
1.661000E+03,8.170273E-01,1.961314E-01,3.339623E-01,-4.050885E-01,-1.117964E-01,-2.236508E-01
1.661500E+03,8.289408E-01,2.044158E-01,3.259726E-01,-3.805330E-01,-1.391250E-01,-2.085346E-01
1.662000E+03,8.304644E-01,2.098241E-01,3.141142E-01,-3.498270E-01,-1.644030E-01,-1.906872E-01
1.662500E+03,8.216318E-01,2.122529E-01,2.986105E-01,-3.135826E-01,-1.873363E-01,-1.704042E-01
1.663000E+03,8.026097E-01,2.116443E-01,2.797333E-01,-2.724939E-01,-2.076692E-01,-1.480094E-01
1.663500E+03,7.736945E-01,2.079874E-01,2.577982E-01,-2.273275E-01,-2.251871E-01,-1.238480E-01
1.664000E+03,7.353075E-01,2.013190E-01,2.331590E-01,-1.789122E-01,-2.397183E-01,-9.828030E-02
1.664500E+03,6.879884E-01,1.917233E-01,2.062024E-01,-1.281268E-01,-2.511352E-01,-7.167447E-02
1.665000E+03,6.323868E-01,1.793311E-01,1.773412E-01,-7.588793E-02,-2.593546E-01,-4.440030E-02
1.665500E+03,5.692529E-01,1.643177E-01,1.470083E-01,-2.313677E-02,-2.643377E-01,-1.682267E-02
1.666000E+03,4.994264E-01,1.469005E-01,1.156496E-01,2.917492E-02,-2.660884E-01,1.070445E-02
1.666500E+03,4.238248E-01,1.273357E-01,8.371707E-02,8.009868E-02,-2.646523E-01,3.784345E-02
1.667000E+03,3.434297E-01,1.059144E-01,5.166230E-02,1.287036E-01,-2.601142E-01,6.427795E-02
1.667500E+03,2.592743E-01,8.295770E-02,1.992938E-02,1.740904E-01,-2.525950E-01,8.971693E-02
1.668000E+03,1.724282E-01,5.881177E-02,-1.105130E-02,2.154049E-01,-2.422495E-01,1.138982E-01
1.668500E+03,8.398379E-02,3.384240E-02,-4.086924E-02,2.518515E-01,-2.292618E-01,1.365910E-01
1.669000E+03,-4.958548E-03,8.429058E-03,-6.913940E-02,2.827053E-01,-2.138426E-01,1.575975E-01
1.669500E+03,-9.330464E-02,-1.704110E-02,-9.550741E-02,3.073234E-01,-1.962248E-01,1.767543E-01
1.670000E+03,-1.799805E-01,-4.217941E-02,-1.196540E-01,3.251555E-01,-1.766597E-01,1.939321E-01
1.670500E+03,-2.639456E-01,-6.660181E-02,-1.412991E-01,3.357527E-01,-1.554133E-01,2.090351E-01
1.671000E+03,-3.442059E-01,-8.993485E-02,-1.602048E-01,3.387748E-01,-1.327624E-01,2.220000E-01
1.671500E+03,-4.198252E-01,-1.118215E-01,-1.761777E-01,3.339961E-01,-1.089907E-01,2.327941E-01
1.672000E+03,-4.899365E-01,-1.319267E-01,-1.890713E-01,3.213103E-01,-8.438608E-02,2.414126E-01
1.672500E+03,-5.537513E-01,-1.499421E-01,-1.987861E-01,3.007322E-01,-5.923656E-02,2.478760E-01
1.673000E+03,-6.105685E-01,-1.655912E-01,-2.052708E-01,2.723986E-01,-3.382793E-02,2.522273E-01
1.673500E+03,-6.597813E-01,-1.786329E-01,-2.085211E-01,2.365674E-01,-8.440989E-03,2.545282E-01
1.674000E+03,-7.008834E-01,-1.888650E-01,-2.085791E-01,1.936148E-01,1.665080E-02,2.548561E-01
1.674500E+03,-7.334732E-01,-1.961272E-01,-2.055314E-01,1.440300E-01,4.118331E-02,2.533012E-01
1.675000E+03,-7.572574E-01,-2.003029E-01,-1.995070E-01,8.840994E-02,6.490351E-02,2.499628E-01
1.675500E+03,-7.720525E-01,-2.013206E-01,-1.906742E-01,2.745055E-02,8.757095E-02,2.449472E-01
1.676000E+03,-7.777852E-01,-1.991548E-01,-1.792377E-01,-3.806193E-02,1.089590E-01,2.383646E-01
1.676500E+03,-7.744919E-01,-1.938256E-01,-1.654350E-01,-1.072617E-01,1.288559E-01,2.303276E-01
1.677000E+03,-7.623164E-01,-1.853983E-01,-1.495320E-01,-1.792151E-01,1.470660E-01,2.209495E-01
1.677500E+03,-7.415063E-01,-1.739821E-01,-1.318195E-01,-2.529331E-01,1.634098E-01,2.103432E-01
1.678000E+03,-7.124095E-01,-1.597278E-01,-1.126083E-01,-3.273848E-01,1.777257E-01,1.986204E-01
1.678500E+03,-6.754680E-01,-1.428257E-01,-9.222507E-02,-4.015115E-01,1.898701E-01,1.858921E-01
1.679000E+03,-6.312120E-01,-1.235023E-01,-7.100766E-02,-4.742408E-01,1.997180E-01,1.722684E-01
1.679500E+03,-5.802525E-01,-1.020175E-01,-4.930063E-02,-5.445010E-01,2.071644E-01,1.578594E-01
1.680000E+03,-5.232739E-01,-7.865980E-02,-2.745070E-02,-6.112361E-01,2.121244E-01,1.427764E-01
1.680500E+03,-4.610247E-01,-5.374338E-02,-5.802453E-03,-6.734194E-01,2.145345E-01,1.271333E-01
1.681000E+03,-3.943094E-01,-2.760304E-02,1.530602E-02,-7.300680E-01,2.143535E-01,1.110477E-01
1.681500E+03,-3.239780E-01,-5.900864E-04,3.554716E-02,-7.802552E-01,2.115633E-01,9.464281E-02
1.682000E+03,-2.509170E-01,2.693229E-02,5.460790E-02,-8.231240E-01,2.061698E-01,7.804887E-02
1.682500E+03,-1.760383E-01,5.459361E-02,7.219333E-02,-8.578979E-01,1.982044E-01,6.140425E-02
1.683000E+03,-1.002699E-01,8.202062E-02,8.803018E-02,-8.838920E-01,1.877245E-01,4.485668E-02
1.683500E+03,-2.454460E-02,1.088419E-01,1.018700E-01,-9.005223E-01,1.748144E-01,2.856380E-02
1.684000E+03,5.020999E-02,1.346921E-01,1.134923E-01,-9.073139E-01,1.595864E-01,1.269346E-02
1.684500E+03,1.230820E-01,1.592164E-01,1.227068E-01,-9.039082E-01,1.421809E-01,-2.576660E-03
1.685000E+03,1.931856E-01,1.820744E-01,1.293563E-01,-8.900681E-01,1.227670E-01,-1.705992E-02
1.685500E+03,2.596709E-01,2.029441E-01,1.333185E-01,-8.656825E-01,1.015423E-01,-3.056224E-02
1.686000E+03,3.217336E-01,2.215257E-01,1.345080E-01,-8.307688E-01,7.873225E-02,-4.288428E-02
1.686500E+03,3.786247E-01,2.375445E-01,1.328773E-01,-7.854743E-01,5.458975E-02,-5.382420E-02
1.687000E+03,4.296588E-01,2.507547E-01,1.284185E-01,-7.300760E-01,2.939336E-02,-6.318103E-02
1.687500E+03,4.742231E-01,2.609420E-01,1.211637E-01,-6.649789E-01,3.445564E-03,-7.075861E-02
1.688000E+03,5.117845E-01,2.679262E-01,1.111856E-01,-5.907131E-01,-2.292974E-02,-7.636995E-02
1.688500E+03,5.418967E-01,2.715635E-01,9.859736E-02,-5.079292E-01,-4.939028E-02,-7.984196E-02
1.689000E+03,5.642067E-01,2.717488E-01,8.355218E-02,-4.173926E-01,-7.557903E-02,-8.102048E-02
1.689500E+03,5.784595E-01,2.684172E-01,6.624258E-02,-3.199764E-01,-1.011284E-01,-7.977534E-02
1.690000E+03,5.845030E-01,2.615458E-01,4.689902E-02,-2.166533E-01,-1.256650E-01,-7.600542E-02
1.690500E+03,5.822906E-01,2.511542E-01,2.578813E-02,-1.084858E-01,-1.488149E-01,-6.964356E-02
1.691000E+03,5.718837E-01,2.373060E-01,3.210472E-03,3.383991E-03,-1.702088E-01,-6.066108E-02
1.691500E+03,5.534526E-01,2.201089E-01,-2.050229E-02,1.177463E-01,-1.894887E-01,-4.907180E-02
1.692000E+03,5.272755E-01,1.997146E-01,-4.499063E-02,2.333359E-01,-2.063137E-01,-3.493540E-02
1.692500E+03,4.937376E-01,1.763188E-01,-6.987099E-02,3.488454E-01,-2.203661E-01,-1.836003E-02
1.693000E+03,4.533272E-01,1.501602E-01,-9.474008E-02,4.629395E-01,-2.313580E-01,4.960843E-04
1.693500E+03,4.066317E-01,1.215190E-01,-1.191797E-01,5.742698E-01,-2.390376E-01,2.142402E-02
1.694000E+03,3.543311E-01,9.071578E-02,-1.427619E-01,6.814895E-01,-2.431947E-01,4.416470E-02
1.694500E+03,2.971914E-01,5.810878E-02,-1.650549E-01,7.832693E-01,-2.436664E-01,6.841057E-02
1.695000E+03,2.360551E-01,2.409124E-02,-1.856290E-01,8.783133E-01,-2.403422E-01,9.380855E-02
1.695500E+03,1.718316E-01,-1.091184E-02,-2.040628E-01,9.653746E-01,-2.331678E-01,1.199642E-01
1.696000E+03,1.054856E-01,-4.644767E-02,-2.199502E-01,1.043271E+00,-2.221492E-01,1.464471E-01
1.696500E+03,3.802497E-02,-8.204005E-02,-2.329071E-01,1.110902E+00,-2.073544E-01,1.727973E-01
1.697000E+03,-2.951303E-02,-1.171944E-01,-2.425780E-01,1.167261E+00,-1.889156E-01,1.985327E-01
1.697500E+03,-9.607591E-02,-1.514033E-01,-2.486428E-01,1.211453E+00,-1.670291E-01,2.231579E-01
1.698000E+03,-1.606111E-01,-1.841525E-01,-2.508239E-01,1.242707E+00,-1.419547E-01,2.461729E-01
1.698500E+03,-2.220813E-01,-2.149275E-01,-2.488922E-01,1.260388E+00,-1.140132E-01,2.670832E-01
1.699000E+03,-2.794806E-01,-2.432203E-01,-2.426730E-01,1.264011E+00,-8.358396E-02,2.854100E-01
1.699500E+03,-3.318501E-01,-2.685369E-01,-2.320514E-01,1.253248E+00,-5.109943E-02,3.007004E-01
1.700000E+03,-3.782935E-01,-2.904047E-01,-2.169774E-01,1.227939E+00,-1.704009E-02,3.125375E-01
1.700500E+03,-4.179927E-01,-3.083801E-01,-1.974693E-01,1.188098E+00,1.807268E-02,3.205508E-01
1.701000E+03,-4.502218E-01,-3.220564E-01,-1.736174E-01,1.133919E+00,5.368435E-02,3.244254E-01
1.701500E+03,-4.743607E-01,-3.310713E-01,-1.455853E-01,1.065776E+00,8.921606E-02,3.239106E-01
1.702000E+03,-4.899076E-01,-3.351144E-01,-1.136111E-01,9.842271E-01,1.240741E-01,3.188275E-01
1.702500E+03,-4.964895E-01,-3.339342E-01,-7.800748E-02,8.900090E-01,1.576602E-01,3.090758E-01
1.703000E+03,-4.938711E-01,-3.273448E-01,-3.915942E-02,7.840353E-01,1.893818E-01,2.946385E-01
1.703500E+03,-4.819619E-01,-3.152321E-01,2.478178E-03,6.673884E-01,2.186632E-01,2.755855E-01
1.704000E+03,-4.608215E-01,-2.975583E-01,4.638484E-02,5.413103E-01,2.449560E-01,2.520756E-01
1.704500E+03,-4.306613E-01,-2.743669E-01,9.198005E-02,4.071903E-01,2.677502E-01,2.243563E-01
1.705000E+03,-3.918454E-01,-2.457853E-01,1.386300E-01,2.665509E-01,2.865839E-01,1.927620E-01
1.705500E+03,-3.448882E-01,-2.120272E-01,1.856558E-01,1.210306E-01,3.010529E-01,1.577105E-01
1.706000E+03,-2.904488E-01,-1.733929E-01,2.323424E-01,-2.763518E-02,3.108200E-01,1.196976E-01
1.706500E+03,-2.293243E-01,-1.302691E-01,2.779490E-01,-1.776352E-01,3.156218E-01,7.928963E-02
1.707000E+03,-1.624392E-01,-8.312634E-02,3.217202E-01,-3.271053E-01,3.152761E-01,3.711463E-02
1.707500E+03,-9.083341E-02,-3.251546E-02,3.628977E-01,-4.741531E-01,3.096864E-01,-6.147930E-03
1.708000E+03,-1.564709E-02,2.093745E-02,4.007329E-01,-6.168832E-01,2.988457E-01,-4.977896E-02
1.708500E+03,6.189573E-02,7.653783E-02,4.344996E-01,-7.534242E-01,2.828387E-01,-9.303257E-02
1.709000E+03,1.405060E-01,1.335308E-01,4.635068E-01,-8.819551E-01,2.618417E-01,-1.351497E-01
1.709500E+03,2.188499E-01,1.911106E-01,4.871119E-01,-1.000733E+00,2.361219E-01,-1.753726E-01
1.710000E+03,2.955703E-01,2.484316E-01,5.047326E-01,-1.108118E+00,2.060336E-01,-2.129591E-01
1.710500E+03,3.693090E-01,3.046201E-01,5.158595E-01,-1.202600E+00,1.720138E-01,-2.471974E-01
1.711000E+03,4.387300E-01,3.587875E-01,5.200667E-01,-1.282824E+00,1.345756E-01,-2.774206E-01
1.711500E+03,5.025422E-01,4.100439E-01,5.170221E-01,-1.347612E+00,9.430043E-02,-3.030198E-01
1.712000E+03,5.595226E-01,4.575128E-01,5.064963E-01,-1.395979E+00,5.182836E-02,-3.234576E-01
1.712500E+03,6.085384E-01,5.003455E-01,4.883699E-01,-1.427158E+00,7.847676E-03,-3.382793E-01
1.713000E+03,6.485680E-01,5.377363E-01,4.626390E-01,-1.440611E+00,-3.691690E-02,-3.471234E-01
1.713500E+03,6.787205E-01,5.689368E-01,4.294196E-01,-1.436039E+00,-8.171673E-02,-3.497299E-01
1.714000E+03,6.982539E-01,5.932707E-01,3.889490E-01,-1.413393E+00,-1.257924E-01,-3.459473E-01
1.714500E+03,7.065900E-01,6.101469E-01,3.415864E-01,-1.372877E+00,-1.683874E-01,-3.357369E-01
1.715000E+03,7.033280E-01,6.190723E-01,2.878101E-01,-1.314945E+00,-2.087616E-01,-3.191759E-01
1.715500E+03,6.882544E-01,6.196628E-01,2.282137E-01,-1.240304E+00,-2.462047E-01,-2.964572E-01
1.716000E+03,6.613499E-01,6.116538E-01,1.634996E-01,-1.149897E+00,-2.800497E-01,-2.678877E-01
1.716500E+03,6.227938E-01,5.949076E-01,9.447051E-02,-1.044900E+00,-3.096849E-01,-2.338841E-01
1.717000E+03,5.729637E-01,5.694197E-01,2.201938E-02,-9.266984E-01,-3.345656E-01,-1.949666E-01
1.717500E+03,5.124335E-01,5.353231E-01,-5.288307E-02,-7.968716E-01,-3.542245E-01,-1.517504E-01
1.718000E+03,4.419659E-01,4.928899E-01,-1.292020E-01,-6.571692E-01,-3.682808E-01,-1.049355E-01
1.718500E+03,3.625037E-01,4.425308E-01,-2.058536E-01,-5.094844E-01,-3.764476E-01,-5.529449E-02
1.719000E+03,2.751556E-01,3.847919E-01,-2.817217E-01,-3.558256E-01,-3.785378E-01,-3.659021E-03
1.719500E+03,1.811810E-01,3.203497E-01,-3.556751E-01,-1.982853E-01,-3.744679E-01,4.909497E-02
1.720000E+03,8.197054E-02,2.500030E-01,-4.265853E-01,-3.900796E-02,-3.642606E-01,1.020631E-01
1.720500E+03,-2.097562E-02,1.746629E-01,-4.933451E-01,1.198439E-01,-3.480446E-01,1.543287E-01
1.721000E+03,-1.260712E-01,9.534031E-02,-5.548871E-01,2.761234E-01,-3.260531E-01,2.049802E-01
1.721500E+03,-2.316694E-01,1.313194E-02,-6.102011E-01,4.277335E-01,-2.986199E-01,2.531271E-01
1.722000E+03,-3.360900E-01,-7.079605E-02,-6.583525E-01,5.726602E-01,-2.661739E-01,2.979169E-01
1.722500E+03,-4.376471E-01,-1.552257E-01,-6.984976E-01,7.090039E-01,-2.292322E-01,3.385508E-01
1.723000E+03,-5.346772E-01,-2.389063E-01,-7.298999E-01,8.350099E-01,-1.883906E-01,3.742983E-01
1.723500E+03,-6.255675E-01,-3.205741E-01,-7.519430E-01,9.490953E-01,-1.443137E-01,4.045112E-01
1.724000E+03,-7.087833E-01,-3.989733E-01,-7.641428E-01,1.049874E+00,-9.772279E-02,4.286352E-01
1.724500E+03,-7.828949E-01,-4.728762E-01,-7.661574E-01,1.136176E+00,-4.938375E-02,4.462206E-01
1.725000E+03,-8.466019E-01,-5.411047E-01,-7.577941E-01,1.207068E+00,-9.307561E-05,4.569303E-01
1.725500E+03,-8.987566E-01,-6.025498E-01,-7.390154E-01,1.261862E+00,4.933596E-02,4.605463E-01
1.726000E+03,-9.383846E-01,-6.561914E-01,-7.099411E-01,1.300127E+00,9.808767E-02,4.569736E-01
1.726500E+03,-9.647020E-01,-7.011162E-01,-6.708484E-01,1.321693E+00,1.453583E-01,4.462421E-01
1.727000E+03,-9.771303E-01,-7.365346E-01,-6.221695E-01,1.326648E+00,1.903700E-01,4.285058E-01
1.727500E+03,-9.753078E-01,-7.617948E-01,-5.644865E-01,1.315335E+00,2.323848E-01,4.040398E-01
1.728000E+03,-9.590965E-01,-7.763960E-01,-4.985233E-01,1.288341E+00,2.707169E-01,3.732355E-01
1.728500E+03,-9.285865E-01,-7.799980E-01,-4.251358E-01,1.246485E+00,3.047447E-01,3.365929E-01
1.729000E+03,-8.840955E-01,-7.724288E-01,-3.452995E-01,1.190799E+00,3.339217E-01,2.947116E-01
1.729500E+03,-8.261652E-01,-7.536893E-01,-2.600949E-01,1.122504E+00,3.577851E-01,2.482795E-01
1.730000E+03,-7.555533E-01,-7.239549E-01,-1.706912E-01,1.042992E+00,3.759640E-01,1.980604E-01
1.730500E+03,-6.732222E-01,-6.835745E-01,-7.832842E-02,9.537914E-01,3.881850E-01,1.448796E-01
1.731000E+03,-5.803241E-01,-6.330661E-01,1.570151E-02,8.565413E-01,3.942762E-01,8.960948E-02
1.731500E+03,-4.781830E-01,-5.731097E-01,1.100751E-01,7.529606E-01,3.941700E-01,3.315294E-02
1.732000E+03,-3.682735E-01,-5.045374E-01,2.034576E-01,6.448150E-01,3.879028E-01,-2.357221E-02
1.732500E+03,-2.521973E-01,-4.283209E-01,2.945243E-01,5.338856E-01,3.756141E-01,-7.964992E-02
1.733000E+03,-1.316576E-01,-3.455561E-01,3.819810E-01,4.219364E-01,3.575427E-01,-1.341820E-01
1.733500E+03,-8.431564E-03,-2.574463E-01,4.645844E-01,3.106838E-01,3.340220E-01,-1.863040E-01
1.734000E+03,1.156581E-01,-1.652828E-01,5.411615E-01,2.017672E-01,3.054731E-01,-2.351999E-01
1.734500E+03,2.387725E-01,-7.042423E-02,6.106281E-01,9.672144E-02,2.723966E-01,-2.801163E-01
1.735000E+03,3.590861E-01,2.572537E-02,6.720053E-01,-3.047755E-03,2.353630E-01,-3.203747E-01
1.735500E+03,4.748158E-01,1.217392E-01,7.244351E-01,-9.628544E-02,1.950024E-01,-3.553829E-01
1.736000E+03,5.842495E-01,2.161908E-01,7.671931E-01,-1.819059E-01,1.519926E-01,-3.846440E-01
1.736500E+03,6.857728E-01,3.076773E-01,7.996995E-01,-2.590070E-01,1.070466E-01,-4.077644E-01
1.737000E+03,7.778950E-01,3.948422E-01,8.215277E-01,-3.268815E-01,6.090076E-02,-4.244588E-01
1.737500E+03,8.592716E-01,4.763968E-01,8.324102E-01,-3.850229E-01,1.430087E-02,-4.345539E-01
1.738000E+03,9.287255E-01,5.511418E-01,8.322418E-01,-4.331287E-01,-3.201011E-02,-4.379898E-01
1.738500E+03,9.852643E-01,6.179855E-01,8.210805E-01,-4.710987E-01,-7.730491E-02,-4.348192E-01
1.739000E+03,1.028095E+00,6.759619E-01,7.991456E-01,-4.990294E-01,-1.208841E-01,-4.252046E-01
1.739500E+03,1.056637E+00,7.242452E-01,7.668129E-01,-5.172053E-01,-1.620873E-01,-4.094135E-01
1.740000E+03,1.070525E+00,7.621629E-01,7.246079E-01,-5.260861E-01,-2.003042E-01,-3.878122E-01
1.740500E+03,1.069620E+00,7.892054E-01,6.731964E-01,-5.262909E-01,-2.349833E-01,-3.608572E-01
1.741000E+03,1.054002E+00,8.050336E-01,6.133727E-01,-5.185801E-01,-2.656407E-01,-3.290857E-01
1.741500E+03,1.023975E+00,8.094829E-01,5.460464E-01,-5.038344E-01,-2.918667E-01,-2.931046E-01
1.742000E+03,9.800544E-01,8.025647E-01,4.722271E-01,-4.830327E-01,-3.133311E-01,-2.535783E-01
1.742500E+03,9.229575E-01,7.844644E-01,3.930077E-01,-4.572281E-01,-3.297870E-01,-2.112160E-01
1.743000E+03,8.535933E-01,7.555375E-01,3.095466E-01,-4.275235E-01,-3.410737E-01,-1.667587E-01
1.743500E+03,7.730439E-01,7.163015E-01,2.230492E-01,-3.950471E-01,-3.471163E-01,-1.209649E-01
1.744000E+03,6.825471E-01,6.674265E-01,1.347491E-01,-3.609273E-01,-3.479261E-01,-7.459765E-02
1.744500E+03,5.834746E-01,6.097225E-01,4.588814E-02,-3.262700E-01,-3.435975E-01,-2.841078E-02
1.745000E+03,4.773104E-01,5.441246E-01,-4.230175E-02,-2.921354E-01,-3.343044E-01,1.686371E-02
1.745500E+03,3.656255E-01,4.716768E-01,-1.286178E-01,-2.595175E-01,-3.202954E-01,6.052779E-02
1.746000E+03,2.500540E-01,3.935140E-01,-2.119038E-01,-2.293254E-01,-3.018877E-01,1.019286E-01
1.746500E+03,1.322665E-01,3.108421E-01,-2.910671E-01,-2.023672E-01,-2.794596E-01,1.404682E-01
1.747000E+03,1.394476E-02,2.249183E-01,-3.650938E-01,-1.793357E-01,-2.534426E-01,1.756128E-01
1.747500E+03,-1.032440E-01,1.370299E-01,-4.330628E-01,-1.607980E-01,-2.243126E-01,2.068992E-01
1.748000E+03,-2.176719E-01,4.847382E-02,-4.941576E-01,-1.471873E-01,-1.925810E-01,2.339411E-01
1.748500E+03,-3.277739E-01,-3.946461E-02,-5.476767E-01,-1.387978E-01,-1.587848E-01,2.564331E-01
1.749000E+03,-4.320704E-01,-1.255314E-01,-5.930416E-01,-1.357833E-01,-1.234770E-01,2.741529E-01
1.749500E+03,-5.291876E-01,-2.085233E-01,-6.298027E-01,-1.381575E-01,-8.721712E-02,2.869627E-01
1.750000E+03,-6.178756E-01,-2.873059E-01,-6.576432E-01,-1.457982E-01,-5.056194E-02,2.948077E-01
1.750500E+03,-6.970253E-01,-3.608299E-01,-6.763809E-01,-1.584535E-01,-1.405636E-02,2.977144E-01
1.751000E+03,-7.656809E-01,-4.281461E-01,-6.859670E-01,-1.757509E-01,2.177488E-02,2.957869E-01
1.751500E+03,-8.230520E-01,-4.884178E-01,-6.864842E-01,-1.972079E-01,5.643487E-02,2.892015E-01
1.752000E+03,-8.685206E-01,-5.409319E-01,-6.781414E-01,-2.222448E-01,8.946147E-02,2.782010E-01
1.752500E+03,-9.016474E-01,-5.851068E-01,-6.612676E-01,-2.501992E-01,1.204333E-01,2.630873E-01
1.753000E+03,-9.221737E-01,-6.204986E-01,-6.363035E-01,-2.803409E-01,1.489746E-01,2.442138E-01
1.753500E+03,-9.300212E-01,-6.468045E-01,-6.037917E-01,-3.118885E-01,1.747594E-01,2.219766E-01
1.754000E+03,-9.252893E-01,-6.638640E-01,-5.643660E-01,-3.440255E-01,1.975146E-01,1.968056E-01
1.754500E+03,-9.082494E-01,-6.716575E-01,-5.187389E-01,-3.759173E-01,2.170213E-01,1.691554E-01
1.755000E+03,-8.793369E-01,-6.703030E-01,-4.676890E-01,-4.067274E-01,2.331165E-01,1.394966E-01
1.755500E+03,-8.391413E-01,-6.600506E-01,-4.120474E-01,-4.356332E-01,2.456920E-01,1.083062E-01
1.756000E+03,-7.883939E-01,-6.412743E-01,-3.526835E-01,-4.618412E-01,2.546943E-01,7.605935E-02
1.756500E+03,-7.279541E-01,-6.144635E-01,-2.904915E-01,-4.846005E-01,2.601221E-01,4.322150E-02
1.757000E+03,-6.587944E-01,-5.802110E-01,-2.263765E-01,-5.032158E-01,2.620237E-01,1.024078E-02
1.757500E+03,-5.819837E-01,-5.392016E-01,-1.612407E-01,-5.170585E-01,2.604937E-01,-2.245844E-02
1.758000E+03,-4.986701E-01,-4.921983E-01,-9.597053E-02,-5.255762E-01,2.556692E-01,-5.448118E-02
1.758500E+03,-4.100635E-01,-4.400281E-01,-3.142484E-02,-5.283007E-01,2.477254E-01,-8.546653E-02
1.759000E+03,-3.174170E-01,-3.835677E-01,3.157676E-02,-5.248542E-01,2.368707E-01,-1.150913E-01
1.759500E+03,-2.220091E-01,-3.237282E-01,9.226392E-02,-5.149540E-01,2.233421E-01,-1.430726E-01
1.760000E+03,-1.251256E-01,-2.614404E-01,1.499246E-01,-4.984153E-01,2.074000E-01,-1.691695E-01
1.760500E+03,-2.804261E-02,-1.976401E-01,2.039127E-01,-4.751523E-01,1.893236E-01,-1.931834E-01
1.761000E+03,6.799030E-02,-1.332539E-01,2.536546E-01,-4.451784E-01,1.694053E-01,-2.149578E-01
1.761500E+03,1.617658E-01,-6.918581E-02,2.986542E-01,-4.086042E-01,1.479469E-01,-2.343769E-01
1.762000E+03,2.521333E-01,-6.304750E-03,3.384964E-01,-3.656348E-01,1.252546E-01,-2.513637E-01
1.762500E+03,3.380122E-01,5.456685E-02,3.728493E-01,-3.165659E-01,1.016352E-01,-2.658774E-01
1.763000E+03,4.184042E-01,1.126633E-01,4.014654E-01,-2.617787E-01,7.739243E-02,-2.779096E-01
1.763500E+03,4.924030E-01,1.672845E-01,4.241812E-01,-2.017346E-01,5.282365E-02,-2.874815E-01
1.764000E+03,5.592040E-01,2.178032E-01,4.409153E-01,-1.369680E-01,2.821703E-02,-2.946393E-01
1.764500E+03,6.181111E-01,2.636713E-01,4.516661E-01,-6.808038E-02,3.849200E-03,-2.994506E-01
1.765000E+03,6.685428E-01,3.044240E-01,4.565082E-01,4.267538E-03,-2.001664E-02,-3.020000E-01
1.765500E+03,7.100357E-01,3.396828E-01,4.555876E-01,7.936309E-02,-4.313230E-02,-3.023858E-01
1.766000E+03,7.422478E-01,3.691573E-01,4.491169E-01,1.564493E-01,-6.526574E-02,-3.007155E-01
1.766500E+03,7.649588E-01,3.926449E-01,4.373691E-01,2.347326E-01,-8.620185E-02,-2.971037E-01
1.767000E+03,7.780702E-01,4.100300E-01,4.206714E-01,3.133905E-01,-1.057430E-01,-2.916680E-01
1.767500E+03,7.816031E-01,4.212814E-01,3.993986E-01,3.915793E-01,-1.237095E-01,-2.845278E-01
1.768000E+03,7.756953E-01,4.264488E-01,3.739664E-01,4.684416E-01,-1.399394E-01,-2.758018E-01
1.768500E+03,7.605970E-01,4.256585E-01,3.448241E-01,5.431137E-01,-1.542888E-01,-2.656074E-01
1.769000E+03,7.366649E-01,4.191081E-01,3.124478E-01,6.147332E-01,-1.666317E-01,-2.540596E-01
1.769500E+03,7.043567E-01,4.070604E-01,2.773341E-01,6.824464E-01,-1.768601E-01,-2.412713E-01
1.770000E+03,6.642230E-01,3.898371E-01,2.399925E-01,7.454151E-01,-1.848838E-01,-2.273538E-01
1.770500E+03,6.168995E-01,3.678117E-01,2.009400E-01,8.028247E-01,-1.906306E-01,-2.124179E-01
1.771000E+03,5.630984E-01,3.414028E-01,1.606947E-01,8.538905E-01,-1.940463E-01,-1.965749E-01
1.771500E+03,5.035991E-01,3.110663E-01,1.197702E-01,8.978661E-01,-1.950954E-01,-1.799388E-01
1.772000E+03,4.392383E-01,2.772886E-01,7.867051E-02,9.340497E-01,-1.937612E-01,-1.626276E-01
1.772500E+03,3.708999E-01,2.405793E-01,3.788537E-02,9.617924E-01,-1.900464E-01,-1.447657E-01
1.773000E+03,2.995047E-01,2.014642E-01,-2.114174E-03,9.805053E-01,-1.839739E-01,-1.264857E-01
1.773500E+03,2.259996E-01,1.604788E-01,-4.087955E-02,9.896669E-01,-1.755873E-01,-1.079298E-01
1.774000E+03,1.513473E-01,1.181620E-01,-7.798806E-02,9.888309E-01,-1.649521E-01,-8.925184E-02
1.774500E+03,7.651480E-02,7.505009E-02,-1.130460E-01,9.776335E-01,-1.521559E-01,-7.061799E-02
1.775000E+03,2.463380E-03,3.167147E-02,-1.456910E-01,9.558005E-01,-1.373097E-01,-5.220745E-02
1.775500E+03,-6.986240E-02,-1.145847E-02,-1.755947E-01,9.231546E-01,-1.205480E-01,-3.421249E-02
1.776000E+03,-1.395451E-01,-5.384178E-02,-2.024644E-01,8.796218E-01,-1.020294E-01,-1.683787E-02
1.776500E+03,-2.057043E-01,-9.500206E-02,-2.260448E-01,8.252379E-01,-8.193675E-02,-2.995272E-04
1.777000E+03,-2.675070E-01,-1.344880E-01,-2.461194E-01,7.601535E-01,-6.047701E-02,1.517738E-02
1.777500E+03,-3.241766E-01,-1.718767E-01,-2.625117E-01,6.846390E-01,-3.788052E-02,2.936116E-02
1.778000E+03,-3.750021E-01,-2.067764E-01,-2.750858E-01,5.990883E-01,-1.440015E-02,4.201698E-02
1.778500E+03,-4.193462E-01,-2.388289E-01,-2.837477E-01,5.040212E-01,9.690230E-03,5.291085E-02
1.779000E+03,-4.566537E-01,-2.677116E-01,-2.884453E-01,4.000845E-01,3.409768E-02,6.181420E-02
1.779500E+03,-4.864579E-01,-2.931396E-01,-2.891692E-01,2.880523E-01,5.851277E-02,6.850889E-02
1.780000E+03,-5.083873E-01,-3.148672E-01,-2.859522E-01,1.688234E-01,8.261257E-02,7.279261E-02
1.780500E+03,-5.221706E-01,-3.326889E-01,-2.788700E-01,4.341834E-02,1.060643E-01,7.448450E-02
1.781000E+03,-5.276412E-01,-3.464411E-01,-2.680402E-01,-8.702643E-02,1.285294E-01,7.343076E-02
1.781500E+03,-5.247408E-01,-3.560028E-01,-2.536220E-01,-2.212658E-01,1.496681E-01,6.951031E-02
1.782000E+03,-5.135210E-01,-3.612966E-01,-2.358156E-01,-3.579554E-01,1.691445E-01,6.264009E-02
1.782500E+03,-4.941446E-01,-3.622891E-01,-2.148604E-01,-4.956627E-01,1.866317E-01,5.277995E-02
1.783000E+03,-4.668853E-01,-3.589915E-01,-1.910340E-01,-6.328806E-01,2.018175E-01,3.993705E-02
1.783500E+03,-4.321260E-01,-3.514599E-01,-1.646500E-01,-7.680424E-01,2.144103E-01,2.416936E-02
1.784000E+03,-3.903554E-01,-3.397955E-01,-1.360558E-01,-8.995384E-01,2.241445E-01,5.588450E-03
1.784500E+03,-3.421639E-01,-3.241442E-01,-1.056293E-01,-1.025735E+00,2.307866E-01,-1.563889E-02
1.785000E+03,-2.882380E-01,-3.046962E-01,-7.377655E-02,-1.144994E+00,2.341403E-01,-3.929007E-02
1.785500E+03,-2.293522E-01,-2.816852E-01,-4.092706E-02,-1.255693E+00,2.340519E-01,-6.508732E-02
1.786000E+03,-1.663610E-01,-2.553876E-01,-7.530081E-03,-1.356250E+00,2.304151E-01,-9.269963E-02
1.786500E+03,-1.001888E-01,-2.261205E-01,2.595024E-02,-1.445143E+00,2.231746E-01,-1.217460E-01
1.787000E+03,-3.181857E-02,-1.942398E-01,5.904008E-02,-1.520933E+00,2.123299E-01,-1.517998E-01
1.787500E+03,3.772063E-02,-1.601380E-01,9.126147E-02,-1.582289E+00,1.979377E-01,-1.823947E-01
1.788000E+03,1.073669E-01,-1.242407E-01,1.221383E-01,-1.628008E+00,1.801135E-01,-2.130315E-01
1.788500E+03,1.760397E-01,-8.700379E-02,1.512027E-01,-1.657036E+00,1.590321E-01,-2.431860E-01
1.789000E+03,2.426554E-01,-4.890848E-02,1.780014E-01,-1.668490E+00,1.349273E-01,-2.723185E-01
1.789500E+03,3.061420E-01,-1.045726E-02,2.021024E-01,-1.661674E+00,1.080901E-01,-2.998826E-01
1.790000E+03,3.654556E-01,2.783156E-02,2.231021E-01,-1.636099E+00,7.886611E-02,-3.253366E-01
1.790500E+03,4.195961E-01,6.542957E-02,2.406314E-01,-1.591492E+00,4.765170E-02,-3.481532E-01
1.791000E+03,4.676230E-01,1.018045E-01,2.543627E-01,-1.527811E+00,1.488887E-02,-3.678315E-01
1.791500E+03,5.086706E-01,1.364268E-01,2.640158E-01,-1.445253E+00,-1.894065E-02,-3.839066E-01
1.792000E+03,5.419629E-01,1.687769E-01,2.693640E-01,-1.344257E+00,-5.332246E-02,-3.959611E-01
1.792500E+03,5.668274E-01,1.983521E-01,2.702391E-01,-1.225509E+00,-8.771732E-02,-4.036347E-01
1.793000E+03,5.827073E-01,2.246745E-01,2.665362E-01,-1.089937E+00,-1.215698E-01,-4.066330E-01
1.793500E+03,5.891730E-01,2.472984E-01,2.582171E-01,-9.387071E-01,-1.543174E-01,-4.047362E-01
1.794000E+03,5.859319E-01,2.658174E-01,2.453137E-01,-7.732151E-01,-1.854004E-01,-3.978056E-01
1.794500E+03,5.728353E-01,2.798723E-01,2.279297E-01,-5.950724E-01,-2.142717E-01,-3.857892E-01
1.795000E+03,5.498847E-01,2.891577E-01,2.062412E-01,-4.060905E-01,-2.404066E-01,-3.687255E-01
1.795500E+03,5.172350E-01,2.934284E-01,1.804966E-01,-2.082612E-01,-2.633129E-01,-3.467457E-01
1.796000E+03,4.751955E-01,2.925057E-01,1.510148E-01,-3.733966E-03,-2.825406E-01,-3.200742E-01
1.796500E+03,4.242285E-01,2.862819E-01,1.181825E-01,2.052098E-01,-2.976906E-01,-2.890265E-01
1.797000E+03,3.649460E-01,2.747252E-01,8.245041E-02,4.161850E-01,-3.084232E-01,-2.540066E-01
1.797500E+03,2.981024E-01,2.578823E-01,4.432742E-02,6.267328E-01,-3.144656E-01,-2.155011E-01
1.798000E+03,2.245869E-01,2.358809E-01,4.374604E-03,8.343528E-01,-3.156185E-01,-1.740723E-01
1.798500E+03,1.454112E-01,2.089303E-01,-3.680253E-02,1.036536E+00,-3.117606E-01,-1.303494E-01
1.799000E+03,6.169722E-02,1.773215E-01,-7.856259E-02,1.230800E+00,-3.028536E-01,-8.501834E-02
1.799500E+03,-2.533946E-02,1.414246E-01,-1.202378E-01,1.414722E+00,-2.889437E-01,-3.880999E-02
1.800000E+03,-1.144063E-01,1.016864E-01,-1.611442E-01,1.585971E+00,-2.701630E-01,7.512727E-03
1.800500E+03,-2.041532E-01,5.862553E-02,-2.005926E-01,1.742345E+00,-2.467287E-01,5.316846E-02
1.801000E+03,-2.931927E-01,1.282655E-02,-2.378997E-01,1.881800E+00,-2.189413E-01,9.737185E-02
1.801500E+03,-3.801216E-01,-3.506712E-02,-2.723999E-01,2.002481E+00,-1.871803E-01,1.393483E-01
1.802000E+03,-4.635432E-01,-8.436174E-02,-3.034563E-01,2.102747E+00,-1.518994E-01,1.783486E-01
1.802500E+03,-5.420896E-01,-1.343228E-01,-3.304729E-01,2.181200E+00,-1.136198E-01,2.136637E-01
1.803000E+03,-6.144445E-01,-1.841857E-01,-3.529047E-01,2.236703E+00,-7.292173E-02,2.446386E-01
1.803500E+03,-6.793652E-01,-2.331669E-01,-3.702688E-01,2.268398E+00,-3.043585E-02,2.706855E-01
1.804000E+03,-7.357040E-01,-2.804766E-01,-3.821536E-01,2.275722E+00,1.316750E-02,2.912959E-01
1.804500E+03,-7.824283E-01,-3.253307E-01,-3.882276E-01,2.258415E+00,5.718918E-02,3.060512E-01
1.805000E+03,-8.186392E-01,-3.669642E-01,-3.882469E-01,2.216527E+00,1.009131E-01,3.146320E-01
1.805500E+03,-8.435884E-01,-4.046441E-01,-3.820610E-01,2.150418E+00,1.436186E-01,3.168253E-01
1.806000E+03,-8.566929E-01,-4.376816E-01,-3.696177E-01,2.060754E+00,1.845926E-01,3.125298E-01
1.806500E+03,-8.575467E-01,-4.654454E-01,-3.509659E-01,1.948501E+00,2.231425E-01,3.017591E-01
1.807000E+03,-8.459306E-01,-4.873727E-01,-3.262573E-01,1.814908E+00,2.586080E-01,2.846431E-01
1.807500E+03,-8.218181E-01,-5.029803E-01,-2.957456E-01,1.661500E+00,2.903731E-01,2.614265E-01
1.808000E+03,-7.853794E-01,-5.118744E-01,-2.597844E-01,1.490044E+00,3.178773E-01,2.324659E-01
1.808500E+03,-7.369809E-01,-5.137591E-01,-2.188233E-01,1.302539E+00,3.406254E-01,1.982240E-01
1.809000E+03,-6.771827E-01,-5.084434E-01,-1.734025E-01,1.101178E+00,3.581970E-01,1.592623E-01
1.809500E+03,-6.067315E-01,-4.958468E-01,-1.241449E-01,8.883224E-01,3.702542E-01,1.162317E-01
1.810000E+03,-5.265521E-01,-4.760023E-01,-7.174768E-02,6.664686E-01,3.765480E-01,6.986144E-02
1.810500E+03,-4.377337E-01,-4.490590E-01,-1.697176E-02,4.382134E-01,3.769232E-01,2.094612E-02
1.811000E+03,-3.415154E-01,-4.152816E-01,3.936969E-02,2.062182E-01,3.713217E-01,-2.966789E-02
1.811500E+03,-2.392676E-01,-3.750479E-01,9.642391E-02,-2.682824E-02,3.597843E-01,-8.109756E-02
1.812000E+03,-1.324716E-01,-3.288453E-01,1.533120E-01,-2.582461E-01,3.424500E-01,-1.324388E-01
1.812500E+03,-2.269725E-02,-2.772646E-01,2.091432E-01,-4.854016E-01,3.195550E-01,-1.827829E-01
1.813000E+03,8.842139E-02,-2.209919E-01,2.630292E-01,-7.057422E-01,2.914282E-01,-2.312320E-01
1.813500E+03,1.992115E-01,-1.607990E-01,3.140988E-01,-9.168314E-01,2.584868E-01,-2.769163E-01
1.814000E+03,3.079880E-01,-9.753260E-02,3.615129E-01,-1.116380E+00,2.212290E-01,-3.190084E-01
1.814500E+03,4.130803E-01,-3.210090E-02,4.044778E-01,-1.302278E+00,1.802264E-01,-3.567392E-01
1.815000E+03,5.128588E-01,3.453973E-02,4.422596E-01,-1.472618E+00,1.361141E-01,-3.894106E-01
1.815500E+03,6.057621E-01,1.013999E-01,4.741964E-01,-1.625721E+00,8.958065E-02,-4.164088E-01
1.816000E+03,6.903216E-01,1.674730E-01,4.997099E-01,-1.760158E+00,4.135631E-02,-4.372148E-01
1.816500E+03,7.651861E-01,2.317509E-01,5.183157E-01,-1.874759E+00,-7.798923E-03,-4.514136E-01
1.817000E+03,8.291440E-01,2.932409E-01,5.296322E-01,-1.968635E+00,-5.710794E-02,-4.587015E-01
1.817500E+03,8.811438E-01,3.509817E-01,5.333874E-01,-2.041176E+00,-1.057894E-01,-4.588913E-01
1.818000E+03,9.203117E-01,4.040594E-01,5.294246E-01,-2.092058E+00,-1.530707E-01,-4.519160E-01
1.818500E+03,9.459664E-01,4.516227E-01,5.177054E-01,-2.121244E+00,-1.982007E-01,-4.378290E-01
1.819000E+03,9.576315E-01,4.928973E-01,4.983117E-01,-2.128974E+00,-2.404619E-01,-4.168038E-01
1.819500E+03,9.550441E-01,5.271996E-01,4.714449E-01,-2.115758E+00,-2.791826E-01,-3.891308E-01
1.820000E+03,9.381596E-01,5.539476E-01,4.374232E-01,-2.082361E+00,-3.137474E-01,-3.552116E-01
1.820500E+03,9.071541E-01,5.726719E-01,3.966778E-01,-2.029788E+00,-3.436072E-01,-3.155524E-01
1.821000E+03,8.624222E-01,5.830236E-01,3.497461E-01,-1.959259E+00,-3.682885E-01,-2.707550E-01
1.821500E+03,8.045722E-01,5.847810E-01,2.972641E-01,-1.872191E+00,-3.874000E-01,-2.215067E-01
1.822000E+03,7.344166E-01,5.778538E-01,2.399564E-01,-1.770167E+00,-4.006395E-01,-1.685680E-01
1.822500E+03,6.529608E-01,5.622851E-01,1.786251E-01,-1.654914E+00,-4.077981E-01,-1.127601E-01
1.823000E+03,5.613876E-01,5.382520E-01,1.141378E-01,-1.528265E+00,-4.087634E-01,-5.495083E-02
1.823500E+03,4.610392E-01,5.060624E-01,4.741392E-02,-1.392138E+00,-4.035206E-01,3.959775E-03
1.824000E+03,3.533970E-01,4.661515E-01,-2.058968E-02,-1.248497E+00,-3.921528E-01,6.305444E-02
1.824500E+03,2.400582E-01,4.190750E-01,-8.889327E-02,-1.099326E+00,-3.748387E-01,1.214137E-01
1.825000E+03,1.227116E-01,3.655002E-01,-1.565095E-01,-9.465963E-01,-3.518499E-01,1.781309E-01
1.825500E+03,3.111599E-03,3.061963E-01,-2.224589E-01,-7.922395E-01,-3.235456E-01,2.323267E-01
1.826000E+03,-1.169494E-01,2.420220E-01,-2.857846E-01,-6.381172E-01,-2.903665E-01,2.831630E-01
1.826500E+03,-2.356683E-01,1.739121E-01,-3.455671E-01,-4.859964E-01,-2.528276E-01,3.298566E-01
1.827000E+03,-3.512592E-01,1.028631E-01,-4.009385E-01,-3.375264E-01,-2.115096E-01,3.716904E-01
1.827500E+03,-4.619811E-01,2.991703E-02,-4.510957E-01,-1.942174E-01,-1.670491E-01,4.080253E-01
1.828000E+03,-5.661646E-01,-4.385436E-02,-4.953120E-01,-5.742305E-02,-1.201288E-01,4.383090E-01
1.828500E+03,-6.622377E-01,-1.173667E-01,-5.329484E-01,7.167383E-02,-7.146581E-02,4.620844E-01
1.829000E+03,-7.487494E-01,-1.895399E-01,-5.634624E-01,1.920728E-01,-2.180086E-02,4.789959E-01
1.829500E+03,-8.243922E-01,-2.593149E-01,-5.864166E-01,3.029634E-01,2.811365E-02,4.887943E-01
1.830000E+03,-8.880219E-01,-3.256698E-01,-6.014841E-01,4.037290E-01,7.752537E-02,4.913395E-01
1.830500E+03,-9.386747E-01,-3.876361E-01,-6.084531E-01,4.939479E-01,1.256936E-01,4.866019E-01
1.831000E+03,-9.755814E-01,-4.443127E-01,-6.072295E-01,5.733903E-01,1.719006E-01,4.746621E-01
1.831500E+03,-9.981791E-01,-4.948802E-01,-5.978375E-01,6.420127E-01,2.154624E-01,4.557085E-01
1.832000E+03,-1.006119E+00,-5.386125E-01,-5.804186E-01,6.999483E-01,2.557391E-01,4.300336E-01
1.832500E+03,-9.992715E-01,-5.748877E-01,-5.552289E-01,7.474961E-01,2.921444E-01,3.980285E-01
1.833000E+03,-9.777269E-01,-6.031967E-01,-5.226341E-01,7.851061E-01,3.241538E-01,3.601763E-01
1.833500E+03,-9.417943E-01,-6.231505E-01,-4.831036E-01,8.133630E-01,3.513120E-01,3.170442E-01
1.834000E+03,-8.919956E-01,-6.344850E-01,-4.372028E-01,8.329681E-01,3.732398E-01,2.692738E-01
1.834500E+03,-8.290576E-01,-6.370643E-01,-3.855841E-01,8.447203E-01,3.896384E-01,2.175712E-01
1.835000E+03,-7.539000E-01,-6.308815E-01,-3.289767E-01,8.494948E-01,4.002937E-01,1.626959E-01
1.835500E+03,-6.676211E-01,-6.160575E-01,-2.681752E-01,8.482226E-01,4.050786E-01,1.054492E-01
1.836000E+03,-5.714810E-01,-5.928386E-01,-2.040276E-01,8.418695E-01,4.039540E-01,4.666167E-02
1.836500E+03,-4.668818E-01,-5.615912E-01,-1.374230E-01,8.314145E-01,3.969688E-01,-1.281864E-02
1.837000E+03,-3.553469E-01,-5.227954E-01,-6.927776E-02,8.178302E-01,3.842582E-01,-7.213925E-02
1.837500E+03,-2.384976E-01,-4.770363E-01,-5.227968E-04,8.020632E-01,3.660409E-01,-1.304554E-01
1.838000E+03,-1.180285E-01,-4.249949E-01,6.791009E-02,7.850160E-01,3.426148E-01,-1.869422E-01
1.838500E+03,4.317094E-03,-3.674362E-01,1.351014E-01,7.675306E-01,3.143523E-01,-2.408063E-01
1.839000E+03,1.267733E-01,-3.051977E-01,2.001565E-01,7.503739E-01,2.816936E-01,-2.912972E-01
1.839500E+03,2.475777E-01,-2.391759E-01,2.622184E-01,7.342255E-01,2.451401E-01,-3.377171E-01
1.840000E+03,3.649969E-01,-1.703126E-01,3.204787E-01,7.196667E-01,2.052455E-01,-3.794308E-01
1.840500E+03,4.773513E-01,-9.958057E-02,3.741889E-01,7.071728E-01,1.626082E-01,-4.158738E-01
1.841000E+03,5.830398E-01,-2.796941E-02,4.226695E-01,6.971074E-01,1.178612E-01,-4.465600E-01
1.841500E+03,6.805622E-01,4.352927E-02,4.653188E-01,6.897190E-01,7.166301E-02,-4.710873E-01
1.842000E+03,7.685401E-01,1.139359E-01,5.016206E-01,6.851400E-01,2.468761E-02,-4.891428E-01
1.842500E+03,8.457365E-01,1.822968E-01,5.311494E-01,6.833876E-01,-2.238556E-02,-5.005062E-01
1.843000E+03,9.110725E-01,2.476973E-01,5.535758E-01,6.843679E-01,-6.888148E-02,-5.050523E-01
1.843500E+03,9.636418E-01,3.092744E-01,5.686693E-01,6.878806E-01,-1.141393E-01,-5.027512E-01
1.844000E+03,1.002723E+00,3.662277E-01,5.763005E-01,6.936262E-01,-1.575217E-01,-4.936684E-01
1.844500E+03,1.027788E+00,4.178302E-01,5.764413E-01,7.012153E-01,-1.984241E-01,-4.779625E-01
1.845000E+03,1.038509E+00,4.634368E-01,5.691638E-01,7.101780E-01,-2.362825E-01,-4.558824E-01
1.845500E+03,1.034762E+00,5.024927E-01,5.546383E-01,7.199758E-01,-2.705819E-01,-4.277626E-01
1.846000E+03,1.016626E+00,5.345388E-01,5.331296E-01,7.300133E-01,-3.008625E-01,-3.940180E-01
1.846500E+03,9.843848E-01,5.592176E-01,5.049919E-01,7.396510E-01,-3.267261E-01,-3.551369E-01
1.847000E+03,9.385143E-01,5.762757E-01,4.706633E-01,7.482188E-01,-3.478408E-01,-3.116740E-01
1.847500E+03,8.796813E-01,5.855659E-01,4.306586E-01,7.550287E-01,-3.639454E-01,-2.642415E-01
1.848000E+03,8.087299E-01,5.870477E-01,3.855614E-01,7.593887E-01,-3.748523E-01,-2.135001E-01
1.848500E+03,7.266690E-01,5.807859E-01,3.360154E-01,7.606153E-01,-3.804491E-01,-1.601496E-01
1.849000E+03,6.346574E-01,5.669483E-01,2.827153E-01,7.580459E-01,-3.806994E-01,-1.049183E-01
1.849500E+03,5.339863E-01,5.458019E-01,2.263967E-01,7.510510E-01,-3.756430E-01,-4.855295E-02
1.850000E+03,4.260607E-01,5.177077E-01,1.678259E-01,7.390450E-01,-3.653939E-01,8.192099E-03
1.850500E+03,3.123792E-01,4.831143E-01,1.077896E-01,7.214964E-01,-3.501383E-01,6.456534E-02
1.851000E+03,1.945124E-01,4.425511E-01,4.708400E-02,6.979369E-01,-3.301309E-01,1.198286E-01
1.851500E+03,7.408081E-02,3.966198E-01,-1.349546E-02,6.679695E-01,-3.056909E-01,1.732672E-01
1.852000E+03,-4.726768E-02,3.459856E-01,-7.316476E-02,6.312757E-01,-2.771967E-01,2.241995E-01
1.852500E+03,-1.678810E-01,2.913674E-01,-1.311613E-01,5.876212E-01,-2.450797E-01,2.719863E-01
1.853000E+03,-2.861253E-01,2.335280E-01,-1.867535E-01,5.368604E-01,-2.098184E-01,3.160389E-01
1.853500E+03,-4.004079E-01,1.732636E-01,-2.392504E-01,4.789405E-01,-1.719303E-01,3.558272E-01
1.854000E+03,-5.091982E-01,1.113928E-01,-2.880095E-01,4.139038E-01,-1.319653E-01,3.908860E-01
1.854500E+03,-6.110485E-01,4.874611E-02,-3.324452E-01,3.418889E-01,-9.049690E-02,4.208208E-01
1.855000E+03,-7.046137E-01,-1.384491E-02,-3.720356E-01,2.631314E-01,-4.811449E-02,4.453126E-01
1.855500E+03,-7.886683E-01,-7.555837E-02,-4.063283E-01,1.779635E-01,-5.414895E-03,4.641212E-01
1.856000E+03,-8.621232E-01,-1.355923E-01,-4.349458E-01,8.681214E-02,3.700594E-02,4.770880E-01
1.856500E+03,-9.240391E-01,-1.931744E-01,-4.575895E-01,-9.803097E-03,7.856110E-02,4.841365E-01
1.857000E+03,-9.736389E-01,-2.475721E-01,-4.740429E-01,-1.112732E-01,1.186807E-01,4.852730E-01
1.857500E+03,-1.010317E+00,-2.981005E-01,-4.841733E-01,-2.169038E-01,1.568196E-01,4.805849E-01
1.858000E+03,-1.033646E+00,-3.441312E-01,-4.879327E-01,-3.259198E-01,1.924644E-01,4.702387E-01
1.858500E+03,-1.043384E+00,-3.850996E-01,-4.853580E-01,-4.374709E-01,2.251405E-01,4.544766E-01
1.859000E+03,-1.039473E+00,-4.205110E-01,-4.765688E-01,-5.506379E-01,2.544178E-01,4.336118E-01
1.859500E+03,-1.022041E+00,-4.499468E-01,-4.617660E-01,-6.644394E-01,2.799166E-01,4.080233E-01
1.860000E+03,-9.914005E-01,-4.730686E-01,-4.412276E-01,-7.778397E-01,3.013119E-01,3.781497E-01
1.860500E+03,-9.480399E-01,-4.896226E-01,-4.153047E-01,-8.897567E-01,3.183376E-01,3.444823E-01
1.861000E+03,-8.926188E-01,-4.994412E-01,-3.844162E-01,-9.990712E-01,3.307897E-01,3.075570E-01
1.861500E+03,-8.259567E-01,-5.024457E-01,-3.490423E-01,-1.104636E+00,3.385280E-01,2.679468E-01
1.862000E+03,-7.490217E-01,-4.986460E-01,-3.097179E-01,-1.205288E+00,3.414785E-01,2.262526E-01
1.862500E+03,-6.629164E-01,-4.881402E-01,-2.670250E-01,-1.299856E+00,3.396328E-01,1.830947E-01
1.863000E+03,-5.688625E-01,-4.711131E-01,-2.215842E-01,-1.387174E+00,3.330485E-01,1.391040E-01
1.863500E+03,-4.681832E-01,-4.478337E-01,-1.740464E-01,-1.466095E+00,3.218479E-01,9.491243E-02
1.864000E+03,-3.622852E-01,-4.186508E-01,-1.250833E-01,-1.535500E+00,3.062155E-01,5.114471E-02
1.864500E+03,-2.526388E-01,-3.839892E-01,-7.537884E-02,-1.594313E+00,2.863959E-01,8.409331E-03
1.865000E+03,-1.407579E-01,-3.443434E-01,-2.561917E-02,-1.641516E+00,2.626893E-01,-3.270953E-02
1.865500E+03,-2.817907E-02,-3.002712E-01,2.351643E-02,-1.676157E+00,2.354481E-01,-7.165987E-02
1.866000E+03,8.355976E-02,-2.523868E-01,7.136487E-02,-1.697372E+00,2.050713E-01,-1.079290E-01
1.866500E+03,1.929400E-01,-2.013524E-01,1.172883E-01,-1.704390E+00,1.719992E-01,-1.410503E-01
1.867000E+03,2.984834E-01,-1.478695E-01,1.606826E-01,-1.696553E+00,1.367072E-01,-1.706086E-01
1.867500E+03,3.987721E-01,-9.267013E-02,2.009858E-01,-1.673323E+00,9.969981E-02,-1.962457E-01
1.868000E+03,4.924676E-01,-3.650664E-02,2.376854E-01,-1.634301E+00,6.150308E-02,-2.176642E-01
1.868500E+03,5.783295E-01,1.985785E-02,2.703255E-01,-1.579232E+00,2.265804E-02,-2.346308E-01
1.869000E+03,6.552319E-01,7.565975E-02,2.985124E-01,-1.508018E+00,-1.628678E-02,-2.469786E-01
1.869500E+03,7.221786E-01,1.301452E-01,3.219203E-01,-1.420726E+00,-5.478268E-02,-2.546084E-01
1.870000E+03,7.783165E-01,1.825803E-01,3.402951E-01,-1.317600E+00,-9.228821E-02,-2.574894E-01
1.870500E+03,8.229473E-01,2.322610E-01,3.534579E-01,-1.199056E+00,-1.282764E-01,-2.556584E-01
1.871000E+03,8.555362E-01,2.785229E-01,3.613069E-01,-1.065699E+00,-1.622420E-01,-2.492183E-01
1.871500E+03,8.757196E-01,3.207501E-01,3.638183E-01,-9.183110E-01,-1.937082E-01,-2.383361E-01
1.872000E+03,8.833092E-01,3.583845E-01,3.610465E-01,-7.578611E-01,-2.222329E-01,-2.232398E-01
1.872500E+03,8.782945E-01,3.909328E-01,3.531226E-01,-5.854952E-01,-2.474156E-01,-2.042142E-01
1.873000E+03,8.608424E-01,4.179743E-01,3.402521E-01,-4.025325E-01,-2.689018E-01,-1.815963E-01
1.873500E+03,8.312944E-01,4.391668E-01,3.227114E-01,-2.104563E-01,-2.863889E-01,-1.557704E-01
1.874000E+03,7.901615E-01,4.542514E-01,3.008433E-01,-1.090291E-02,-2.996302E-01,-1.271621E-01
1.874500E+03,7.381166E-01,4.630567E-01,2.750513E-01,1.943528E-01,-3.084383E-01,-9.623177E-02
1.875000E+03,6.759847E-01,4.655015E-01,2.457935E-01,4.034134E-01,-3.126883E-01,-6.346815E-02
1.875500E+03,6.047305E-01,4.615962E-01,2.135751E-01,6.142784E-01,-3.123196E-01,-2.938126E-02
1.876000E+03,5.254450E-01,4.514426E-01,1.789407E-01,8.248649E-01,-3.073371E-01,5.504927E-03
1.876500E+03,4.393290E-01,4.352334E-01,1.424656E-01,1.033031E+00,-2.978118E-01,4.065975E-02
1.877000E+03,3.476761E-01,4.132487E-01,1.047465E-01,1.236602E+00,-2.838796E-01,7.555331E-02
1.877500E+03,2.518539E-01,3.858530E-01,6.639289E-02,1.433392E+00,-2.657406E-01,1.096638E-01
1.878000E+03,1.532838E-01,3.534894E-01,2.801675E-02,1.621240E+00,-2.436561E-01,1.424848E-01
1.878500E+03,5.342056E-02,3.166735E-01,-9.776568E-03,1.798028E+00,-2.179455E-01,1.735322E-01
1.879000E+03,-4.626886E-02,2.759857E-01,-4.639799E-02,1.961718E+00,-1.889825E-01,2.023506E-01
1.879500E+03,-1.443269E-01,2.320627E-01,-8.128390E-02,2.110371E+00,-1.571898E-01,2.285203E-01
1.880000E+03,-2.393266E-01,1.855880E-01,-1.139050E-01,2.242185E+00,-1.230337E-01,2.516621E-01
1.880500E+03,-3.298928E-01,1.372814E-01,-1.437744E-01,2.355513E+00,-8.701771E-02,2.714436E-01
1.881000E+03,-4.147218E-01,8.788828E-02,-1.704555E-01,2.448890E+00,-4.967537E-02,2.875830E-01
1.881500E+03,-4.926012E-01,3.816800E-02,-1.935687E-01,2.521059E+00,-1.156305E-02,2.998536E-01
1.882000E+03,-5.624275E-01,-1.111767E-02,-2.127969E-01,2.570985E+00,2.674811E-02,3.080867E-01
1.882500E+03,-6.232224E-01,-5.921649E-02,-2.278908E-01,2.597880E+00,6.468044E-02,3.121744E-01
1.883000E+03,-6.741474E-01,-1.053974E-01,-2.386726E-01,2.601211E+00,1.016582E-01,3.120710E-01
1.883500E+03,-7.145164E-01,-1.489621E-01,-2.450383E-01,2.580715E+00,1.371160E-01,3.077938E-01
1.884000E+03,-7.438055E-01,-1.892559E-01,-2.469593E-01,2.536405E+00,1.705077E-01,2.994235E-01
1.884500E+03,-7.616613E-01,-2.256782E-01,-2.444823E-01,2.468574E+00,2.013143E-01,2.871027E-01
1.885000E+03,-7.679060E-01,-2.576920E-01,-2.377284E-01,2.377793E+00,2.290521E-01,2.710343E-01
1.885500E+03,-7.625399E-01,-2.848326E-01,-2.268907E-01,2.264910E+00,2.532806E-01,2.514793E-01
1.886000E+03,-7.457413E-01,-3.067146E-01,-2.122304E-01,2.131037E+00,2.736096E-01,2.287524E-01
1.886500E+03,-7.178639E-01,-3.230384E-01,-1.940725E-01,1.977540E+00,2.897052E-01,2.032188E-01
1.887000E+03,-6.794315E-01,-3.335949E-01,-1.727998E-01,1.806026E+00,3.012960E-01,1.752880E-01
1.887500E+03,-6.311294E-01,-3.382686E-01,-1.488460E-01,1.618317E+00,3.081774E-01,1.454091E-01
1.888000E+03,-5.737943E-01,-3.370395E-01,-1.226883E-01,1.416431E+00,3.102160E-01,1.140634E-01
1.888500E+03,-5.084011E-01,-3.299833E-01,-9.483888E-02,1.202557E+00,3.073518E-01,8.175830E-02
1.889000E+03,-4.360480E-01,-3.172698E-01,-6.583580E-02,9.790248E-01,2.996003E-01,4.901925E-02
1.889500E+03,-3.579394E-01,-2.991600E-01,-3.623382E-02,7.482735E-01,2.870525E-01,1.638221E-02
1.890000E+03,-2.753668E-01,-2.760017E-01,-6.594471E-03,5.128227E-01,2.698749E-01,-1.561450E-02
1.890500E+03,-1.896895E-01,-2.482232E-01,2.252369E-02,2.752371E-01,2.483071E-01,-4.643841E-02
1.891000E+03,-1.023124E-01,-2.163264E-01,5.057491E-02,3.809316E-02,2.226590E-01,-7.557115E-02
1.891500E+03,-1.466455E-02,-1.808778E-01,7.703580E-02,-1.960545E-01,1.933063E-01,-1.025166E-01
1.892000E+03,7.182346E-02,-1.424992E-01,1.014145E-01,-4.247068E-01,1.606857E-01,-1.268089E-01
1.892500E+03,1.557421E-01,-1.018567E-01,1.232594E-01,-6.454524E-01,1.252881E-01,-1.480200E-01
1.893000E+03,2.357251E-01,-5.964999E-02,1.421670E-01,-8.559988E-01,8.765136E-02,-1.657665E-01
1.893500E+03,3.104711E-01,-1.659970E-02,1.577889E-01,-1.054202E+00,4.835259E-02,-1.797167E-01
1.894000E+03,3.787646E-01,2.656424E-02,1.698382E-01,-1.238091E+00,7.998879E-03,-1.895958E-01
1.894500E+03,4.394950E-01,6.911519E-02,1.780944E-01,-1.405895E+00,-3.278188E-02,-1.951914E-01
1.895000E+03,4.916745E-01,1.103421E-01,1.824073E-01,-1.556063E+00,-7.335088E-02,-1.963572E-01
1.895500E+03,5.344542E-01,1.495613E-01,1.826995E-01,-1.687280E+00,-1.130685E-01,-1.930160E-01
1.896000E+03,5.671375E-01,1.861282E-01,1.789681E-01,-1.798483E+00,-1.513044E-01,-1.851620E-01
1.896500E+03,5.891918E-01,2.194479E-01,1.712845E-01,-1.888868E+00,-1.874477E-01,-1.728614E-01
1.897000E+03,6.002571E-01,2.489852E-01,1.597932E-01,-1.957901E+00,-2.209171E-01,-1.562525E-01
1.897500E+03,6.001518E-01,2.742730E-01,1.447093E-01,-2.005316E+00,-2.511698E-01,-1.355435E-01
1.898000E+03,5.888766E-01,2.949206E-01,1.263145E-01,-2.031117E+00,-2.777110E-01,-1.110107E-01
1.898500E+03,5.666143E-01,3.106192E-01,1.049526E-01,-2.035570E+00,-3.001018E-01,-8.299434E-02
1.899000E+03,5.337271E-01,3.211471E-01,8.102279E-02,-2.019194E+00,-3.179664E-01,-5.189367E-02
1.899500E+03,4.907518E-01,3.263729E-01,5.497294E-02,-1.982752E+00,-3.309988E-01,-1.816138E-02
1.900000E+03,4.383913E-01,3.262570E-01,2.729167E-02,-1.927232E+00,-3.389678E-01,1.770338E-02
1.900500E+03,3.775033E-01,3.208521E-01,-1.500384E-03,-1.853830E+00,-3.417208E-01,5.516256E-02
1.901000E+03,3.090877E-01,3.103011E-01,-3.085977E-02,-1.763929E+00,-3.391871E-01,9.364759E-02
1.901500E+03,2.342702E-01,2.948346E-01,-6.022984E-02,-1.659075E+00,-3.313790E-01,1.325683E-01
1.902000E+03,1.542851E-01,2.747659E-01,-8.905064E-02,-1.540952E+00,-3.183918E-01,1.713222E-01
1.902500E+03,7.045566E-02,2.504855E-01,-1.167688E-01,-1.411358E+00,-3.004027E-01,2.093044E-01
1.903000E+03,-1.582693E-02,2.224531E-01,-1.428473E-01,-1.272174E+00,-2.776682E-01,2.459167E-01
1.903500E+03,-1.031255E-01,1.911902E-01,-1.667751E-01,-1.125340E+00,-2.505202E-01,2.805781E-01
1.904000E+03,-1.899796E-01,1.572698E-01,-1.880763E-01,-9.728221E-01,-2.193607E-01,3.127338E-01
1.904500E+03,-2.749292E-01,1.213066E-01,-2.063181E-01,-8.165902E-01,-1.846558E-01,3.418642E-01
1.905000E+03,-3.565372E-01,8.394612E-02,-2.211191E-01,-6.585871E-01,-1.469282E-01,3.674939E-01
1.905500E+03,-4.334133E-01,4.585323E-02,-2.321559E-01,-5.007044E-01,-1.067492E-01,3.891991E-01
1.906000E+03,-5.042354E-01,7.700786E-03,-2.391687E-01,-3.447575E-01,-6.472938E-02,4.066149E-01
1.906500E+03,-5.677714E-01,-2.984206E-02,-2.419661E-01,-1.924627E-01,-2.150928E-02,4.194414E-01
1.907000E+03,-6.228988E-01,-6.612128E-02,-2.404289E-01,-4.541688E-02,2.225076E-02,4.274486E-01
1.907500E+03,-6.686229E-01,-1.005090E-01,-2.345118E-01,9.492138E-02,6.588096E-02,4.304804E-01
1.908000E+03,-7.040929E-01,-1.324140E-01,-2.242449E-01,2.272474E-01,1.087126E-01,4.284573E-01
1.908500E+03,-7.286159E-01,-1.612916E-01,-2.097332E-01,3.504237E-01,1.500884E-01,4.213777E-01
1.909000E+03,-7.416682E-01,-1.866523E-01,-1.911549E-01,4.634909E-01,1.893729E-01,4.093183E-01
1.909500E+03,-7.429043E-01,-2.080700E-01,-1.687588E-01,5.656746E-01,2.259620E-01,3.924326E-01
1.910000E+03,-7.321630E-01,-2.251884E-01,-1.428604E-01,6.563908E-01,2.592923E-01,3.709492E-01
1.910500E+03,-7.094705E-01,-2.377266E-01,-1.138364E-01,7.352474E-01,2.888502E-01,3.451674E-01
1.911000E+03,-6.750407E-01,-2.454833E-01,-8.211882E-02,8.020428E-01,3.141788E-01,3.154531E-01
1.911500E+03,-6.292727E-01,-2.483393E-01,-4.818814E-02,8.567628E-01,3.348855E-01,2.822330E-01
1.912000E+03,-5.727453E-01,-2.462591E-01,-1.256513E-02,8.995731E-01,3.506474E-01,2.459875E-01
1.912500E+03,-5.062084E-01,-2.392905E-01,2.419735E-02,9.308108E-01,3.612163E-01,2.072437E-01
1.913000E+03,-4.305729E-01,-2.275633E-01,6.152344E-02,9.509729E-01,3.664218E-01,1.665666E-01
1.913500E+03,-3.468965E-01,-2.112866E-01,9.882347E-02,9.607024E-01,3.661739E-01,1.245507E-01
1.914000E+03,-2.563687E-01,-1.907442E-01,1.355036E-01,9.607731E-01,3.604641E-01,8.181069E-02
1.914500E+03,-1.602928E-01,-1.662899E-01,1.709751E-01,9.520722E-01,3.493649E-01,3.897195E-02
1.915000E+03,-6.006662E-02,-1.383405E-01,2.046640E-01,9.355818E-01,3.330287E-01,-3.339000E-03
1.915500E+03,4.283829E-02,-1.073686E-01,2.360200E-01,9.123595E-01,3.116852E-01,-4.450403E-02
1.916000E+03,1.468986E-01,-7.389480E-02,2.645255E-01,8.835176E-01,2.856374E-01,-8.392265E-02
1.916500E+03,2.505621E-01,-3.847807E-02,2.897031E-01,8.502024E-01,2.552571E-01,-1.210210E-01
1.917000E+03,3.522706E-01,-1.706890E-03,3.111239E-01,8.135732E-01,2.209790E-01,-1.552604E-01
1.917500E+03,4.504837E-01,3.581076E-02,3.284132E-01,7.747812E-01,1.832941E-01,-1.861450E-01
1.918000E+03,5.437013E-01,7.345734E-02,3.412571E-01,7.349490E-01,1.427424E-01,-2.132292E-01
1.918500E+03,6.304863E-01,1.106158E-01,3.494069E-01,6.951511E-01,9.990465E-02,-2.361238E-01
1.919000E+03,7.094865E-01,1.466794E-01,3.526828E-01,6.563952E-01,5.539409E-02,-2.545014E-01
1.919500E+03,7.794543E-01,1.810614E-01,3.509769E-01,6.196050E-01,9.847233E-03,-2.681012E-01
1.920000E+03,8.392656E-01,2.132041E-01,3.442545E-01,5.856040E-01,-3.608518E-02,-2.767319E-01
1.920500E+03,8.879373E-01,2.425877E-01,3.325546E-01,5.551024E-01,-8.174756E-02,-2.802747E-01
1.921000E+03,9.246412E-01,2.687378E-01,3.159893E-01,5.286847E-01,-1.264888E-01,-2.786843E-01
1.921500E+03,9.487178E-01,2.912328E-01,2.947423E-01,5.068005E-01,-1.696714E-01,-2.719893E-01
1.922000E+03,9.596854E-01,3.097102E-01,2.690659E-01,4.897570E-01,-2.106803E-01,-2.602913E-01
1.922500E+03,9.572486E-01,3.238712E-01,2.392770E-01,4.777148E-01,-2.489319E-01,-2.437634E-01
1.923000E+03,9.413025E-01,3.334856E-01,2.057531E-01,4.706856E-01,-2.838813E-01,-2.226475E-01
1.923500E+03,9.119353E-01,3.383945E-01,1.689263E-01,4.685328E-01,-3.150303E-01,-1.972500E-01
1.924000E+03,8.694278E-01,3.385119E-01,1.292773E-01,4.709750E-01,-3.419343E-01,-1.679382E-01
1.924500E+03,8.142495E-01,3.338264E-01,8.732849E-02,4.775917E-01,-3.642077E-01,-1.351342E-01
1.925000E+03,7.470530E-01,3.243998E-01,4.363645E-02,4.878321E-01,-3.815295E-01,-9.930948E-02
1.925500E+03,6.686650E-01,3.103665E-01,-1.215737E-03,5.010258E-01,-3.936477E-01,-6.097796E-02
1.926000E+03,5.800753E-01,2.919307E-01,-4.662665E-02,5.163961E-01,-4.003820E-01,-2.068894E-02
1.926500E+03,4.824233E-01,2.693627E-01,-9.198486E-02,5.330753E-01,-4.016268E-01,2.098042E-02
1.927000E+03,3.769821E-01,2.429950E-01,-1.366773E-01,5.501218E-01,-3.973521E-01,6.343304E-02
1.927500E+03,2.651413E-01,2.132163E-01,-1.800976E-01,5.665391E-01,-3.876039E-01,1.060599E-01
1.928000E+03,1.483873E-01,1.804661E-01,-2.216544E-01,5.812956E-01,-3.725038E-01,1.482486E-01
1.928500E+03,2.828346E-02,1.452275E-01,-2.607790E-01,5.933457E-01,-3.522467E-01,1.893911E-01
1.929000E+03,-9.355247E-02,1.080200E-01,-2.969333E-01,6.016512E-01,-3.270989E-01,2.288925E-01
1.929500E+03,-2.154702E-01,6.939172E-02,-3.296165E-01,6.052036E-01,-2.973936E-01,2.661785E-01
1.930000E+03,-3.358100E-01,2.991128E-02,-3.583722E-01,6.030452E-01,-2.635271E-01,3.007036E-01
1.930500E+03,-4.529260E-01,-9.840509E-03,-3.827939E-01,5.942906E-01,-2.259532E-01,3.319583E-01
1.931000E+03,-5.652091E-01,-4.927916E-02,-4.025305E-01,5.781470E-01,-1.851770E-01,3.594762E-01
1.931500E+03,-6.711090E-01,-8.782495E-02,-4.172909E-01,5.539329E-01,-1.417480E-01,3.828402E-01
1.932000E+03,-7.691567E-01,-1.249112E-01,-4.268478E-01,5.210954E-01,-9.625311E-02,4.016885E-01
1.932500E+03,-8.579840E-01,-1.599924E-01,-4.310404E-01,4.792258E-01,-4.930810E-02,4.157200E-01
1.933000E+03,-9.363438E-01,-1.925520E-01,-4.297768E-01,4.280721E-01,-1.549683E-03,4.246981E-01
1.933500E+03,-1.003127E+00,-2.221094E-01,-4.230348E-01,3.675498E-01,4.637331E-02,4.284550E-01
1.934000E+03,-1.057377E+00,-2.482271E-01,-4.108628E-01,2.977493E-01,9.380881E-02,4.268940E-01
1.934500E+03,-1.098307E+00,-2.705168E-01,-3.933788E-01,2.189405E-01,1.401104E-01,4.199916E-01
1.935000E+03,-1.125305E+00,-2.886443E-01,-3.707693E-01,1.315742E-01,1.846464E-01,4.077982E-01
1.935500E+03,-1.137950E+00,-3.023347E-01,-3.432870E-01,3.628020E-02,2.268084E-01,3.904381E-01
1.936000E+03,-1.136011E+00,-3.113761E-01,-3.112476E-01,-6.613763E-02,2.660199E-01,3.681088E-01
1.936500E+03,-1.119456E+00,-3.156224E-01,-2.750260E-01,-1.747098E-01,3.017442E-01,3.410781E-01
1.937000E+03,-1.088450E+00,-3.149954E-01,-2.350521E-01,-2.883124E-01,3.334923E-01,3.096822E-01
1.937500E+03,-1.043352E+00,-3.094860E-01,-1.918051E-01,-4.056821E-01,3.608296E-01,2.743205E-01
1.938000E+03,-9.847146E-01,-2.991542E-01,-1.458079E-01,-5.254327E-01,3.833822E-01,2.354516E-01
1.938500E+03,-9.132710E-01,-2.841284E-01,-9.762081E-02,-6.460754E-01,4.008424E-01,1.935869E-01
1.939000E+03,-8.299299E-01,-2.646038E-01,-4.783445E-02,-7.660404E-01,4.129729E-01,1.492839E-01
1.939500E+03,-7.357605E-01,-2.408397E-01,2.937306E-03,-8.837012E-01,4.196106E-01,1.031389E-01
1.940000E+03,-6.319788E-01,-2.131556E-01,5.406498E-02,-9.973992E-01,4.206689E-01,5.577900E-02
1.940500E+03,-5.199309E-01,-1.819278E-01,1.049112E-01,-1.105471E+00,4.161393E-01,7.852938E-03
1.941000E+03,-4.010742E-01,-1.475833E-01,1.548388E-01,-1.206274E+00,4.060912E-01,-3.997780E-02
1.941500E+03,-2.769581E-01,-1.105947E-01,2.032186E-01,-1.298215E+00,3.906713E-01,-8.704859E-02
1.942000E+03,-1.492021E-01,-7.147339E-02,2.494372E-01,-1.379775E+00,3.701015E-01,-1.327015E-01
1.942500E+03,-1.947410E-02,-3.076272E-02,2.929050E-01,-1.449537E+00,3.446758E-01,-1.762948E-01
1.943000E+03,1.105331E-01,1.096944E-02,3.330636E-01,-1.506209E+00,3.147557E-01,-2.172132E-01
1.943500E+03,2.391243E-01,5.313850E-02,3.693930E-01,-1.548649E+00,2.807655E-01,-2.548767E-01
1.944000E+03,3.646259E-01,9.515121E-02,4.014182E-01,-1.575882E+00,2.431853E-01,-2.887502E-01
1.944500E+03,4.854079E-01,1.364138E-01,4.287156E-01,-1.587122E+00,2.025446E-01,-3.183516E-01
1.945000E+03,5.999069E-01,1.763404E-01,4.509185E-01,-1.581784E+00,1.594140E-01,-3.432598E-01
1.945500E+03,7.066471E-01,2.143607E-01,4.677220E-01,-1.559500E+00,1.143969E-01,-3.631217E-01
1.946000E+03,8.042600E-01,2.499285E-01,4.788876E-01,-1.520124E+00,6.812043E-02,-3.776580E-01
1.946500E+03,8.915032E-01,2.825290E-01,4.842460E-01,-1.463740E+00,2.122610E-02,-3.866681E-01
1.947000E+03,9.672769E-01,3.116861E-01,4.837000E-01,-1.390662E+00,-2.563978E-02,-3.900338E-01
1.947500E+03,1.030638E+00,3.369691E-01,4.772261E-01,-1.301432E+00,-7.183572E-02,-3.877217E-01
1.948000E+03,1.080814E+00,3.579992E-01,4.648753E-01,-1.196817E+00,-1.167346E-01,-3.797841E-01
1.948500E+03,1.117209E+00,3.744544E-01,4.467726E-01,-1.077795E+00,-1.597328E-01,-3.663587E-01
1.949000E+03,1.139415E+00,3.860744E-01,4.231159E-01,-9.455485E-01,-2.002592E-01,-3.476665E-01
1.949500E+03,1.147217E+00,3.926646E-01,3.941740E-01,-8.014428E-01,-2.377835E-01,-3.240091E-01
1.950000E+03,1.140589E+00,3.940989E-01,3.602832E-01,-6.470116E-01,-2.718235E-01,-2.957638E-01
1.950500E+03,1.119700E+00,3.903215E-01,3.218438E-01,-4.839339E-01,-3.019522E-01,-2.633777E-01
1.951000E+03,1.084906E+00,3.813481E-01,2.793147E-01,-3.140111E-01,-3.278033E-01,-2.273608E-01
1.951500E+03,1.036745E+00,3.672660E-01,2.332081E-01,-1.391417E-01,-3.490765E-01,-1.882776E-01
1.952000E+03,9.759300E-01,3.482326E-01,1.840830E-01,3.870511E-02,-3.655404E-01,-1.467381E-01
1.952500E+03,9.033353E-01,3.244742E-01,1.325383E-01,2.175170E-01,-3.770357E-01,-1.033881E-01
1.953000E+03,8.199848E-01,2.962823E-01,7.920494E-02,3.952666E-01,-3.834762E-01,-5.889826E-02
1.953500E+03,7.270361E-01,2.640101E-01,2.473830E-02,5.699393E-01,-3.848491E-01,-1.395320E-02
1.954000E+03,6.257639E-01,2.280678E-01,-3.019054E-02,7.395605E-01,-3.812136E-01,3.075954E-02
1.954500E+03,5.175411E-01,1.889165E-01,-8.490327E-02,9.022230E-01,-3.726993E-01,7.456085E-02
1.955000E+03,4.038194E-01,1.470629E-01,-1.387231E-01,1.056112E+00,-3.595020E-01,1.167912E-01
1.955500E+03,2.861089E-01,1.030512E-01,-1.909836E-01,1.199527E+00,-3.418804E-01,1.568210E-01
1.956000E+03,1.659565E-01,5.745666E-02,-2.410370E-01,1.330906E+00,-3.201500E-01,1.940612E-01
1.956500E+03,4.492489E-02,1.087708E-02,-2.882629E-01,1.448846E+00,-2.946775E-01,2.279721E-01
1.957000E+03,-7.542866E-02,-3.607516E-02,-3.320760E-01,1.552113E+00,-2.658736E-01,2.580720E-01
1.957500E+03,-1.935735E-01,-8.278153E-02,-3.719340E-01,1.639665E+00,-2.341865E-01,2.839443E-01
1.958000E+03,-3.080258E-01,-1.286258E-01,-4.073441E-01,1.710654E+00,-2.000931E-01,3.052437E-01
1.958500E+03,-4.173677E-01,-1.730025E-01,-4.378694E-01,1.764441E+00,-1.640920E-01,3.217006E-01
1.959000E+03,-5.202654E-01,-2.153252E-01,-4.631347E-01,1.800598E+00,-1.266947E-01,3.331246E-01
1.959500E+03,-6.154858E-01,-2.550342E-01,-4.828308E-01,1.818910E+00,-8.841824E-02,3.394064E-01
1.960000E+03,-7.019113E-01,-2.916045E-01,-4.967185E-01,1.819374E+00,-4.977670E-02,3.405180E-01
1.960500E+03,-7.785532E-01,-3.245525E-01,-5.046315E-01,1.802192E+00,-1.127412E-02,3.365113E-01
1.961000E+03,-8.445622E-01,-3.534426E-01,-5.064780E-01,1.767772E+00,2.660271E-02,3.275162E-01
1.961500E+03,-8.992376E-01,-3.778927E-01,-5.022421E-01,1.716710E+00,6.339074E-02,3.137362E-01
1.962000E+03,-9.420339E-01,-3.975795E-01,-4.919829E-01,1.649784E+00,9.865647E-02,2.954433E-01
1.962500E+03,-9.725652E-01,-4.122426E-01,-4.758341E-01,1.567937E+00,1.320011E-01,2.729724E-01
1.963000E+03,-9.906076E-01,-4.216872E-01,-4.540016E-01,1.472265E+00,1.630647E-01,2.467132E-01
1.963500E+03,-9.960986E-01,-4.257871E-01,-4.267605E-01,1.363997E+00,1.915299E-01,2.171029E-01
1.964000E+03,-9.891354E-01,-4.244857E-01,-3.944513E-01,1.244479E+00,2.171241E-01,1.846173E-01
1.964500E+03,-9.699702E-01,-4.177966E-01,-3.574752E-01,1.115154E+00,2.396217E-01,1.497620E-01
1.965000E+03,-9.390042E-01,-4.058029E-01,-3.162888E-01,9.775424E-01,2.588445E-01,1.130631E-01
1.965500E+03,-8.967789E-01,-3.886557E-01,-2.713977E-01,8.332240E-01,2.746618E-01,7.505767E-02
1.966000E+03,-8.439672E-01,-3.665723E-01,-2.233503E-01,6.838161E-01,2.869903E-01,3.628503E-02
1.966500E+03,-7.813614E-01,-3.398321E-01,-1.727303E-01,5.309555E-01,2.957917E-01,-2.722257E-03
1.967000E+03,-7.098611E-01,-3.087736E-01,-1.201498E-01,3.762789E-01,3.010715E-01,-4.144656E-02
1.967500E+03,-6.304594E-01,-2.737890E-01,-6.624080E-02,2.214051E-01,3.028762E-01,-7.939283E-02
1.968000E+03,-5.442290E-01,-2.353190E-01,-1.164811E-02,6.791755E-02,3.012899E-01,-1.160954E-01
1.968500E+03,-4.523067E-01,-1.938475E-01,4.297906E-02,-8.265206E-02,2.964317E-01,-1.511240E-01
1.969000E+03,-3.558782E-01,-1.498942E-01,9.699482E-02,-2.288384E-01,2.884515E-01,-1.840886E-01
1.969500E+03,-2.561628E-01,-1.040088E-01,1.497643E-01,-3.692564E-01,2.775264E-01,-2.146434E-01
1.970000E+03,-1.543977E-01,-5.676336E-02,2.006713E-01,-5.026136E-01,2.638571E-01,-2.424897E-01
1.970500E+03,-5.182288E-02,-8.745423E-03,2.491252E-01,-6.277207E-01,2.476640E-01,-2.673778E-01
1.971000E+03,5.033405E-02,3.944951E-02,2.945678E-01,-7.435012E-01,2.291834E-01,-2.891076E-01
1.971500E+03,1.508717E-01,8.722521E-02,3.364800E-01,-8.489993E-01,2.086645E-01,-3.075288E-01
1.972000E+03,2.486285E-01,1.339920E-01,3.743867E-01,-9.433863E-01,1.863655E-01,-3.225394E-01
1.972500E+03,3.424955E-01,1.791737E-01,4.078630E-01,-1.025965E+00,1.625510E-01,-3.340839E-01
1.973000E+03,4.314278E-01,2.222146E-01,4.365379E-01,-1.096175E+00,1.374894E-01,-3.421511E-01
1.973500E+03,5.144552E-01,2.625859E-01,4.600983E-01,-1.153592E+00,1.114502E-01,-3.467702E-01
1.974000E+03,5.906918E-01,2.997917E-01,4.782924E-01,-1.197932E+00,8.470224E-02,-3.480079E-01
1.974500E+03,6.593437E-01,3.333748E-01,4.909321E-01,-1.229049E+00,5.751170E-02,-3.459639E-01
1.975000E+03,7.197165E-01,3.629217E-01,4.978941E-01,-1.246934E+00,3.014074E-02,-3.407673E-01
1.975500E+03,7.712204E-01,3.880671E-01,4.991217E-01,-1.251713E+00,2.846248E-03,-3.325718E-01
1.976000E+03,8.133751E-01,4.084982E-01,4.946242E-01,-1.243642E+00,-2.412123E-02,-3.215520E-01
1.976500E+03,8.458128E-01,4.239579E-01,4.844769E-01,-1.223103E+00,-5.051838E-02,-3.078995E-01
1.977000E+03,8.682799E-01,4.342476E-01,4.688195E-01,-1.190601E+00,-7.610986E-02,-2.918190E-01
1.977500E+03,8.806377E-01,4.392290E-01,4.478546E-01,-1.146752E+00,-1.006691E-01,-2.735252E-01
1.978000E+03,8.828621E-01,4.388262E-01,4.218446E-01,-1.092283E+00,-1.239788E-01,-2.532397E-01
1.978500E+03,8.750417E-01,4.330256E-01,3.911089E-01,-1.028015E+00,-1.458321E-01,-2.311889E-01
1.979000E+03,8.573751E-01,4.218767E-01,3.560198E-01,-9.548635E-01,-1.660331E-01,-2.076019E-01
1.979500E+03,8.301674E-01,4.054913E-01,3.169983E-01,-8.738219E-01,-1.843977E-01,-1.827088E-01
1.980000E+03,7.938253E-01,3.840421E-01,2.745095E-01,-7.859544E-01,-2.007551E-01,-1.567404E-01
1.980500E+03,7.488513E-01,3.577611E-01,2.290566E-01,-6.923847E-01,-2.149489E-01,-1.299267E-01
1.981000E+03,6.958378E-01,3.269371E-01,1.811760E-01,-5.942840E-01,-2.268383E-01,-1.024975E-01
1.981500E+03,6.354594E-01,2.919126E-01,1.314305E-01,-4.928593E-01,-2.362998E-01,-7.468176E-02
1.982000E+03,5.684652E-01,2.530801E-01,8.040334E-02,-3.893408E-01,-2.432292E-01,-4.670844E-02
1.982500E+03,4.956702E-01,2.108783E-01,2.869157E-02,-2.849690E-01,-2.475428E-01,-1.880654E-02
1.983000E+03,4.179465E-01,1.657870E-01,-2.310090E-02,-1.809814E-01,-2.491797E-01,8.794451E-03
1.983500E+03,3.362133E-01,1.183224E-01,-7.437008E-02,-7.859943E-02,-2.481033E-01,3.586419E-02
1.984000E+03,2.514270E-01,6.903136E-02,-1.245189E-01,2.098557E-02,-2.443034E-01,6.217138E-02
1.984500E+03,1.645711E-01,1.848542E-02,-1.729641E-01,1.166254E-01,-2.377976E-01,8.748392E-02
1.985000E+03,7.664538E-02,-3.272521E-02,-2.191430E-01,2.072285E-01,-2.286328E-01,1.115693E-01
1.985500E+03,-1.134491E-02,-8.399834E-02,-2.625203E-01,2.917730E-01,-2.168863E-01,1.341955E-01
1.986000E+03,-9.839977E-02,-1.347265E-01,-3.025943E-01,3.693189E-01,-2.026666E-01,1.551322E-01
1.986500E+03,-1.835354E-01,-1.843039E-01,-3.389031E-01,4.390205E-01,-1.861139E-01,1.741526E-01
1.987000E+03,-2.657951E-01,-2.321334E-01,-3.710303E-01,5.001367E-01,-1.673999E-01,1.910358E-01
1.987500E+03,-3.442597E-01,-2.776335E-01,-3.986100E-01,5.520416E-01,-1.467273E-01,2.055690E-01
1.988000E+03,-4.180578E-01,-3.202456E-01,-4.213318E-01,5.942330E-01,-1.243284E-01,2.175512E-01
1.988500E+03,-4.863758E-01,-3.594404E-01,-4.389446E-01,6.263403E-01,-1.004633E-01,2.267963E-01
1.989000E+03,-5.484673E-01,-3.947253E-01,-4.512601E-01,6.481299E-01,-7.541791E-02,2.331369E-01
1.989500E+03,-6.036616E-01,-4.256502E-01,-4.581556E-01,6.595098E-01,-4.950033E-02,2.364284E-01
1.990000E+03,-6.513719E-01,-4.518139E-01,-4.595756E-01,6.605325E-01,-2.303760E-02,2.365528E-01
1.990500E+03,-6.911022E-01,-4.728696E-01,-4.555329E-01,6.513949E-01,3.628628E-03,2.334231E-01
1.991000E+03,-7.224537E-01,-4.885300E-01,-4.461089E-01,6.324372E-01,3.014673E-02,2.269870E-01
1.991500E+03,-7.451294E-01,-4.985719E-01,-4.314527E-01,6.041399E-01,5.616028E-02,2.172301E-01
1.992000E+03,-7.589388E-01,-5.028397E-01,-4.117798E-01,5.671176E-01,8.131347E-02,2.041797E-01
1.992500E+03,-7.637997E-01,-5.012489E-01,-3.873690E-01,5.221115E-01,1.052569E-01,1.879070E-01
1.993000E+03,-7.597401E-01,-4.937879E-01,-3.585597E-01,4.699803E-01,1.276535E-01,1.685293E-01
1.993500E+03,-7.468980E-01,-4.805193E-01,-3.257470E-01,4.116879E-01,1.481842E-01,1.462108E-01
1.994000E+03,-7.255197E-01,-4.615805E-01,-2.893767E-01,3.482904E-01,1.665540E-01,1.211633E-01
1.994500E+03,-6.959575E-01,-4.371830E-01,-2.499398E-01,2.809208E-01,1.824974E-01,9.364516E-02
1.995000E+03,-6.586644E-01,-4.076107E-01,-2.079654E-01,2.107720E-01,1.957835E-01,6.396012E-02
1.995500E+03,-6.141894E-01,-3.732173E-01,-1.640137E-01,1.390796E-01,2.062210E-01,3.245425E-02
1.996000E+03,-5.631694E-01,-3.344228E-01,-1.186685E-01,6.710234E-02,2.136619E-01,-4.875495E-04
1.996500E+03,-5.063216E-01,-2.917083E-01,-7.252848E-02,-3.897550E-03,2.180054E-01,-3.444627E-02
1.997000E+03,-4.444330E-01,-2.456111E-01,-2.619944E-02,-7.267429E-02,2.191999E-01,-6.897435E-02
1.997500E+03,-3.783504E-01,-1.967176E-01,1.971486E-02,-1.380190E-01,2.172452E-01,-1.036022E-01
1.998000E+03,-3.089680E-01,-1.456561E-01,6.462111E-02,-1.987796E-01,2.121929E-01,-1.378453E-01
1.998500E+03,-2.372155E-01,-9.308866E-02,1.079451E-01,-2.538806E-01,2.041465E-01,-1.712121E-01
1.999000E+03,-1.640445E-01,-3.970235E-02,1.491398E-01,-3.023414E-01,1.932597E-01,-2.032124E-01
1.999500E+03,-9.041507E-02,1.380029E-02,1.876939E-01,-3.432935E-01,1.797345E-01,-2.333658E-01
2.000000E+03,-1.728212E-02,6.671087E-02,2.231383E-01,-3.759969E-01,1.638176E-01,-2.612102E-01
2.000500E+03,5.441861E-02,1.183252E-01,2.550540E-01,-3.998531E-01,1.457968E-01,-2.863110E-01
2.001000E+03,1.237840E-01,1.679536E-01,2.830771E-01,-4.144175E-01,1.259953E-01,-3.082690E-01
2.001500E+03,1.899566E-01,2.149307E-01,3.069047E-01,-4.194085E-01,1.047661E-01,-3.267283E-01
2.002000E+03,2.521373E-01,2.586257E-01,3.262988E-01,-4.147139E-01,8.248572E-02,-3.413840E-01
2.002500E+03,3.095966E-01,2.984516E-01,3.410892E-01,-4.003952E-01,5.954713E-02,-3.519880E-01
2.003000E+03,3.616854E-01,3.338745E-01,3.511762E-01,-3.766881E-01,3.635221E-02,-3.583552E-01
2.003500E+03,4.078439E-01,3.644218E-01,3.565307E-01,-3.440010E-01,1.330423E-02,-3.603671E-01
2.004000E+03,4.476095E-01,3.896895E-01,3.571945E-01,-3.029094E-01,-9.199821E-03,-3.579757E-01
2.004500E+03,4.806229E-01,4.093492E-01,3.532786E-01,-2.541480E-01,-3.077688E-02,-3.512045E-01
2.005000E+03,5.066325E-01,4.231530E-01,3.449605E-01,-1.986002E-01,-5.106514E-02,-3.401494E-01
2.005500E+03,5.254973E-01,4.309380E-01,3.324807E-01,-1.372836E-01,-6.973103E-02,-3.249778E-01
2.006000E+03,5.371871E-01,4.326288E-01,3.161378E-01,-7.133455E-02,-8.647554E-02,-3.059258E-01
2.006500E+03,5.417823E-01,4.282397E-01,2.962825E-01,-1.989248E-03,-1.010400E-01,-2.832944E-01
2.007000E+03,5.394699E-01,4.178739E-01,2.733117E-01,6.943683E-02,-1.132107E-01,-2.574450E-01
2.007500E+03,5.305397E-01,4.017230E-01,2.476603E-01,1.415711E-01,-1.228233E-01,-2.287923E-01
2.008000E+03,5.153771E-01,3.800636E-01,2.197942E-01,2.130073E-01,-1.297653E-01,-1.977973E-01
2.008500E+03,4.944551E-01,3.532533E-01,1.902009E-01,2.823301E-01,-1.339780E-01,-1.649591E-01
2.009000E+03,4.683252E-01,3.217254E-01,1.593818E-01,3.481398E-01,-1.354573E-01,-1.308056E-01
2.009500E+03,4.376056E-01,2.859815E-01,1.278426E-01,4.090775E-01,-1.342534E-01,-9.588367E-02
2.010000E+03,4.029702E-01,2.465842E-01,9.608506E-02,4.638496E-01,-1.304689E-01,-6.074948E-02
2.010500E+03,3.651349E-01,2.041476E-01,6.459804E-02,5.112511E-01,-1.242568E-01,-2.595806E-02
2.011000E+03,3.248447E-01,1.593276E-01,3.384949E-02,5.501887E-01,-1.158162E-01,7.946771E-03
2.011500E+03,2.828596E-01,1.128115E-01,4.278606E-03,5.797010E-01,-1.053883E-01,4.044230E-02
2.012000E+03,2.399406E-01,6.530653E-02,-2.371119E-02,5.989769E-01,-9.325050E-02,7.103633E-02
2.012500E+03,1.968360E-01,1.752844E-02,-4.975857E-02,6.073726E-01,-7.971073E-02,9.927588E-02
2.013000E+03,1.542681E-01,-2.980987E-02,-7.354968E-02,6.044241E-01,-6.510044E-02,1.247551E-01
2.013500E+03,1.129204E-01,-7.601004E-02,-9.482257E-02,5.898580E-01,-4.976758E-02,1.471223E-01
2.014000E+03,7.342547E-02,-1.203995E-01,-1.133705E-01,5.635984E-01,-3.406912E-02,1.660855E-01
2.014500E+03,3.635503E-02,-1.623423E-01,-1.290442E-01,5.257709E-01,-1.836354E-02,1.814169E-01
2.015000E+03,2.209972E-03,-2.012491E-01,-1.417530E-01,4.767025E-01,-3.003322E-03,1.929565E-01
2.015500E+03,-2.858718E-02,-2.365864E-01,-1.514646E-01,4.169182E-01,1.167236E-02,2.006135E-01
2.016000E+03,-5.569851E-02,-2.678852E-01,-1.582040E-01,3.471344E-01,2.534454E-02,2.043670E-01
2.016500E+03,-7.887512E-02,-2.947475E-01,-1.620512E-01,2.682485E-01,3.772096E-02,2.042650E-01
2.017000E+03,-9.795973E-02,-3.168526E-01,-1.631377E-01,1.813252E-01,4.854184E-02,2.004221E-01
2.017500E+03,-1.128874E-01,-3.339611E-01,-1.616427E-01,8.758040E-02,5.758493E-02,1.930162E-01
2.018000E+03,-1.236846E-01,-3.459183E-01,-1.577872E-01,-1.163862E-02,6.466977E-02,1.822835E-01
2.018500E+03,-1.304659E-01,-3.526556E-01,-1.518289E-01,-1.148746E-01,6.966097E-02,1.685132E-01
2.019000E+03,-1.334295E-01,-3.541900E-01,-1.440553E-01,-2.205841E-01,7.247052E-02,1.520406E-01
2.019500E+03,-1.328512E-01,-3.506231E-01,-1.347772E-01,-3.271631E-01,7.305910E-02,1.332398E-01
2.020000E+03,-1.290761E-01,-3.421379E-01,-1.243209E-01,-4.329734E-01,7.143638E-02,1.125162E-01
2.020500E+03,-1.225097E-01,-3.289942E-01,-1.130213E-01,-5.363700E-01,6.766023E-02,9.029728E-02
2.021000E+03,-1.136078E-01,-3.115231E-01,-1.012147E-01,-6.357287E-01,6.183506E-02,6.702507E-02
2.021500E+03,-1.028654E-01,-2.901200E-01,-8.923087E-02,-7.294733E-01,5.410911E-02,4.314690E-02
2.022000E+03,-9.080445E-02,-2.652368E-01,-7.738702E-02,-8.161023E-01,4.467096E-02,1.910724E-02
2.022500E+03,-7.796219E-02,-2.373728E-01,-6.598071E-02,-8.942140E-01,3.374519E-02,-4.660498E-03
2.023000E+03,-6.487845E-02,-2.070653E-01,-5.528424E-02,-9.625304E-01,2.158746E-02,-2.774166E-02
2.023500E+03,-5.208345E-02,-1.748798E-01,-4.553929E-02,-1.019919E+00,8.478915E-03,-4.974740E-02
2.024000E+03,-4.008584E-02,-1.413989E-01,-3.695256E-02,-1.065410E+00,-5.279740E-03,-7.032109E-02
2.024500E+03,-2.936130E-02,-1.072128E-01,-2.969205E-02,-1.098217E+00,-1.937457E-02,-8.914385E-02
2.025000E+03,-2.034198E-02,-7.290771E-02,-2.388443E-02,-1.117744E+00,-3.348485E-02,-1.059392E-01
2.025500E+03,-1.340692E-02,-3.905660E-02,-1.961318E-02,-1.123601E+00,-4.728958E-02,-1.204768E-01
2.026000E+03,-8.873686E-03,-6.208876E-03,-1.691785E-02,-1.115608E+00,-6.047394E-02,-1.325752E-01
2.026500E+03,-6.991378E-03,2.511854E-02,-1.579412E-02,-1.093797E+00,-7.273545E-02,-1.421031E-01
2.027000E+03,-7.935088E-03,5.444960E-02,-1.619491E-02,-1.058410E+00,-8.378992E-02,-1.489810E-01
2.027500E+03,-1.180198E-02,8.135662E-02,-1.803232E-02,-1.009901E+00,-9.337685E-02,-1.531798E-01
2.028000E+03,-1.860902E-02,1.054666E-01,-2.118040E-02,-9.489196E-01,-1.012644E-01,-1.547204E-01
2.028500E+03,-2.829239E-02,1.264665E-01,-2.547870E-02,-8.763053E-01,-1.072537E-01,-1.536713E-01
2.029000E+03,-4.070861E-02,1.441075E-01,-3.073643E-02,-7.930712E-01,-1.111823E-01,-1.501458E-01
2.029500E+03,-5.563729E-02,1.582073E-01,-3.673727E-02,-7.003869E-01,-1.129275E-01,-1.442986E-01
2.030000E+03,-7.278553E-02,1.686522E-01,-4.324453E-02,-5.995589E-01,-1.124080E-01,-1.363215E-01
2.030500E+03,-9.179375E-02,1.753970E-01,-5.000674E-02,-4.920083E-01,-1.095853E-01,-1.264386E-01
2.031000E+03,-1.122429E-01,1.784638E-01,-5.676339E-02,-3.792476E-01,-1.044647E-01,-1.149017E-01
2.031500E+03,-1.336631E-01,1.779403E-01,-6.325078E-02,-2.628553E-01,-9.709430E-02,-1.019846E-01
2.032000E+03,-1.555430E-01,1.739757E-01,-6.920790E-02,-1.444500E-01,-8.756451E-02,-8.797777E-02
2.032500E+03,-1.773399E-01,1.667771E-01,-7.438205E-02,-2.566472E-02,-7.600609E-02,-7.318294E-02
2.033000E+03,-1.984916E-01,1.566033E-01,-7.853436E-02,9.188011E-02,-6.258773E-02,-5.790728E-02
2.033500E+03,-2.184270E-01,1.437595E-01,-8.144484E-02,2.066017E-01,-4.751298E-02,-4.245821E-02
2.034000E+03,-2.365785E-01,1.285895E-01,-8.291702E-02,3.169799E-01,-3.101660E-02,-2.713814E-02
2.034500E+03,-2.523931E-01,1.114693E-01,-8.278211E-02,4.215805E-01,-1.336051E-02,-1.223952E-02
2.035000E+03,-2.653447E-01,9.279872E-02,-8.090250E-02,5.190767E-01,5.170798E-03,1.959716E-03
2.035500E+03,-2.749444E-01,7.299388E-02,-7.717468E-02,6.082683E-01,2.427500E-02,1.520036E-02
2.036000E+03,-2.807516E-01,5.247887E-02,-7.153147E-02,6.880993E-01,4.363706E-02,2.724569E-02
2.036500E+03,-2.823832E-01,3.167805E-02,-6.394346E-02,7.576716E-01,6.293443E-02,3.788478E-02
2.037000E+03,-2.795225E-01,1.100829E-02,-5.441989E-02,8.162568E-01,8.184228E-02,4.693527E-02
2.037500E+03,-2.719266E-01,-9.128316E-03,-4.300864E-02,8.633042E-01,1.000388E-01,5.424571E-02
2.038000E+03,-2.594325E-01,-2.835131E-02,-2.979569E-02,8.984465E-01,1.172103E-01,5.969731E-02
2.038500E+03,-2.419623E-01,-4.630806E-02,-1.490378E-02,9.215017E-01,1.330562E-01,6.320526E-02
2.039000E+03,-2.195263E-01,-6.267933E-02,1.509468E-03,9.324721E-01,1.472937E-01,6.471944E-02
2.039500E+03,-1.922247E-01,-7.718406E-02,1.925406E-02,9.315401E-01,1.596624E-01,6.422476E-02
2.040000E+03,-1.602484E-01,-8.958328E-02,3.811064E-02,9.190617E-01,1.699280E-01,6.174091E-02
2.040500E+03,-1.238771E-01,-9.968321E-02,5.783395E-02,8.955565E-01,1.778864E-01,5.732172E-02
2.041000E+03,-8.347683E-02,-1.073375E-01,7.815671E-02,8.616957E-01,1.833664E-01,5.105403E-02
2.041500E+03,-3.949584E-02,-1.124483E-01,9.879377E-02,8.182878E-01,1.862326E-01,4.305619E-02
2.042000E+03,7.541540E-03,-1.149670E-01,1.194465E-01,7.662624E-01,1.863878E-01,3.347612E-02
2.042500E+03,5.704170E-02,-1.148936E-01,1.398075E-01,7.066523E-01,1.837741E-01,2.248904E-02
2.043000E+03,1.083501E-01,-1.122752E-01,1.595652E-01,6.405746E-01,1.783745E-01,1.029479E-02
2.043500E+03,1.607604E-01,-1.072043E-01,1.784083E-01,5.692108E-01,1.702129E-01,-2.885035E-03
2.044000E+03,2.135250E-01,-9.981608E-02,1.960310E-01,4.937863E-01,1.593544E-01,-1.681040E-02
2.044500E+03,2.658661E-01,-9.028460E-02,2.121369E-01,4.155501E-01,1.459045E-01,-3.122626E-02
2.045000E+03,3.169870E-01,-7.881926E-02,2.264441E-01,3.357543E-01,1.300078E-01,-4.586632E-02
2.045500E+03,3.660844E-01,-6.566028E-02,2.386884E-01,2.556343E-01,1.118463E-01,-6.045688E-02
2.046000E+03,4.123608E-01,-5.107399E-02,2.486281E-01,1.763903E-01,9.163756E-02,-7.472092E-02
2.046500E+03,4.550365E-01,-3.534779E-02,2.560471E-01,9.916880E-02,6.963119E-02,-8.838227E-02
2.047000E+03,4.933623E-01,-1.878495E-02,2.607580E-01,2.504711E-02,4.610630E-02,-1.011698E-01
2.047500E+03,5.266310E-01,-1.699338E-03,2.626052E-01,-4.498191E-02,2.136758E-02,-1.128216E-01
2.048000E+03,5.541891E-01,1.558987E-02,2.614673E-01,-1.100226E-01,-4.258605E-03,-1.230894E-01
2.048500E+03,5.754473E-01,3.276341E-02,2.572586E-01,-1.692872E-01,-3.042855E-02,-1.317423E-01
2.049000E+03,5.898906E-01,4.950701E-02,2.499314E-01,-2.221054E-01,-5.678584E-02,-1.385713E-01
2.049500E+03,5.970874E-01,6.551619E-02,2.394766E-01,-2.679300E-01,-8.296611E-02,-1.433924E-01
2.050000E+03,5.966969E-01,8.050082E-02,2.259243E-01,-3.063424E-01,-1.086021E-01,-1.460507E-01
2.050500E+03,5.884762E-01,9.418935E-02,2.093442E-01,-3.370547E-01,-1.333287E-01,-1.464230E-01
2.051000E+03,5.722856E-01,1.063326E-01,1.898451E-01,-3.599099E-01,-1.567881E-01,-1.444210E-01
2.051500E+03,5.480923E-01,1.167072E-01,1.675742E-01,-3.748804E-01,-1.786350E-01,-1.399936E-01
2.052000E+03,5.159729E-01,1.251185E-01,1.427162E-01,-3.820642E-01,-1.985412E-01,-1.331282E-01
2.052500E+03,4.761146E-01,1.314030E-01,1.154912E-01,-3.816798E-01,-2.162010E-01,-1.238527E-01
2.053000E+03,4.288143E-01,1.354307E-01,8.615280E-02,-3.740589E-01,-2.313356E-01,-1.122355E-01
2.053500E+03,3.744768E-01,1.371058E-01,5.498596E-02,-3.596380E-01,-2.436970E-01,-9.838577E-02
2.054000E+03,3.136107E-01,1.363687E-01,2.230383E-02,-3.389491E-01,-2.530727E-01,-8.245275E-02
2.054500E+03,2.468238E-01,1.331957E-01,-1.155531E-02,-3.126084E-01,-2.592885E-01,-6.462437E-02
2.055000E+03,1.748163E-01,1.275997E-01,-4.623156E-02,-2.813050E-01,-2.622118E-01,-4.512517E-02
2.055500E+03,9.837273E-02,1.196290E-01,-8.134722E-02,-2.457887E-01,-2.617542E-01,-2.421355E-02
2.056000E+03,1.835310E-02,1.093673E-01,-1.165109E-01,-2.068570E-01,-2.578730E-01,-2.178346E-03
2.056500E+03,-6.431766E-02,9.693181E-02,-1.513218E-01,-1.653425E-01,-2.505728E-01,2.066520E-02
2.057000E+03,-1.486609E-01,8.247169E-02,-1.853742E-01,-1.220996E-01,-2.399060E-01,4.398011E-02
2.057500E+03,-2.336566E-01,6.616614E-02,-2.182622E-01,-7.799165E-02,-2.259723E-01,6.741276E-02
2.058000E+03,-3.182562E-01,4.822190E-02,-2.495846E-01,-3.387846E-02,-2.089184E-01,9.059851E-02
2.058500E+03,-4.013960E-01,2.887053E-02,-2.789494E-01,9.396177E-03,-1.889363E-01,1.131676E-01
2.059000E+03,-4.820112E-01,8.365437E-03,-3.059790E-01,5.101604E-02,-1.662610E-01,1.347515E-01
2.059500E+03,-5.590500E-01,-1.302137E-02,-3.303146E-01,9.020349E-02,-1.411675E-01,1.549890E-01
2.060000E+03,-6.314875E-01,-3.500274E-02,-3.516213E-01,1.262297E-01,-1.139676E-01,1.735326E-01
2.060500E+03,-6.983398E-01,-5.727999E-02,-3.695923E-01,1.584239E-01,-8.500543E-02,1.900550E-01
2.061000E+03,-7.586771E-01,-7.954670E-02,-3.839533E-01,1.861822E-01,-5.465314E-02,2.042550E-01
2.061500E+03,-8.116373E-01,-1.014926E-01,-3.944664E-01,2.089742E-01,-2.330539E-02,2.158632E-01
2.062000E+03,-8.564378E-01,-1.228075E-01,-4.009341E-01,2.263504E-01,8.626014E-03,2.246472E-01
2.062500E+03,-8.923868E-01,-1.431853E-01,-4.032019E-01,2.379464E-01,4.071804E-02,2.304164E-01
2.063000E+03,-9.188937E-01,-1.623279E-01,-4.011618E-01,2.434878E-01,7.254252E-02,2.330261E-01
2.063500E+03,-9.354778E-01,-1.799490E-01,-3.947539E-01,2.427929E-01,1.036724E-01,2.323804E-01
2.064000E+03,-9.417765E-01,-1.957783E-01,-3.839686E-01,2.357747E-01,1.336881E-01,2.284350E-01
2.064500E+03,-9.375506E-01,-2.095647E-01,-3.688478E-01,2.224415E-01,1.621835E-01,2.211982E-01
2.065000E+03,-9.226895E-01,-2.210799E-01,-3.494848E-01,2.028966E-01,1.887723E-01,2.107323E-01
2.065500E+03,-8.972139E-01,-2.301219E-01,-3.260248E-01,1.773368E-01,2.130935E-01,1.971521E-01
2.066000E+03,-8.612767E-01,-2.365175E-01,-2.986635E-01,1.460498E-01,2.348170E-01,1.806242E-01
2.066500E+03,-8.151626E-01,-2.401256E-01,-2.676460E-01,1.094104E-01,2.536484E-01,1.613645E-01
2.067000E+03,-7.592857E-01,-2.408388E-01,-2.332646E-01,6.787621E-02,2.693335E-01,1.396349E-01
2.067500E+03,-6.941850E-01,-2.385858E-01,-1.958557E-01,2.198135E-02,2.816621E-01,1.157387E-01
2.068000E+03,-6.205193E-01,-2.333326E-01,-1.557966E-01,-2.766965E-02,2.904711E-01,9.001625E-02
2.068500E+03,-5.390587E-01,-2.250837E-01,-1.135010E-01,-8.040961E-02,2.956466E-01,6.283888E-02
2.069000E+03,-4.506765E-01,-2.138826E-01,-6.941513E-02,-1.355169E-01,2.971259E-01,3.460267E-02
2.069500E+03,-3.563379E-01,-1.998116E-01,-2.401177E-02,-1.922246E-01,2.948979E-01,5.721705E-03
2.070000E+03,-2.570888E-01,-1.829918E-01,2.221470E-02,-2.497301E-01,2.890033E-01,-2.337904E-02
2.070500E+03,-1.540423E-01,-1.635817E-01,6.875448E-02,-3.072054E-01,2.795337E-01,-5.227100E-02
2.071000E+03,-4.836545E-02,-1.417755E-01,1.150885E-01,-3.638079E-01,2.666299E-01,-8.052946E-02
2.071500E+03,5.873621E-02,-1.178018E-01,1.606946E-01,-4.186912E-01,2.504793E-01,-1.077407E-01
2.072000E+03,1.660333E-01,-9.192034E-02,2.050546E-01,-4.710167E-01,2.313130E-01,-1.335094E-01
2.072500E+03,2.722887E-01,-6.441924E-02,2.476599E-01,-5.199649E-01,2.094022E-01,-1.574647E-01
2.073000E+03,3.762729E-01,-3.561165E-02,2.880189E-01,-5.647463E-01,1.850531E-01,-1.792671E-01
2.073500E+03,4.767802E-01,-5.831791E-03,3.256622E-01,-6.046129E-01,1.586028E-01,-1.986134E-01
2.074000E+03,5.726438E-01,2.456921E-02,3.601495E-01,-6.388687E-01,1.304134E-01,-2.152422E-01
2.074500E+03,6.627508E-01,5.522778E-02,3.910744E-01,-6.668802E-01,1.008665E-01,-2.289371E-01
2.075000E+03,7.460563E-01,8.577264E-02,4.180703E-01,-6.880853E-01,7.035748E-02,-2.395305E-01
2.075500E+03,8.215970E-01,1.158296E-01,4.408144E-01,-7.020027E-01,3.928941E-02,-2.469057E-01
2.076000E+03,8.885029E-01,1.450268E-01,4.590321E-01,-7.082394E-01,8.066889E-03,-2.509976E-01
2.076500E+03,9.460085E-01,1.729991E-01,4.725002E-01,-7.064972E-01,-2.290976E-02,-2.517935E-01
2.077000E+03,9.934620E-01,1.993937E-01,4.810500E-01,-6.965782E-01,-5.325025E-02,-2.493322E-01
2.077500E+03,1.030333E+00,2.238745E-01,4.845688E-01,-6.783893E-01,-8.257984E-02,-2.437022E-01
2.078000E+03,1.056221E+00,2.461267E-01,4.830016E-01,-6.519442E-01,-1.105444E-01,-2.350393E-01
2.078500E+03,1.070854E+00,2.658612E-01,4.763512E-01,-6.173649E-01,-1.368152E-01,-2.235230E-01
2.079000E+03,1.074100E+00,2.828186E-01,4.646784E-01,-5.748817E-01,-1.610929E-01,-2.093726E-01
2.079500E+03,1.065958E+00,2.967726E-01,4.481006E-01,-5.248304E-01,-1.831112E-01,-1.928424E-01
2.080000E+03,1.046568E+00,3.075330E-01,4.267903E-01,-4.676495E-01,-2.026398E-01,-1.742164E-01
2.080500E+03,1.016197E+00,3.149485E-01,4.009726E-01,-4.038748E-01,-2.194868E-01,-1.538026E-01
2.081000E+03,9.752432E-01,3.189085E-01,3.709222E-01,-3.341330E-01,-2.335002E-01,-1.319272E-01
2.081500E+03,9.242261E-01,3.193444E-01,3.369599E-01,-2.591335E-01,-2.445689E-01,-1.089283E-01
2.082000E+03,8.637797E-01,3.162309E-01,2.994484E-01,-1.796593E-01,-2.526233E-01,-8.515008E-02
2.082500E+03,7.946434E-01,3.095855E-01,2.587875E-01,-9.655652E-02,-2.576346E-01,-6.093650E-02
2.083000E+03,7.176520E-01,2.994689E-01,2.154098E-01,-1.072309E-02,-2.596138E-01,-3.662577E-02
2.083500E+03,6.337241E-01,2.859831E-01,1.697745E-01,7.690365E-02,-2.586106E-01,-1.254479E-02
2.084000E+03,5.438500E-01,2.692706E-01,1.223630E-01,1.653597E-01,-2.547107E-01,1.099576E-02
2.084500E+03,4.490787E-01,2.495119E-01,7.367225E-02,2.536679E-01,-2.480341E-01,3.370598E-02
2.085000E+03,3.505043E-01,2.269230E-01,2.420999E-02,3.408509E-01,-2.387311E-01,5.532055E-02
2.085500E+03,2.492520E-01,2.017523E-01,-2.551145E-02,4.259453E-01,-2.269799E-01,7.560201E-02
2.086000E+03,1.464643E-01,1.742771E-01,-7.498053E-02,5.080140E-01,-2.129828E-01,9.434328E-02
2.086500E+03,4.328698E-02,1.448002E-01,-1.236920E-01,5.861597E-01,-1.969621E-01,1.113695E-01
2.087000E+03,-5.914502E-02,1.136453E-01,-1.711519E-01,6.595363E-01,-1.791567E-01,1.265392E-01
2.087500E+03,-1.597205E-01,8.115330E-02,-2.168828E-01,7.273604E-01,-1.598179E-01,1.397446E-01
2.088000E+03,-2.573650E-01,4.767764E-02,-2.604282E-01,7.889207E-01,-1.392058E-01,1.509115E-01
2.088500E+03,-3.510527E-01,1.358007E-02,-3.013570E-01,8.435878E-01,-1.175853E-01,1.599982E-01
2.089000E+03,-4.398176E-01,-2.077376E-02,-3.392673E-01,8.908205E-01,-9.522246E-02,1.669943E-01
2.089500E+03,-5.227640E-01,-5.501862E-02,-3.737898E-01,9.301724E-01,-7.238128E-02,1.719184E-01
2.090000E+03,-5.990749E-01,-8.879379E-02,-4.045911E-01,9.612962E-01,-4.932034E-02,1.748160E-01
2.090500E+03,-6.680201E-01,-1.217471E-01,-4.313762E-01,9.839465E-01,-2.629002E-02,1.757564E-01
2.091000E+03,-7.289633E-01,-1.535384E-01,-4.538908E-01,9.979806E-01,-3.529920E-03,1.748300E-01
2.091500E+03,-7.813667E-01,-1.838435E-01,-4.719232E-01,1.003358E+00,1.873338E-02,1.721448E-01
2.092000E+03,-8.247953E-01,-2.123567E-01,-4.853053E-01,1.000141E+00,4.028814E-02,1.678230E-01
2.092500E+03,-8.589196E-01,-2.387937E-01,-4.939140E-01,9.884857E-01,6.093901E-02,1.619981E-01
2.093000E+03,-8.835169E-01,-2.628944E-01,-4.976716E-01,9.686432E-01,8.050816E-02,1.548111E-01
2.093500E+03,-8.984714E-01,-2.844244E-01,-4.965459E-01,9.409503E-01,9.883609E-02,1.464077E-01
2.094000E+03,-9.037732E-01,-3.031771E-01,-4.905502E-01,9.058235E-01,1.157821E-01,1.369353E-01
2.094500E+03,-8.995159E-01,-3.189745E-01,-4.797426E-01,8.637507E-01,1.312246E-01,1.265403E-01
2.095000E+03,-8.858931E-01,-3.316688E-01,-4.642256E-01,8.152830E-01,1.450608E-01,1.153658E-01
2.095500E+03,-8.631945E-01,-3.411426E-01,-4.441444E-01,7.610254E-01,1.572066E-01,1.035496E-01
2.096000E+03,-8.318001E-01,-3.473094E-01,-4.196858E-01,7.016272E-01,1.675960E-01,9.122273E-02
2.096500E+03,-7.921746E-01,-3.501135E-01,-3.910767E-01,6.377728E-01,1.761804E-01,7.850811E-02
2.097000E+03,-7.448603E-01,-3.495300E-01,-3.585818E-01,5.701717E-01,1.829277E-01,6.551974E-02
2.097500E+03,-6.904698E-01,-3.455641E-01,-3.225017E-01,4.995495E-01,1.878217E-01,5.236230E-02
2.098000E+03,-6.296787E-01,-3.382509E-01,-2.831703E-01,4.266389E-01,1.908608E-01,3.913109E-02
2.098500E+03,-5.632164E-01,-3.276544E-01,-2.409524E-01,3.521711E-01,1.920572E-01,2.591229E-02
2.099000E+03,-4.918587E-01,-3.138663E-01,-1.962405E-01,2.768681E-01,1.914359E-01,1.278356E-02
2.099500E+03,-4.164183E-01,-2.970055E-01,-1.494523E-01,2.014355E-01,1.890339E-01,-1.851613E-04
2.100000E+03,-3.377365E-01,-2.772169E-01,-1.010266E-01,1.265562E-01,1.848990E-01,-1.293062E-02
2.100500E+03,-2.566744E-01,-2.546699E-01,-5.142072E-02,5.288464E-02,1.790895E-01,-2.539503E-02
2.101000E+03,-1.741040E-01,-2.295573E-01,-1.106276E-03,-1.895770E-02,1.716731E-01,-3.752481E-02
2.101500E+03,-9.090017E-02,-2.020944E-01,4.943452E-02,-8.838637E-02,1.627263E-01,-4.926921E-02
2.102000E+03,-7.931726E-03,-1.725168E-01,9.971285E-02,-1.548571E-01,1.523344E-01,-6.057904E-02
2.102500E+03,7.394611E-02,-1.410800E-01,1.492375E-01,-2.178684E-01,1.405903E-01,-7.140538E-02
2.103000E+03,1.538996E-01,-1.080568E-01,1.975191E-01,-2.769629E-01,1.275947E-01,-8.169845E-02
2.103500E+03,2.311240E-01,-7.373687E-02,2.440746E-01,-3.317291E-01,1.134559E-01,-9.140661E-02
2.104000E+03,3.048501E-01,-3.842407E-02,2.884320E-01,-3.818022E-01,9.828904E-02,-1.004756E-01
2.104500E+03,3.743512E-01,-2.435292E-03,3.301344E-01,-4.268638E-01,8.221650E-02,-1.088481E-01
2.105000E+03,4.389489E-01,3.390173E-02,3.687453E-01,-4.666430E-01,6.536740E-02,-1.164632E-01
2.105500E+03,4.980188E-01,7.025040E-02,4.038525E-01,-5.009156E-01,4.787750E-02,-1.232565E-01
2.106000E+03,5.509958E-01,1.062675E-01,4.350730E-01,-5.295045E-01,2.988895E-02,-1.291605E-01
2.106500E+03,5.973782E-01,1.416058E-01,4.620575E-01,-5.522794E-01,1.155002E-02,-1.341051E-01
2.107000E+03,6.367322E-01,1.759162E-01,4.844943E-01,-5.691569E-01,-6.985363E-03,-1.380184E-01
2.107500E+03,6.686956E-01,2.088511E-01,5.021135E-01,-5.801003E-01,-2.555805E-02,-1.408277E-01
2.108000E+03,6.929801E-01,2.400668E-01,5.146906E-01,-5.851203E-01,-4.400437E-02,-1.424613E-01
2.108500E+03,7.093745E-01,2.692273E-01,5.220501E-01,-5.842749E-01,-6.215691E-02,-1.428494E-01
2.109000E+03,7.177459E-01,2.960072E-01,5.240682E-01,-5.776702E-01,-7.984549E-02,-1.419264E-01
2.109500E+03,7.180415E-01,3.200951E-01,5.206755E-01,-5.654608E-01,-9.689830E-02,-1.396328E-01
2.110000E+03,7.102889E-01,3.411975E-01,5.118589E-01,-5.478508E-01,-1.131432E-01,-1.359168E-01
2.110500E+03,6.945960E-01,3.590426E-01,4.976628E-01,-5.250939E-01,-1.284094E-01,-1.307366E-01
2.111000E+03,6.711510E-01,3.733835E-01,4.781905E-01,-4.974939E-01,-1.425289E-01,-1.240625E-01
2.111500E+03,6.402204E-01,3.840021E-01,4.536038E-01,-4.654053E-01,-1.553383E-01,-1.158789E-01
2.112000E+03,6.021475E-01,3.907131E-01,4.241225E-01,-4.292329E-01,-1.666810E-01,-1.061859E-01
2.112500E+03,5.573494E-01,3.933666E-01,3.900233E-01,-3.894311E-01,-1.764094E-01,-9.500134E-02
2.113000E+03,5.063144E-01,3.918524E-01,3.516380E-01,-3.465025E-01,-1.843863E-01,-8.236230E-02
2.113500E+03,4.495970E-01,3.861019E-01,3.093503E-01,-3.009965E-01,-1.904883E-01,-6.832616E-02
2.114000E+03,3.878141E-01,3.760914E-01,2.635927E-01,-2.535061E-01,-1.946069E-01,-5.297177E-02
2.114500E+03,3.216394E-01,3.618443E-01,2.148425E-01,-2.046642E-01,-1.966515E-01,-3.639996E-02
2.115000E+03,2.517970E-01,3.434321E-01,1.636163E-01,-1.551393E-01,-1.965510E-01,-1.873386E-02
2.115500E+03,1.790552E-01,3.209763E-01,1.104657E-01,-1.056295E-01,-1.942561E-01,-1.187432E-04
2.116000E+03,1.042191E-01,2.946485E-01,5.597010E-02,-5.685570E-02,-1.897410E-01,1.927857E-02
2.116500E+03,2.812275E-02,2.646701E-01,7.310738E-04,-9.554180E-03,-1.830051E-01,3.927065E-02
2.117000E+03,-4.837912E-02,2.313120E-01,-5.463502E-02,3.553243E-02,-1.740739E-01,5.965094E-02
2.117500E+03,-1.244199E-01,1.948923E-01,-1.095041E-01,7.766480E-02,-1.630007E-01,8.019561E-02
2.118000E+03,-1.991301E-01,1.557745E-01,-1.632522E-01,1.161174E-01,-1.498666E-01,1.006658E-01
2.118500E+03,-2.716471E-01,1.143642E-01,-2.152627E-01,1.501897E-01,-1.347811E-01,1.208104E-01
2.119000E+03,-3.411242E-01,7.110502E-02,-2.649343E-01,1.792178E-01,-1.178820E-01,1.403692E-01
2.119500E+03,-4.067410E-01,2.647459E-02,-3.116889E-01,2.025866E-01,-9.933437E-02,1.590758E-01
2.120000E+03,-4.677124E-01,-1.902120E-02,-3.549787E-01,2.197417E-01,-7.932986E-02,1.766621E-01
2.120500E+03,-5.232986E-01,-6.485381E-02,-3.942937E-01,2.302014E-01,-5.808498E-02,1.928617E-01
2.121000E+03,-5.728142E-01,-1.104785E-01,-4.291682E-01,2.335682E-01,-3.583910E-02,2.074141E-01
2.121500E+03,-6.156371E-01,-1.553412E-01,-4.591875E-01,2.295397E-01,-1.285194E-02,2.200690E-01
2.122000E+03,-6.512168E-01,-1.988858E-01,-4.839934E-01,2.179180E-01,1.059938E-02,2.305907E-01
2.122500E+03,-6.790822E-01,-2.405615E-01,-5.032892E-01,1.986190E-01,3.422365E-02,2.387620E-01
2.123000E+03,-6.988487E-01,-2.798308E-01,-5.168442E-01,1.716792E-01,5.771935E-02,2.443890E-01
2.123500E+03,-7.102239E-01,-3.161769E-01,-5.244965E-01,1.372609E-01,8.077866E-02,2.473043E-01
2.124000E+03,-7.130129E-01,-3.491114E-01,-5.261566E-01,9.565601E-02,1.030918E-01,2.473713E-01
2.124500E+03,-7.071224E-01,-3.781820E-01,-5.218077E-01,4.728752E-02,1.243517E-01,2.444873E-01
2.125000E+03,-6.925633E-01,-4.029788E-01,-5.115072E-01,-7.291677E-03,1.442584E-01,2.385864E-01
2.125500E+03,-6.694519E-01,-4.231420E-01,-4.953859E-01,-6.740175E-02,1.625239E-01,2.296421E-01
2.126000E+03,-6.380109E-01,-4.383666E-01,-4.736467E-01,-1.322416E-01,1.788770E-01,2.176695E-01
2.126500E+03,-5.985674E-01,-4.484090E-01,-4.465620E-01,-2.008969E-01,1.930678E-01,2.027258E-01
2.127000E+03,-5.515505E-01,-4.530903E-01,-4.144704E-01,-2.723503E-01,2.048721E-01,1.849117E-01
2.127500E+03,-4.974875E-01,-4.523006E-01,-3.777726E-01,-3.454944E-01,2.140955E-01,1.643711E-01
2.128000E+03,-4.369984E-01,-4.460016E-01,-3.369258E-01,-4.191463E-01,2.205772E-01,1.412904E-01
2.128500E+03,-3.707891E-01,-4.342278E-01,-2.924383E-01,-4.920641E-01,2.241933E-01,1.158966E-01
2.129000E+03,-2.996435E-01,-4.170872E-01,-2.448622E-01,-5.629655E-01,2.248598E-01,8.845587E-02
2.129500E+03,-2.244139E-01,-3.947608E-01,-1.947867E-01,-6.305479E-01,2.225345E-01,5.926977E-02
2.130000E+03,-1.460113E-01,-3.675006E-01,-1.428299E-01,-6.935082E-01,2.172189E-01,2.867211E-02
2.130500E+03,-6.539361E-02,-3.356271E-01,-8.963078E-02,-7.505656E-01,2.089589E-01,-2.975560E-03
2.131000E+03,1.644649E-02,-2.995252E-01,-3.584084E-02,-8.004825E-01,1.978451E-01,-3.528880E-02
2.131500E+03,9.849405E-02,-2.596394E-01,1.788479E-02,-8.420867E-01,1.840121E-01,-6.786573E-02
2.132000E+03,1.797254E-01,-2.164678E-01,7.089582E-02,-8.742929E-01,1.676376E-01,-1.002929E-01
2.132500E+03,2.591216E-01,-1.705557E-01,1.225554E-01,-8.961231E-01,1.489395E-01,-1.321515E-01
2.133000E+03,3.356825E-01,-1.224878E-01,1.722484E-01,-9.067255E-01,1.281740E-01,-1.630241E-01
2.133500E+03,4.084399E-01,-7.288025E-02,2.193897E-01,-9.053926E-01,1.056317E-01,-1.925007E-01
2.134000E+03,4.764713E-01,-2.237204E-02,2.634311E-01,-8.915765E-01,8.163309E-02,-2.201860E-01
2.134500E+03,5.389129E-01,2.838408E-02,3.038692E-01,-8.649024E-01,5.652455E-02,-2.457058E-01
2.135000E+03,5.949711E-01,7.873082E-02,3.402507E-01,-8.251792E-01,3.067251E-02,-2.687129E-01
2.135500E+03,6.439346E-01,1.280157E-01,3.721790E-01,-7.724072E-01,4.457992E-03,-2.888937E-01
2.136000E+03,6.851841E-01,1.756003E-01,3.993182E-01,-7.067832E-01,-2.172949E-02,-3.059735E-01
2.136500E+03,7.182018E-01,2.208694E-01,4.213971E-01,-6.287022E-01,-4.749813E-02,-3.197211E-01
2.137000E+03,7.425783E-01,2.632396E-01,4.382125E-01,-5.387559E-01,-7.246029E-02,-3.299538E-01
2.137500E+03,7.580195E-01,3.021677E-01,4.496308E-01,-4.377276E-01,-9.623882E-02,-3.365402E-01
2.138000E+03,7.643506E-01,3.371581E-01,4.555890E-01,-3.265849E-01,-1.184734E-01,-3.394032E-01
2.138500E+03,7.615189E-01,3.677701E-01,4.560949E-01,-2.064680E-01,-1.388265E-01,-3.385218E-01
2.139000E+03,7.495952E-01,3.936232E-01,4.512258E-01,-7.867644E-02,-1.569894E-01,-3.339316E-01
2.139500E+03,7.287725E-01,4.144032E-01,4.411266E-01,5.534818E-02,-1.726869E-01,-3.257248E-01
2.140000E+03,6.993640E-01,4.298651E-01,4.260072E-01,1.940408E-01,-1.856826E-01,-3.140489E-01
2.140500E+03,6.617982E-01,4.398374E-01,4.061382E-01,3.357345E-01,-1.957829E-01,-2.991045E-01
2.141000E+03,6.166136E-01,4.442230E-01,3.818470E-01,4.786831E-01,-2.028399E-01,-2.811420E-01
2.141500E+03,5.644501E-01,4.430005E-01,3.535121E-01,6.210861E-01,-2.067546E-01,-2.604577E-01
2.142000E+03,5.060408E-01,4.362238E-01,3.215572E-01,7.611136E-01,-2.074784E-01,-2.373887E-01
2.142500E+03,4.422008E-01,4.240206E-01,2.864450E-01,8.969327E-01,-2.050137E-01,-2.123073E-01
2.143000E+03,3.738156E-01,4.065900E-01,2.486702E-01,1.026734E+00,-1.994143E-01,-1.856145E-01
2.143500E+03,3.018285E-01,3.841988E-01,2.087522E-01,1.148756E+00,-1.907844E-01,-1.577336E-01
2.144000E+03,2.272267E-01,3.571773E-01,1.672279E-01,1.261314E+00,-1.792766E-01,-1.291022E-01
2.144500E+03,1.510272E-01,3.259137E-01,1.246440E-01,1.362820E+00,-1.650891E-01,-1.001651E-01
2.145000E+03,7.426176E-02,2.908481E-01,8.154949E-02,1.451808E+00,-1.484630E-01,-7.136678E-02
2.145500E+03,-2.037462E-03,2.524656E-01,3.848839E-02,1.526954E+00,-1.296772E-01,-4.314331E-02
2.146000E+03,-7.685314E-02,2.112892E-01,-4.007572E-03,1.587098E+00,-1.090441E-01,-1.591529E-02
2.146500E+03,-1.491972E-01,1.678719E-01,-4.542577E-02,1.631256E+00,-8.690410E-02,9.919439E-03
2.147000E+03,-2.181250E-01,1.227885E-01,-8.527913E-02,1.658637E+00,-6.361954E-02,3.399242E-02
2.147500E+03,-2.827484E-01,7.662770E-02,-1.231121E-01,1.668654E+00,-3.956870E-02,5.597064E-02
2.148000E+03,-3.422486E-01,2.998346E-02,-1.585059E-01,1.660930E+00,-1.513918E-02,7.556187E-02
2.148500E+03,-3.958871E-01,-1.655303E-02,-1.910836E-01,1.635308E+00,9.278610E-03,9.251920E-02
2.149000E+03,-4.430161E-01,-6.240138E-02,-2.205137E-01,1.591847E+00,3.329803E-02,1.066447E-01
2.149500E+03,-4.830868E-01,-1.069997E-01,-2.465136E-01,1.530828E+00,5.654268E-02,1.177921E-01
2.150000E+03,-5.156564E-01,-1.498119E-01,-2.688526E-01,1.452745E+00,7.865256E-02,1.258684E-01
2.150500E+03,-5.403942E-01,-1.903344E-01,-2.873528E-01,1.358301E+00,9.928993E-02,1.308346E-01
2.151000E+03,-5.570844E-01,-2.281023E-01,-3.018908E-01,1.248398E+00,1.181447E-01,1.327052E-01
2.151500E+03,-5.656288E-01,-2.626947E-01,-3.123976E-01,1.124126E+00,1.349391E-01,1.315470E-01
2.152000E+03,-5.660463E-01,-2.937399E-01,-3.188582E-01,9.867477E-01,1.494321E-01,1.274764E-01
2.152500E+03,-5.584721E-01,-3.209186E-01,-3.213099E-01,8.376823E-01,1.614227E-01,1.206564E-01
2.153000E+03,-5.431536E-01,-3.439677E-01,-3.198409E-01,6.784887E-01,1.707529E-01,1.112927E-01
2.153500E+03,-5.204460E-01,-3.626820E-01,-3.145872E-01,5.108447E-01,1.773092E-01,9.962835E-02
2.154000E+03,-4.908056E-01,-3.769159E-01,-3.057298E-01,3.365267E-01,1.810241E-01,8.593871E-02
2.154500E+03,-4.547817E-01,-3.865841E-01,-2.934906E-01,1.573877E-01,1.818764E-01,7.052549E-02
2.155000E+03,-4.130078E-01,-3.916608E-01,-2.781284E-01,-2.466502E-02,1.798905E-01,5.371047E-02
2.155500E+03,-3.661909E-01,-3.921791E-01,-2.599345E-01,-2.076927E-01,1.751351E-01,3.582897E-02
2.156000E+03,-3.151000E-01,-3.882292E-01,-2.392276E-01,-3.897481E-01,1.677217E-01,1.722335E-02
2.156500E+03,-2.605548E-01,-3.799552E-01,-2.163487E-01,-5.688974E-01,1.578014E-01,-1.763501E-03
2.157000E+03,-2.034120E-01,-3.675528E-01,-1.916565E-01,-7.432431E-01,1.455616E-01,-2.079450E-02
2.157500E+03,-1.445532E-01,-3.512648E-01,-1.655211E-01,-9.109447E-01,1.312227E-01,-3.954436E-02
2.158000E+03,-8.487093E-02,-3.313771E-01,-1.383198E-01,-1.070239E+00,1.150335E-01,-5.770510E-02
2.158500E+03,-2.525614E-02,-3.082142E-01,-1.104313E-01,-1.219459E+00,9.726642E-02,-7.499116E-02
2.159000E+03,3.341521E-02,-2.821334E-01,-8.223068E-02,-1.357052E+00,7.821302E-02,-9.114371E-02
2.159500E+03,9.029445E-02,-2.535204E-01,-5.408502E-02,-1.481594E+00,5.817872E-02,-1.059345E-01
2.160000E+03,1.445721E-01,-2.227829E-01,-2.634852E-02,-1.591807E+00,3.747778E-02,-1.191685E-01
2.160500E+03,1.954892E-01,-1.903453E-01,6.415768E-04,-1.686569E+00,1.642816E-02,-1.306868E-01
2.161000E+03,2.423471E-01,-1.566430E-01,2.656882E-02,-1.764923E+00,-4.653384E-03,-1.403670E-01
2.161500E+03,2.845172E-01,-1.221165E-01,5.114097E-02,-1.826088E+00,-2.545610E-02,-1.481247E-01
2.162000E+03,3.214485E-01,-8.720611E-02,7.409300E-02,-1.869466E+00,-4.567975E-02,-1.539128E-01
2.162500E+03,3.526742E-01,-5.234637E-02,9.518964E-02,-1.894645E+00,-6.503876E-02,-1.577210E-01
2.163000E+03,3.778179E-01,-1.796085E-02,1.142274E-01,-1.901398E+00,-8.326604E-02,-1.595739E-01
2.163500E+03,3.965965E-01,1.554267E-02,1.310363E-01,-1.889689E+00,-1.001163E-01,-1.595288E-01
2.164000E+03,4.088237E-01,4.777674E-02,1.454806E-01,-1.859668E+00,-1.153688E-01,-1.576734E-01
2.164500E+03,4.144105E-01,7.837843E-02,1.574601E-01,-1.811667E+00,-1.288300E-01,-1.541221E-01
2.165000E+03,4.133657E-01,1.070131E-01,1.669095E-01,-1.746196E+00,-1.403353E-01,-1.490129E-01
2.165500E+03,4.057934E-01,1.333777E-01,1.737989E-01,-1.663935E+00,-1.497503E-01,-1.425035E-01
2.166000E+03,3.918909E-01,1.572035E-01,1.781326E-01,-1.565723E+00,-1.569719E-01,-1.347672E-01
2.166500E+03,3.719439E-01,1.782589E-01,1.799481E-01,-1.452553E+00,-1.619285E-01,-1.259892E-01
2.167000E+03,3.463218E-01,1.963505E-01,1.793147E-01,-1.325554E+00,-1.645801E-01,-1.163624E-01
2.167500E+03,3.154708E-01,2.113253E-01,1.763319E-01,-1.185982E+00,-1.649177E-01,-1.060838E-01
2.168000E+03,2.799066E-01,2.230712E-01,1.711267E-01,-1.035207E+00,-1.629627E-01,-9.535044E-02
2.168500E+03,2.402066E-01,2.315173E-01,1.638519E-01,-8.746942E-01,-1.587652E-01,-8.435648E-02
2.169000E+03,1.970009E-01,2.366341E-01,1.546830E-01,-7.059917E-01,-1.524030E-01,-7.328979E-02
2.169500E+03,1.509626E-01,2.384328E-01,1.438154E-01,-5.307139E-01,-1.439798E-01,-6.232929E-02
2.170000E+03,1.027986E-01,2.369643E-01,1.314617E-01,-3.505250E-01,-1.336228E-01,-5.164264E-02
2.170500E+03,5.323879E-02,2.323178E-01,1.178482E-01,-1.671223E-01,-1.214810E-01,-4.138425E-02
2.171000E+03,3.026201E-03,2.246191E-01,1.032120E-01,1.777967E-02,-1.077229E-01,-3.169377E-02
2.171500E+03,-4.709329E-02,2.140284E-01,8.779751E-02,2.024658E-01,-9.253369E-02,-2.269493E-02
2.172000E+03,-9.638123E-02,2.007378E-01,7.185313E-02,3.852364E-01,-7.611349E-02,-1.449479E-02
2.172500E+03,-1.441164E-01,1.849684E-01,5.562810E-02,5.644225E-01,-5.867445E-02,-7.183383E-03
2.173000E+03,-1.896044E-01,1.669673E-01,3.936916E-02,7.384011E-01,-4.043842E-02,-8.335797E-04
2.173500E+03,-2.321866E-01,1.470042E-01,2.331737E-02,9.056090E-01,-2.163455E-02,4.498648E-03
2.174000E+03,-2.712490E-01,1.253681E-01,7.705081E-03,1.064556E+00,-2.496809E-03,8.773798E-03
2.174500E+03,-3.062295E-01,1.023634E-01,-7.247055E-03,1.213839E+00,1.673834E-02,1.196819E-02
2.175000E+03,-3.366253E-01,7.830620E-02,-2.133281E-02,1.352150E+00,3.583429E-02,1.407319E-02
2.175500E+03,-3.619992E-01,5.352033E-02,-3.436296E-02,1.478290E+00,5.455658E-02,1.509431E-02
2.176000E+03,-3.819847E-01,2.833350E-02,-4.616764E-02,1.591175E+00,7.267510E-02,1.505029E-02
2.176500E+03,-3.962906E-01,3.073337E-03,-5.659845E-02,1.689847E+00,8.996628E-02,1.397211E-02
2.177000E+03,-4.047046E-01,-2.193656E-02,-6.553029E-02,1.773476E+00,1.062152E-01,1.190210E-02
2.177500E+03,-4.070953E-01,-4.638044E-02,-7.286287E-02,1.841372E+00,1.212177E-01,8.892978E-03
2.178000E+03,-4.034143E-01,-6.995410E-02,-7.852196E-02,1.892982E+00,1.347823E-01,5.007069E-03
2.178500E+03,-3.936960E-01,-9.236850E-02,-8.246029E-02,1.927899E+00,1.467322E-01,3.154950E-04
2.179000E+03,-3.780573E-01,-1.133531E-01,-8.465803E-02,1.945860E+00,1.569074E-01,-5.102514E-03
2.179500E+03,-3.566960E-01,-1.326591E-01,-8.512306E-02,1.946747E+00,1.651660E-01,-1.116025E-02
2.180000E+03,-3.298884E-01,-1.500623E-01,-8.389070E-02,1.930587E+00,1.713863E-01,-1.776412E-02
2.180500E+03,-2.979851E-01,-1.653656E-01,-8.102317E-02,1.897550E+00,1.754686E-01,-2.481419E-02
2.181000E+03,-2.614075E-01,-1.784015E-01,-7.660866E-02,1.847948E+00,1.773363E-01,-3.220471E-02
2.181500E+03,-2.206417E-01,-1.890336E-01,-7.075999E-02,1.782226E+00,1.769373E-01,-3.982467E-02
2.182000E+03,-1.762326E-01,-1.971589E-01,-6.361294E-02,1.700964E+00,1.742455E-01,-4.755840E-02
2.182500E+03,-1.287776E-01,-2.027080E-01,-5.532418E-02,1.604868E+00,1.692617E-01,-5.528626E-02
2.183000E+03,-7.891824E-02,-2.056466E-01,-4.606894E-02,1.494762E+00,1.620140E-01,-6.288535E-02
2.183500E+03,-2.733267E-02,-2.059753E-01,-3.603827E-02,1.371585E+00,1.525587E-01,-7.023047E-02
2.184000E+03,2.527309E-02,-2.037295E-01,-2.543616E-02,1.236381E+00,1.409806E-01,-7.719516E-02
2.184500E+03,7.817412E-02,-1.989792E-01,-1.447624E-02,1.090290E+00,1.273923E-01,-8.365285E-02
2.185000E+03,1.306359E-01,-1.918273E-01,-3.378442E-03,9.345413E-01,1.119345E-01,-8.947832E-02
2.185500E+03,1.819239E-01,-1.824085E-01,7.634605E-03,7.704424E-01,9.477451E-02,-9.454920E-02
2.186000E+03,2.313130E-01,-1.708874E-01,1.834123E-02,5.993695E-01,7.610552E-02,-9.874773E-02
2.186500E+03,2.780971E-01,-1.574558E-01,2.852445E-02,4.227572E-01,5.614477E-02,-1.019626E-01
2.187000E+03,3.215988E-01,-1.423304E-01,3.797570E-02,2.420878E-01,3.513156E-02,-1.040909E-01
2.187500E+03,3.611783E-01,-1.257494E-01,4.649845E-02,5.888025E-02,1.332488E-02,-1.050404E-01
2.188000E+03,3.962423E-01,-1.079694E-01,5.391176E-02,-1.253217E-01,-8.999401E-03,-1.047312E-01
2.188500E+03,4.262527E-01,-8.926151E-02,6.005361E-02,-3.089609E-01,-3.155175E-02,-1.030986E-01
2.189000E+03,4.507337E-01,-6.990739E-02,6.478397E-02,-4.904791E-01,-5.403245E-02,-1.000944E-01
2.189500E+03,4.692798E-01,-5.019542E-02,6.798756E-02,-6.683293E-01,-7.613543E-02,-9.568946E-02
2.190000E+03,4.815612E-01,-3.041636E-02,6.957627E-02,-8.409880E-01,-9.755237E-02,-8.987500E-02
2.190500E+03,4.873300E-01,-1.085914E-02,6.949113E-02,-1.006968E+00,-1.179770E-01,-8.266449E-02
2.191000E+03,4.864241E-01,8.193440E-03,6.770385E-02,-1.164830E+00,-1.371094E-01,-7.409476E-02
2.191500E+03,4.787705E-01,2.646884E-02,6.421778E-02,-1.313197E+00,-1.546608E-01,-6.422690E-02
2.192000E+03,4.643881E-01,4.370889E-02,5.906845E-02,-1.450767E+00,-1.703579E-01,-5.314678E-02
2.192500E+03,4.433883E-01,5.967362E-02,5.232342E-02,-1.576321E+00,-1.839472E-01,-4.096507E-02
2.193000E+03,4.159749E-01,7.414493E-02,4.408168E-02,-1.688739E+00,-1.951995E-01,-2.781681E-02
2.193500E+03,3.824428E-01,8.692986E-02,3.447235E-02,-1.787013E+00,-2.039140E-01,-1.386046E-02
2.194000E+03,3.431753E-01,9.786354E-02,2.365296E-02,-1.870251E+00,-2.099219E-01,7.235317E-04
2.194500E+03,2.986399E-01,1.068117E-01,1.180699E-02,-1.937694E+00,-2.130896E-01,1.573478E-02
2.195000E+03,2.493838E-01,1.136729E-01,-8.588814E-04,-1.988719E+00,-2.133220E-01,3.095538E-02
2.195500E+03,1.960269E-01,1.183796E-01,-1.411825E-02,-2.022854E+00,-2.105647E-01,4.615296E-02
2.196000E+03,1.392547E-01,1.208999E-01,-2.772868E-02,-2.039779E+00,-2.048056E-01,6.108404E-02
2.196500E+03,7.980941E-02,1.212374E-01,-4.143592E-02,-2.039332E+00,-1.960762E-01,7.549787E-02
2.197000E+03,1.848116E-02,1.194313E-01,-5.497833E-02,-2.021515E+00,-1.844523E-01,8.914059E-02
2.197500E+03,-4.390291E-02,1.155559E-01,-6.809156E-02,-1.986498E+00,-1.700532E-01,1.017596E-01
2.198000E+03,-1.064894E-01,1.097188E-01,-8.051341E-02,-1.934613E+00,-1.530417E-01,1.131080E-01
2.198500E+03,-1.684103E-01,1.020598E-01,-9.198866E-02,-1.866358E+00,-1.336215E-01,1.229496E-01
2.199000E+03,-2.287948E-01,9.274797E-02,-1.022740E-01,-1.782392E+00,-1.120354E-01,1.310632E-01
2.199500E+03,-2.867819E-01,8.197885E-02,-1.111425E-01,-1.683529E+00,-8.856223E-02,1.372470E-01
2.200000E+03,-3.415323E-01,6.997135E-02,-1.183887E-01,-1.570733E+00,-6.351323E-02,1.413235E-01
2.200500E+03,-3.922411E-01,5.696380E-02,-1.238320E-01,-1.445105E+00,-3.722766E-02,1.431429E-01
2.201000E+03,-4.381491E-01,4.320987E-02,-1.273211E-01,-1.307872E+00,-1.006820E-02,1.425870E-01
2.201500E+03,-4.785550E-01,2.897421E-02,-1.287371E-01,-1.160379E+00,1.758432E-02,1.395724E-01
2.202000E+03,-5.128257E-01,1.452777E-02,-1.279963E-01,-1.004067E+00,4.533644E-02,1.340526E-01
2.202500E+03,-5.404068E-01,1.431010E-04,-1.250524E-01,-8.404621E-01,7.278797E-02,1.260208E-01
2.203000E+03,-5.608310E-01,-1.391050E-02,-1.198980E-01,-6.711538E-01,9.953799E-02,1.155102E-01
2.203500E+03,-5.737269E-01,-2.737176E-02,-1.125657E-01,-4.977789E-01,1.251910E-01,1.025955E-01
2.204000E+03,-5.788249E-01,-3.999217E-02,-1.031276E-01,-3.220005E-01,1.493630E-01,8.739184E-02
2.204500E+03,-5.759628E-01,-5.154040E-02,-9.169551E-02,-1.454881E-01,1.716874E-01,7.005470E-02
2.205000E+03,-5.650897E-01,-6.180659E-02,-7.841894E-02,3.010282E-02,1.918211E-01,5.077769E-02
2.205500E+03,-5.462680E-01,-7.060617E-02,-6.348334E-02,2.031511E-01,2.094494E-01,2.979041E-02
2.206000E+03,-5.196743E-01,-7.778334E-02,-4.710729E-02,3.720895E-01,2.242918E-01,7.355400E-03
2.206500E+03,-4.855976E-01,-8.321402E-02,-2.953905E-02,5.354240E-01,2.361057E-01,-1.623558E-02
2.207000E+03,-4.444375E-01,-8.680822E-02,-1.105260E-02,6.917514E-01,2.446910E-01,-4.066572E-02
2.207500E+03,-3.966990E-01,-8.851191E-02,8.056902E-03,8.397755E-01,2.498936E-01,-6.559794E-02
2.208000E+03,-3.429868E-01,-8.830810E-02,2.747810E-02,9.783220E-01,2.516073E-01,-9.067993E-02
2.208500E+03,-2.839977E-01,-8.621741E-02,4.688876E-02,1.106351E+00,2.497765E-01,-1.155496E-01
2.209000E+03,-2.205114E-01,-8.229784E-02,6.596136E-02,1.222966E+00,2.443971E-01,-1.398408E-01
2.209500E+03,-1.533801E-01,-7.664389E-02,8.436889E-02,1.327423E+00,2.355170E-01,-1.631889E-01
2.210000E+03,-8.351701E-02,-6.938500E-02,1.017906E-01,1.419137E+00,2.232354E-01,-1.852366E-01
2.210500E+03,-1.188353E-02,-6.068332E-02,1.179179E-01,1.497679E+00,2.077020E-01,-2.056398E-01
2.211000E+03,6.052417E-02,-5.073085E-02,1.324597E-01,1.562781E+00,1.891149E-01,-2.240725E-01
2.211500E+03,1.326894E-01,-3.974599E-02,1.451481E-01,1.614332E+00,1.677179E-01,-2.402326E-01
2.212000E+03,2.035896E-01,-2.796953E-02,1.557433E-01,1.652369E+00,1.437972E-01,-2.538464E-01
2.212500E+03,2.722113E-01,-1.566023E-02,1.640378E-01,1.677071E+00,1.176775E-01,-2.646730E-01
2.213000E+03,3.375649E-01,-3.089975E-03,1.698609E-01,1.688749E+00,8.971697E-02,-2.725082E-01
2.213500E+03,3.986997E-01,9.461383E-03,1.730817E-01,1.687833E+00,6.030275E-02,-2.771874E-01
2.214000E+03,4.547179E-01,2.171138E-02,1.736120E-01,1.674855E+00,2.984500E-02,-2.785891E-01
2.214500E+03,5.047885E-01,3.338043E-02,1.714082E-01,1.650437E+00,-1.228812E-03,-2.766359E-01
2.215000E+03,5.481598E-01,4.419732E-02,1.664725E-01,1.615272E+00,-3.248010E-02,-2.712967E-01
2.215500E+03,5.841715E-01,5.390462E-02,1.588532E-01,1.570108E+00,-6.346550E-02,-2.625867E-01
2.216000E+03,6.122646E-01,6.226395E-02,1.486445E-01,1.515727E+00,-9.374322E-02,-2.505680E-01
2.216500E+03,6.319910E-01,6.906091E-02,1.359849E-01,1.452933E+00,-1.228795E-01,-2.353483E-01
2.217000E+03,6.430208E-01,7.410965E-02,1.210557E-01,1.382531E+00,-1.504549E-01,-2.170801E-01
2.217500E+03,6.451475E-01,7.725697E-02,1.040778E-01,1.305312E+00,-1.760703E-01,-1.959585E-01
2.218000E+03,6.382927E-01,7.838590E-02,8.530842E-02,1.222042E+00,-1.993531E-01,-1.722188E-01
2.218500E+03,6.225076E-01,7.741855E-02,6.503695E-02,1.133445E+00,-2.199621E-01,-1.461335E-01
2.219000E+03,5.979733E-01,7.431841E-02,4.358029E-02,1.040196E+00,-2.375931E-01,-1.180085E-01
2.219500E+03,5.649986E-01,6.909175E-02,2.127761E-02,9.429106E-01,-2.519833E-01,-8.817969E-02
2.220000E+03,5.240168E-01,6.178837E-02,-1.515206E-03,8.421436E-01,-2.629151E-01,-5.700822E-02
2.220500E+03,4.755795E-01,5.250144E-02,-2.443150E-02,7.383820E-01,-2.702195E-01,-2.487610E-02
2.221000E+03,4.203490E-01,4.136657E-02,-4.709991E-02,6.320471E-01,-2.737791E-01,7.818686E-03
2.221500E+03,3.590896E-01,2.856004E-02,-6.915064E-02,5.234970E-01,-2.735298E-01,4.066725E-02
2.222000E+03,2.926560E-01,1.429622E-02,-9.022162E-02,4.130315E-01,-2.694619E-01,7.325496E-02
2.222500E+03,2.219816E-01,-1.175753E-03,-1.099646E-01,3.009001E-01,-2.616210E-01,1.051666E-01
2.223000E+03,1.480645E-01,-1.757604E-02,-1.280512E-01,1.873117E-01,-2.501072E-01,1.359919E-01
2.223500E+03,7.195332E-02,-3.459880E-02,-1.441782E-01,7.244610E-02,-2.350743E-01,1.653304E-01
2.224000E+03,-5.268811E-03,-5.191752E-02,-1.580730E-01,-4.353233E-02,-2.167281E-01,1.927968E-01
2.224500E+03,-8.249994E-02,-6.919073E-02,-1.694981E-01,-1.604607E-01,-1.953233E-01,2.180259E-01
2.225000E+03,-1.586359E-01,-8.606827E-02,-1.782553E-01,-2.781626E-01,-1.711607E-01,2.406775E-01
2.225500E+03,-2.325870E-01,-1.021977E-01,-1.841891E-01,-3.964328E-01,-1.445826E-01,2.604407E-01
2.226000E+03,-3.032942E-01,-1.172310E-01,-1.871895E-01,-5.150229E-01,-1.159686E-01,2.770388E-01
2.226500E+03,-3.697455E-01,-1.308313E-01,-1.871943E-01,-6.336270E-01,-8.573025E-02,2.902323E-01
2.227000E+03,-4.309910E-01,-1.426793E-01,-1.841896E-01,-7.518692E-01,-5.430505E-02,2.998232E-01
2.227500E+03,-4.861577E-01,-1.524799E-01,-1.782112E-01,-8.692930E-01,-2.215045E-02,3.056582E-01
2.228000E+03,-5.344627E-01,-1.599685E-01,-1.693434E-01,-9.853527E-01,1.026285E-02,3.076307E-01
2.228500E+03,-5.752256E-01,-1.649163E-01,-1.577184E-01,-1.099407E+00,4.245774E-02,3.056839E-01
2.229000E+03,-6.078786E-01,-1.671357E-01,-1.435142E-01,-1.210717E+00,7.395773E-02,2.998115E-01
2.229500E+03,-6.319756E-01,-1.664847E-01,-1.269518E-01,-1.318445E+00,1.042941E-01,2.900598E-01
2.230000E+03,-6.471992E-01,-1.628708E-01,-1.082917E-01,-1.421658E+00,1.330132E-01,2.765272E-01
2.230500E+03,-6.533654E-01,-1.562539E-01,-8.783035E-02,-1.519338E+00,1.596830E-01,2.593645E-01
2.231000E+03,-6.504270E-01,-1.466480E-01,-6.589487E-02,-1.610387E+00,1.839003E-01,2.387741E-01
2.231500E+03,-6.384740E-01,-1.341227E-01,-4.283826E-02,-1.693646E+00,2.052971E-01,2.150083E-01
2.232000E+03,-6.177327E-01,-1.188033E-01,-1.903364E-02,-1.767907E+00,2.235461E-01,1.883668E-01
2.232500E+03,-5.885617E-01,-1.008693E-01,5.131679E-03,-1.831938E+00,2.383669E-01,1.591942E-01
2.233000E+03,-5.514467E-01,-8.055313E-02,2.926243E-02,-1.884503E+00,2.495303E-01,1.278761E-01
2.233500E+03,-5.069929E-01,-5.813684E-02,5.296178E-02,-1.924385E+00,2.568622E-01,9.483467E-02
2.234000E+03,-4.559154E-01,-3.394824E-02,7.583777E-02,-1.950418E+00,2.602475E-01,6.052370E-02
2.234500E+03,-3.990278E-01,-8.356086E-03,9.750976E-02,-1.961505E+00,2.596321E-01,2.542295E-02
2.235000E+03,-3.372298E-01,1.823560E-02,1.176146E-01,-1.956658E+00,2.550240E-01,-9.968103E-03
2.235500E+03,-2.714924E-01,4.539398E-02,1.358129E-01,-1.935015E+00,2.464946E-01,-4.513703E-02
2.236000E+03,-2.028429E-01,7.266450E-02,1.517943E-01,-1.895872E+00,2.341774E-01,-7.956560E-02
2.236500E+03,-1.323483E-01,9.957852E-02,1.652831E-01,-1.838711E+00,2.182669E-01,-1.127373E-01
2.237000E+03,-6.109852E-02,1.256614E-01,1.760429E-01,-1.763215E+00,1.990157E-01,-1.441452E-01
2.237500E+03,9.811393E-03,1.504409E-01,1.838807E-01,-1.669299E+00,1.767313E-01,-1.732997E-01
2.238000E+03,7.929841E-02,1.734555E-01,1.886504E-01,-1.557119E+00,1.517713E-01,-1.997366E-01
2.238500E+03,1.463090E-01,1.942631E-01,1.902555E-01,-1.427089E+00,1.245378E-01,-2.230248E-01
2.239000E+03,2.098362E-01,2.124491E-01,1.886513E-01,-1.279891E+00,9.547153E-02,-2.427738E-01
2.239500E+03,2.689354E-01,2.276344E-01,1.838457E-01,-1.116476E+00,6.504478E-02,-2.586410E-01
2.240000E+03,3.227395E-01,2.394832E-01,1.759000E-01,-9.380675E-01,3.375349E-02,-2.703381E-01
2.240500E+03,3.704734E-01,2.477095E-01,1.649278E-01,-7.461519E-01,2.109385E-03,-2.776371E-01
2.241000E+03,4.114653E-01,2.520835E-01,1.510941E-01,-5.424705E-01,-2.936868E-02,-2.803753E-01
2.241500E+03,4.451581E-01,2.524369E-01,1.346128E-01,-3.290022E-01,-6.016339E-02,-2.784598E-01
2.242000E+03,4.711180E-01,2.486669E-01,1.157437E-01,-1.079423E-01,-8.976787E-02,-2.718702E-01
2.242500E+03,4.890408E-01,2.407399E-01,9.478850E-02,1.183233E-01,-1.176944E-01,-2.606608E-01
2.243000E+03,4.987568E-01,2.286931E-01,7.208659E-02,3.472487E-01,-1.434829E-01,-2.449613E-01
2.243500E+03,5.002327E-01,2.126355E-01,4.800940E-02,5.761617E-01,-1.667093E-01,-2.249762E-01
2.244000E+03,4.935717E-01,1.927475E-01,2.295475E-02,8.023022E-01,-1.869928E-01,-2.009832E-01
2.244500E+03,4.790112E-01,1.692794E-01,-2.659542E-03,1.022862E+00,-2.040029E-01,-1.733296E-01
2.245000E+03,4.569175E-01,1.425478E-01,-2.840241E-02,1.235028E+00,-2.174658E-01,-1.424281E-01
2.245500E+03,4.277800E-01,1.129323E-01,-5.383662E-02,1.436026E+00,-2.271688E-01,-1.087509E-01
2.246000E+03,3.922009E-01,8.086942E-02,-7.852603E-02,1.623165E+00,-2.329653E-01,-7.282260E-02
2.246500E+03,3.508855E-01,4.684645E-02,-1.020429E-01,1.793878E+00,-2.347768E-01,-3.521229E-02
2.247000E+03,3.046287E-01,1.139385E-02,-1.239753E-01,1.945772E+00,-2.325952E-01,3.475770E-03
2.247500E+03,2.543011E-01,-2.492313E-02,-1.439340E-01,2.076662E+00,-2.264829E-01,4.261197E-02
2.248000E+03,2.008336E-01,-6.151359E-02,-1.615597E-01,2.184612E+00,-2.165720E-01,8.155208E-02
2.248500E+03,1.452004E-01,-9.777076E-02,-1.765289E-01,2.267971E+00,-2.030622E-01,1.196483E-01
2.249000E+03,8.840235E-02,-1.330822E-01,-1.885603E-01,2.325399E+00,-1.862173E-01,1.562608E-01
2.249500E+03,3.144889E-02,-1.668404E-01,-1.974201E-01,2.355897E+00,-1.663603E-01,1.907692E-01
2.250000E+03,-2.465971E-02,-1.984532E-01,-2.029259E-01,2.358828E+00,-1.438680E-01,2.225836E-01
2.250500E+03,-7.894990E-02,-2.273543E-01,-2.049512E-01,2.333926E+00,-1.191637E-01,2.511561E-01
2.251000E+03,-1.304919E-01,-2.530136E-01,-2.034277E-01,2.281309E+00,-9.270988E-02,2.759908E-01
2.251500E+03,-1.784160E-01,-2.749468E-01,-1.983475E-01,2.201483E+00,-6.499924E-02,2.966535E-01
2.252000E+03,-2.219277E-01,-2.927246E-01,-1.897634E-01,2.095333E+00,-3.654573E-02,3.127802E-01
2.252500E+03,-2.603213E-01,-3.059809E-01,-1.777894E-01,1.964115E+00,-7.874865E-03,3.240845E-01
2.253000E+03,-2.929921E-01,-3.144198E-01,-1.625989E-01,1.809442E+00,2.048618E-02,3.303634E-01
2.253500E+03,-3.194466E-01,-3.178224E-01,-1.444224E-01,1.633259E+00,4.801850E-02,3.315020E-01
2.254000E+03,-3.393107E-01,-3.160509E-01,-1.235445E-01,1.437814E+00,7.422131E-02,3.274761E-01
2.254500E+03,-3.523355E-01,-3.090528E-01,-1.002993E-01,1.225629E+00,9.862150E-02,3.183536E-01
2.255000E+03,-3.584010E-01,-2.968625E-01,-7.506510E-02,9.994593E-01,1.207826E-01,3.042935E-01
2.255500E+03,-3.575173E-01,-2.796022E-01,-4.825838E-02,7.622537E-01,1.403131E-01,2.855436E-01
2.256000E+03,-3.498236E-01,-2.574807E-01,-2.032691E-02,5.171105E-01,1.568739E-01,2.624366E-01
2.256500E+03,-3.355845E-01,-2.307911E-01,8.257761E-03,2.672304E-01,1.701850E-01,2.353841E-01
2.257000E+03,-3.151843E-01,-1.999068E-01,3.700832E-02,1.586822E-02,1.800303E-01,2.048690E-01
2.257500E+03,-2.891186E-01,-1.652760E-01,6.543008E-02,-2.337155E-01,1.862621E-01,1.714368E-01
2.258000E+03,-2.579845E-01,-1.274149E-01,9.302965E-02,-4.783037E-01,1.888038E-01,1.356857E-01
2.258500E+03,-2.224686E-01,-8.689951E-02,1.193236E-01,-7.147701E-01,1.876509E-01,9.825504E-02
2.259000E+03,-1.833331E-01,-4.435656E-02,1.438470E-01,-9.401257E-01,1.828709E-01,5.981335E-02
2.259500E+03,-1.414013E-01,-4.532412E-04,1.661621E-01,-1.151562E+00,1.746022E-01,2.104565E-02
2.260000E+03,-9.754082E-02,4.411387E-02,1.858659E-01,-1.346491E+00,1.630506E-01,-1.735966E-02
2.260500E+03,-5.264740E-02,8.863042E-02,2.025980E-01,-1.522583E+00,1.484853E-01,-5.472395E-02
2.261000E+03,-7.627174E-03,1.323764E-01,2.160470E-01,-1.677795E+00,1.312332E-01,-9.039144E-02
2.261500E+03,3.662067E-02,1.746384E-01,2.259566E-01,-1.810403E+00,1.116721E-01,-1.237417E-01
2.262000E+03,7.922119E-02,2.147219E-01,2.321307E-01,-1.919018E+00,9.022334E-02,-1.542018E-01
2.262500E+03,1.193404E-01,2.519632E-01,2.344371E-01,-2.002606E+00,6.734263E-02,-1.812569E-01
2.263000E+03,1.562011E-01,2.857412E-01,2.328106E-01,-2.060499E+00,4.351125E-02,-2.044603E-01
2.263500E+03,1.890977E-01,3.154883E-01,2.272540E-01,-2.092392E+00,1.922602E-02,-2.234420E-01
2.264000E+03,2.174093E-01,3.407003E-01,2.178395E-01,-2.098352E+00,-5.010670E-03,-2.379154E-01
2.264500E+03,2.406116E-01,3.609454E-01,2.047068E-01,-2.078802E+00,-2.870105E-02,-2.476825E-01
2.265000E+03,2.582863E-01,3.758721E-01,1.880616E-01,-2.034512E+00,-5.136200E-02,-2.526375E-01
2.265500E+03,2.701286E-01,3.852157E-01,1.681721E-01,-1.966582E+00,-7.253476E-02,-2.527681E-01
2.266000E+03,2.759528E-01,3.888029E-01,1.453644E-01,-1.876414E+00,-9.179412E-02,-2.481555E-01
2.266500E+03,2.756950E-01,3.865553E-01,1.200171E-01,-1.765692E+00,-1.087569E-01,-2.389721E-01
2.267000E+03,2.694139E-01,3.784911E-01,9.255439E-02,-1.636343E+00,-1.230894E-01,-2.254772E-01
2.267500E+03,2.572891E-01,3.647249E-01,6.343899E-02,-1.490509E+00,-1.345143E-01,-2.080115E-01
2.268000E+03,2.396165E-01,3.454659E-01,3.316364E-02,-1.330506E+00,-1.428155E-01,-1.869898E-01
2.268500E+03,2.168021E-01,3.210148E-01,2.242469E-03,-1.158787E+00,-1.478428E-01,-1.628916E-01
2.269000E+03,1.893535E-01,2.917582E-01,-2.879827E-02,-9.778993E-01,-1.495143E-01,-1.362516E-01
2.269500E+03,1.578695E-01,2.581624E-01,-5.942963E-02,-7.904483E-01,-1.478176E-01,-1.076483E-01
2.270000E+03,1.230272E-01,2.207655E-01,-8.912952E-02,-5.990524E-01,-1.428100E-01,-7.769187E-02
2.270500E+03,8.556886E-02,1.801675E-01,-1.173921E-01,-4.063052E-01,-1.346170E-01,-4.701175E-02
2.271000E+03,4.628653E-02,1.370204E-01,-1.437369E-01,-2.147365E-01,-1.234289E-01,-1.624379E-02
2.271500E+03,6.006117E-03,9.201676E-02,-1.677175E-01,-2.677643E-02,-1.094972E-01,1.398265E-02
2.272000E+03,-3.442914E-02,4.587768E-02,-1.889295E-01,1.552790E-01,-9.312848E-02,4.305732E-02
2.272500E+03,-7.417553E-02,-6.597982E-04,-2.070180E-01,3.292979E-01,-7.467851E-02,7.040122E-02
2.273000E+03,-1.124057E-01,-4.685543E-02,-2.216834E-01,4.933402E-01,-5.454411E-02,9.547798E-02
2.273500E+03,-1.483252E-01,-9.197853E-02,-2.326873E-01,6.456805E-01,-3.315510E-02,1.178043E-01
2.274000E+03,-1.811878E-01,-1.353206E-01,-2.398561E-01,7.848275E-01,-1.096526E-02,1.369591E-01
2.274500E+03,-2.103108E-01,-1.762075E-01,-2.430843E-01,9.095381E-01,1.155716E-02,1.525914E-01
2.275000E+03,-2.350878E-01,-2.140109E-01,-2.423359E-01,1.018828E+00,3.393901E-02,1.644269E-01
2.275500E+03,-2.550013E-01,-2.481587E-01,-2.376448E-01,1.111978E+00,5.571205E-02,1.722723E-01
2.276000E+03,-2.696318E-01,-2.781448E-01,-2.291137E-01,1.188532E+00,7.642246E-02,1.760185E-01
2.276500E+03,-2.786667E-01,-3.035375E-01,-2.169120E-01,1.248299E+00,9.564005E-02,1.756419E-01
2.277000E+03,-2.819058E-01,-3.239860E-01,-2.012723E-01,1.291339E+00,1.129669E-01,1.712039E-01
2.277500E+03,-2.792651E-01,-3.392259E-01,-1.824855E-01,1.317955E+00,1.280455E-01,1.628485E-01
2.278000E+03,-2.707781E-01,-3.490833E-01,-1.608956E-01,1.328680E+00,1.405655E-01,1.507983E-01
2.278500E+03,-2.565951E-01,-3.534763E-01,-1.368924E-01,1.324251E+00,1.502700E-01,1.353495E-01
2.279000E+03,-2.369795E-01,-3.524160E-01,-1.109044E-01,1.305595E+00,1.569604E-01,1.168644E-01
2.279500E+03,-2.123026E-01,-3.460051E-01,-8.339083E-02,1.273800E+00,1.605002E-01,9.576356E-02
2.280000E+03,-1.830361E-01,-3.344346E-01,-5.483259E-02,1.230090E+00,1.608175E-01,7.251654E-02
2.280500E+03,-1.497424E-01,-3.179797E-01,-2.572365E-02,1.175799E+00,1.579058E-01,4.763155E-02
2.281000E+03,-1.130631E-01,-2.969939E-01,3.438184E-03,1.112342E+00,1.518239E-01,2.164474E-02
2.281500E+03,-7.370689E-02,-2.719010E-01,3.216028E-02,1.041185E+00,1.426944E-01,-4.891018E-03
2.282000E+03,-3.243459E-02,-2.431876E-01,5.996406E-02,9.638182E-01,1.307009E-01,-3.141763E-02
2.282500E+03,9.955265E-03,-2.113924E-01,8.639345E-02,8.817259E-01,1.160837E-01,-5.738316E-02
2.283000E+03,5.264238E-02,-1.770967E-01,1.110228E-01,7.963623E-01,9.913468E-02,-8.225292E-02
2.283500E+03,9.480078E-02,-1.409128E-01,1.334643E-01,7.091247E-01,8.019137E-02,-1.055201E-01
2.284000E+03,1.356149E-01,-1.034731E-01,1.533741E-01,6.213313E-01,5.962954E-02,-1.267159E-01
2.284500E+03,1.742954E-01,-6.541776E-02,1.704581E-01,5.341999E-01,3.785562E-02,-1.454179E-01
2.285000E+03,2.100947E-01,-2.738381E-02,1.844764E-01,4.488309E-01,1.529834E-02,-1.612590E-01
2.285500E+03,2.423208E-01,1.000659E-02,1.952466E-01,3.661918E-01,-7.600012E-03,-1.739331E-01
2.286000E+03,2.703513E-01,4.615683E-02,2.026460E-01,2.871064E-01,-3.039247E-02,-1.832011E-01
2.286500E+03,2.936444E-01,8.050610E-02,2.066129E-01,2.122461E-01,-5.263629E-02,-1.888950E-01
2.287000E+03,3.117499E-01,1.125386E-01,2.071464E-01,1.421255E-01,-7.390175E-02,-1.909197E-01
2.287500E+03,3.243168E-01,1.417920E-01,2.043053E-01,7.710098E-02,-9.378053E-02,-1.892546E-01
2.288000E+03,3.311004E-01,1.678643E-01,1.982054E-01,1.737341E-02,-1.118936E-01,-1.839528E-01
2.288500E+03,3.319662E-01,1.904200E-01,1.890167E-01,-3.700682E-02,-1.278986E-01,-1.751393E-01
2.289000E+03,3.268921E-01,2.091941E-01,1.769589E-01,-8.613096E-02,-1.414960E-01,-1.630070E-01
2.289500E+03,3.159686E-01,2.239956E-01,1.622960E-01,-1.302204E-01,-1.524350E-01,-1.478130E-01
2.290000E+03,2.993965E-01,2.347086E-01,1.453310E-01,-1.696127E-01,-1.605177E-01,-1.298716E-01
2.290500E+03,2.774828E-01,2.412929E-01,1.263993E-01,-2.047453E-01,-1.656026E-01,-1.095479E-01
2.291000E+03,2.506340E-01,2.437820E-01,1.058614E-01,-2.361374E-01,-1.676072E-01,-8.725004E-02
2.291500E+03,2.193485E-01,2.422808E-01,8.409656E-02,-2.643703E-01,-1.665084E-01,-6.342008E-02
2.292000E+03,1.842067E-01,2.369616E-01,6.149488E-02,-2.900674E-01,-1.623429E-01,-3.852521E-02
2.292500E+03,1.458591E-01,2.280586E-01,3.845025E-02,-3.138727E-01,-1.552056E-01,-1.304806E-02
2.293000E+03,1.050147E-01,2.158618E-01,1.535316E-02,-3.364298E-01,-1.452475E-01,1.252294E-02
2.293500E+03,6.242654E-02,2.007096E-01,-7.416144E-03,-3.583618E-01,-1.326718E-01,3.770321E-02
2.294000E+03,1.887803E-02,1.829813E-01,-2.949418E-02,-3.802508E-01,-1.177294E-01,6.202152E-02
2.294500E+03,-2.483214E-02,1.630883E-01,-5.054012E-02,-4.026199E-01,-1.007140E-01,8.502892E-02
2.295000E+03,-6.790481E-02,1.414652E-01,-7.024112E-02,-4.259166E-01,-8.195530E-02,1.063073E-01
2.295500E+03,-1.095551E-01,1.185611E-01,-8.831695E-02,-4.504973E-01,-6.181275E-02,1.254769E-01
2.296000E+03,-1.490270E-01,9.483020E-02,-1.045238E-01,-4.766160E-01,-4.066794E-02,1.422036E-01
2.296500E+03,-1.856068E-01,7.072322E-02,-1.186573E-01,-5.044137E-01,-1.891710E-02,1.562042E-01
2.297000E+03,-2.186361E-01,4.667877E-02,-1.305547E-01,-5.339119E-01,3.036647E-03,1.672514E-01
2.297500E+03,-2.475234E-01,2.311549E-02,-1.400961E-01,-5.650090E-01,2.479118E-02,1.751776E-01
2.298000E+03,-2.717546E-01,4.247395E-04,-1.472049E-01,-5.974788E-01,4.595300E-02,1.798770E-01
2.298500E+03,-2.909013E-01,-2.103588E-02,-1.518475E-01,-6.309734E-01,6.614464E-02,1.813068E-01
2.299000E+03,-3.046283E-01,-4.094804E-02,-1.540320E-01,-6.650283E-01,8.501163E-02,1.794870E-01
2.299500E+03,-3.126989E-01,-5.903729E-02,-1.538063E-01,-6.990708E-01,1.022289E-01,1.744991E-01
2.300000E+03,-3.149779E-01,-7.507650E-02,-1.512555E-01,-7.324305E-01,1.175066E-01,1.664837E-01
2.300500E+03,-3.114337E-01,-8.888824E-02,-1.464990E-01,-7.643534E-01,1.305948E-01,1.556365E-01
2.301000E+03,-3.021376E-01,-1.003461E-01,-1.396862E-01,-7.940176E-01,1.412878E-01,1.422040E-01
2.301500E+03,-2.872615E-01,-1.093749E-01,-1.309934E-01,-8.205505E-01,1.494274E-01,1.264777E-01
2.302000E+03,-2.670742E-01,-1.159495E-01,-1.206186E-01,-8.430482E-01,1.549045E-01,1.087876E-01
2.302500E+03,-2.419355E-01,-1.200934E-01,-1.087776E-01,-8.605958E-01,1.576609E-01,8.949576E-02
2.303000E+03,-2.122888E-01,-1.218754E-01,-9.569909E-02,-8.722882E-01,1.576892E-01,6.898801E-02
2.303500E+03,-1.786528E-01,-1.214063E-01,-8.162012E-02,-8.772515E-01,1.550320E-01,4.766661E-02
2.304000E+03,-1.416113E-01,-1.188342E-01,-6.678177E-02,-8.746633E-01,1.497797E-01,2.594196E-02
2.304500E+03,-1.018027E-01,-1.143397E-01,-5.142477E-02,-8.637736E-01,1.420687E-01,4.224615E-03
2.305000E+03,-5.990786E-02,-1.081305E-01,-3.578552E-02,-8.439234E-01,1.320767E-01,-1.708276E-02
2.305500E+03,-1.663840E-02,-1.004354E-01,-2.009252E-02,-8.145626E-01,1.200197E-01,-3.759296E-02
2.306000E+03,2.727617E-02,-9.149848E-02,-4.563033E-03,-7.752657E-01,1.061457E-01,-5.694155E-02
2.306500E+03,7.110093E-02,-8.157313E-02,1.059963E-02,-7.257451E-01,9.073053E-02,-7.479342E-02
2.307000E+03,1.141081E-01,-7.091611E-02,2.520851E-02,-6.658621E-01,7.407104E-02,-9.084884E-02
2.307500E+03,1.555889E-01,-5.978186E-02,3.909478E-02,-5.956355E-01,5.647946E-02,-1.048485E-01
2.308000E+03,1.948657E-01,-4.841723E-02,5.210912E-02,-5.152463E-01,3.827688E-02,-1.165779E-01
2.308500E+03,2.313020E-01,-3.705661E-02,6.412256E-02,-4.250404E-01,1.978705E-02,-1.258703E-01
2.309000E+03,2.643127E-01,-2.591759E-02,7.502685E-02,-3.255280E-01,1.330087E-03,-1.326096E-01
2.309500E+03,2.933730E-01,-1.519734E-02,8.473445E-02,-2.173792E-01,-1.678345E-02,-1.367309E-01
2.310000E+03,3.180254E-01,-5.069574E-03,9.317801E-02,-1.014177E-01,-3.425821E-02,-1.382209E-01
2.310500E+03,3.378864E-01,4.317699E-03,1.003096E-01,2.138934E-02,-5.081918E-02,-1.371171E-01
2.311000E+03,3.526509E-01,1.284371E-02,1.060997E-01,1.499430E-01,-6.621635E-02,-1.335057E-01
2.311500E+03,3.620959E-01,2.041568E-02,1.105355E-01,2.830277E-01,-8.022861E-02,-1.275190E-01
2.312000E+03,3.660819E-01,2.696890E-02,1.136200E-01,4.193278E-01,-9.266712E-02,-1.193312E-01
2.312500E+03,3.645541E-01,3.246606E-02,1.153695E-01,5.574462E-01,-1.033777E-01,-1.091542E-01
2.313000E+03,3.575407E-01,3.689598E-02,1.158128E-01,6.959241E-01,-1.122429E-01,-9.723223E-02
2.313500E+03,3.451511E-01,4.027172E-02,1.149886E-01,8.332619E-01,-1.191822E-01,-8.383605E-02
2.314000E+03,3.275723E-01,4.262824E-02,1.129445E-01,9.679408E-01,-1.241532E-01,-6.925661E-02
2.314500E+03,3.050640E-01,4.401960E-02,1.097351E-01,1.098444E+00,-1.271501E-01,-5.379855E-02
2.315000E+03,2.779530E-01,4.451590E-02,1.054204E-01,1.223280E+00,-1.282028E-01,-3.777345E-02
2.315500E+03,2.466268E-01,4.419996E-02,1.000650E-01,1.340999E+00,-1.273746E-01,-2.149311E-02
2.316000E+03,2.115258E-01,4.316390E-02,9.373652E-02,1.450218E+00,-1.247598E-01,-5.262927E-03
2.316500E+03,1.731360E-01,4.150569E-02,8.650486E-02,1.549637E+00,-1.204801E-01,1.062446E-02
2.317000E+03,1.319803E-01,3.932586E-02,7.844175E-02,1.638055E+00,-1.146814E-01,2.589506E-02
2.317500E+03,8.860961E-02,3.672427E-02,6.962010E-02,1.714386E+00,-1.075293E-01,4.029897E-02
2.318000E+03,4.359495E-02,3.379722E-02,6.011384E-02,1.777673E+00,-9.920495E-02,5.361513E-02
2.318500E+03,-2.481858E-03,3.063491E-02,4.999790E-02,1.827097E+00,-8.990086E-02,6.565530E-02
2.319000E+03,-4.903635E-02,2.731920E-02,3.934835E-02,1.861987E+00,-7.981601E-02,7.626735E-02
2.319500E+03,-9.548957E-02,2.392192E-02,2.824266E-02,1.881824E+00,-6.915169E-02,8.533751E-02
2.320000E+03,-1.412758E-01,2.050359E-02,1.676014E-02,1.886247E+00,-5.810707E-02,9.279183E-02
2.320500E+03,-1.858495E-01,1.711264E-02,4.982341E-03,1.875054E+00,-4.687525E-02,9.859663E-02
2.321000E+03,-2.286921E-01,1.378517E-02,-7.006416E-03,1.848199E+00,-3.563953E-02,1.027580E-01
2.321500E+03,-2.693173E-01,1.054516E-02,-1.911859E-02,1.805792E+00,-2.457016E-02,1.053206E-01
2.322000E+03,-3.072766E-01,7.405151E-03,-3.126299E-02,1.748091E+00,-1.382149E-02,1.063651E-01
2.322500E+03,-3.421630E-01,4.367336E-03,-4.334448E-02,1.675499E+00,-3.529728E-03,1.060055E-01
2.323000E+03,-3.736149E-01,1.425063E-03,-5.526380E-02,1.588553E+00,6.188784E-03,1.043848E-01
2.323500E+03,-4.013183E-01,-1.435389E-03,-6.691752E-02,1.487917E+00,1.523873E-02,1.016712E-01
2.324000E+03,-4.250086E-01,-4.232779E-03,-7.819827E-02,1.374368E+00,2.354634E-02,9.805282E-02
2.324500E+03,-4.444722E-01,-6.988702E-03,-8.899512E-02,1.248792E+00,3.105941E-02,9.373246E-02
2.325000E+03,-4.595461E-01,-9.725308E-03,-9.919423E-02,1.112164E+00,3.774664E-02,8.892195E-02
2.325500E+03,-4.701180E-01,-1.246301E-02,-1.086797E-01,9.655457E-01,4.359661E-02,8.383648E-02
2.326000E+03,-4.761253E-01,-1.521830E-02,-1.173348E-01,8.100664E-01,4.861620E-02,7.868893E-02
2.326500E+03,-4.775536E-01,-1.800162E-02,-1.250430E-01,6.469162E-01,5.282855E-02,7.368427E-02
2.327000E+03,-4.744350E-01,-2.081565E-02,-1.316902E-01,4.773340E-01,5.627084E-02,6.901436E-02
2.327500E+03,-4.668455E-01,-2.365366E-02,-1.371656E-01,3.025974E-01,5.899165E-02,6.485307E-02
2.328000E+03,-4.549027E-01,-2.649842E-02,-1.413644E-01,1.240128E-01,6.104824E-02,6.135202E-02
2.328500E+03,-4.387630E-01,-2.932138E-02,-1.441895E-01,-5.709275E-02,6.250370E-02,5.863686E-02
2.329000E+03,-4.186184E-01,-3.208231E-02,-1.455534E-01,-2.393800E-01,6.342411E-02,5.680437E-02
2.329500E+03,-3.946938E-01,-3.472947E-02,-1.453810E-01,-4.215050E-01,6.387578E-02,5.592028E-02
2.330000E+03,-3.672438E-01,-3.720012E-02,-1.436109E-01,-6.021254E-01,6.392264E-02,5.601795E-02
2.330500E+03,-3.365495E-01,-3.942163E-02,-1.401982E-01,-7.799069E-01,6.362384E-02,5.709794E-02
2.331000E+03,-3.029155E-01,-4.131287E-02,-1.351160E-01,-9.535285E-01,6.303174E-02,5.912845E-02
2.331500E+03,-2.666671E-01,-4.278620E-02,-1.283571E-01,-1.121688E+00,6.219016E-02,6.204655E-02
2.332000E+03,-2.281474E-01,-4.374963E-02,-1.199358E-01,-1.283106E+00,6.113311E-02,6.576036E-02
2.332500E+03,-1.877146E-01,-4.410944E-02,-1.098888E-01,-1.436533E+00,5.988388E-02,7.015185E-02
2.333000E+03,-1.457389E-01,-4.377295E-02,-9.827637E-02,-1.580752E+00,5.845471E-02,7.508045E-02
2.333500E+03,-1.026007E-01,-4.265149E-02,-8.518237E-02,-1.714584E+00,5.684681E-02,8.038713E-02
2.334000E+03,-5.868747E-02,-4.066349E-02,-7.071486E-02,-1.836894E+00,5.505089E-02,8.589909E-02
2.334500E+03,-1.439174E-02,-3.773751E-02,-5.500544E-02,-1.946599E+00,5.304816E-02,9.143465E-02
2.335000E+03,2.989152E-02,-3.381519E-02,-3.820856E-02,-2.042668E+00,5.081168E-02,9.680852E-02
2.335500E+03,7.376717E-02,-2.885413E-02,-2.050025E-02,-2.124139E+00,4.830812E-02,1.018370E-01
2.336000E+03,1.168423E-01,-2.283035E-02,-2.076413E-03,-2.190116E+00,4.549976E-02,1.063434E-01
2.336500E+03,1.587287E-01,-1.574055E-02,1.684929E-02,-2.239787E+00,4.234681E-02,1.101628E-01
2.337000E+03,1.990454E-01,-7.603914E-03,3.604804E-02,-2.272424E+00,3.880985E-02,1.131470E-01
2.337500E+03,2.374212E-01,1.536583E-03,5.527875E-02,-2.287401E+00,3.485230E-02,1.151686E-01
2.338000E+03,2.734974E-01,1.161336E-02,7.429142E-02,-2.284198E+00,3.044304E-02,1.161247E-01
2.338500E+03,3.069307E-01,2.253398E-02,9.283066E-02,-2.262414E+00,2.555875E-02,1.159402E-01
2.339000E+03,3.373961E-01,3.418156E-02,1.106396E-01,-2.221776E+00,2.018630E-02,1.145698E-01
2.339500E+03,3.645897E-01,4.641567E-02,1.274636E-01,-2.162149E+00,1.432470E-02,1.119994E-01
2.340000E+03,3.882325E-01,5.907398E-02,1.430550E-01,-2.083546E+00,7.986854E-03,1.082470E-01
2.340500E+03,4.080727E-01,7.197440E-02,1.571765E-01,-1.986137E+00,1.200927E-03,1.033623E-01
2.341000E+03,4.238895E-01,8.491783E-02,1.696055E-01,-1.870257E+00,-5.988791E-03,9.742548E-02
2.341500E+03,4.354961E-01,9.769145E-02,1.801384E-01,-1.736413E+00,-1.352144E-02,9.054542E-02
2.342000E+03,4.427428E-01,1.100724E-01,1.885938E-01,-1.585287E+00,-2.131967E-02,8.285684E-02
2.342500E+03,4.455197E-01,1.218319E-01,1.948166E-01,-1.417743E+00,-2.929028E-02,7.451687E-02
2.343000E+03,4.437599E-01,1.327397E-01,1.986805E-01,-1.234823E+00,-3.732533E-02,6.570095E-02
2.343500E+03,4.374414E-01,1.425688E-01,2.000909E-01,-1.037752E+00,-4.530382E-02,5.659821E-02
2.344000E+03,4.265894E-01,1.511000E-01,1.989877E-01,-8.279307E-01,-5.309385E-02,4.740649E-02
2.344500E+03,4.112781E-01,1.581269E-01,1.953461E-01,-6.069297E-01,-6.055517E-02,3.832703E-02
2.345000E+03,3.916313E-01,1.634605E-01,1.891783E-01,-3.764818E-01,-6.754224E-02,2.955907E-02
2.345500E+03,3.678235E-01,1.669338E-01,1.805339E-01,-1.384690E-01,-7.390749E-02,2.129451E-02
2.346000E+03,3.400794E-01,1.684058E-01,1.694999E-01,1.050909E-01,-7.950488E-02,1.371271E-02
2.346500E+03,3.086732E-01,1.677656E-01,1.561997E-01,3.520619E-01,-8.419368E-02,6.975555E-03
2.347000E+03,2.739272E-01,1.649354E-01,1.407918E-01,6.002097E-01,-8.784215E-02,1.223035E-03
2.347500E+03,2.362091E-01,1.598737E-01,1.234681E-01,8.472237E-01,-9.033139E-02,-3.430619E-03
2.348000E+03,1.959292E-01,1.525768E-01,1.044509E-01,1.090741E+00,-9.155887E-02,-6.900145E-03
2.348500E+03,1.535366E-01,1.430808E-01,8.398987E-02,1.328373E+00,-9.144188E-02,-9.131666E-03
2.349000E+03,1.095141E-01,1.314618E-01,6.235829E-02,1.557734E+00,-8.992051E-02,-1.010427E-02
2.349500E+03,6.437336E-02,1.178358E-01,3.984907E-02,1.776467E+00,-8.696031E-02,-9.830711E-03
2.350000E+03,1.864822E-02,1.023582E-01,1.677010E-02,1.982276E+00,-8.255442E-02,-8.357139E-03
2.350500E+03,-2.711150E-02,8.522139E-02,-6.560585E-03,2.172956E+00,-7.672510E-02,-5.761982E-03
2.351000E+03,-7.234752E-02,6.665257E-02,-2.981984E-02,2.346420E+00,-6.952463E-02,-2.153874E-03
2.351500E+03,-1.165007E-01,4.691044E-02,-5.268463E-02,2.500730E+00,-6.103553E-02,2.331246E-03
2.352000E+03,-1.590189E-01,2.628119E-02,-7.483729E-02,2.634123E+00,-5.137012E-02,7.533816E-03
2.352500E+03,-1.993654E-01,5.073834E-03,-9.597068E-02,2.745037E+00,-4.066929E-02,1.327502E-02
2.353000E+03,-2.370271E-01,-1.638489E-02,-1.157933E-01,2.832137E+00,-2.910055E-02,1.936176E-02
2.353500E+03,-2.715223E-01,-3.775617E-02,-1.340339E-01,2.894331E+00,-1.685548E-02,2.559200E-02
2.354000E+03,-3.024091E-01,-5.869509E-02,-1.504462E-01,2.930792E+00,-4.146382E-03,3.176051E-02
2.354500E+03,-3.292925E-01,-7.885684E-02,-1.648129E-01,2.940973E+00,8.797501E-03,3.766471E-02
2.355000E+03,-3.518316E-01,-9.790303E-02,-1.769490E-01,2.924613E+00,2.173443E-02,4.311053E-02
2.355500E+03,-3.697456E-01,-1.155080E-01,-1.867051E-01,2.881750E+00,3.441498E-02,4.791806E-02
2.356000E+03,-3.828197E-01,-1.313651E-01,-1.939694E-01,2.812717E+00,4.658717E-02,5.192699E-02
2.356500E+03,-3.909088E-01,-1.451924E-01,-1.986699E-01,2.718148E+00,5.800187E-02,5.500145E-02
2.357000E+03,-3.939416E-01,-1.567384E-01,-2.007748E-01,2.598967E+00,6.841828E-02,5.703435E-02
2.357500E+03,-3.919224E-01,-1.657874E-01,-2.002933E-01,2.456378E+00,7.760938E-02,5.795095E-02
2.358000E+03,-3.849323E-01,-1.721632E-01,-1.972749E-01,2.291856E+00,8.536724E-02,5.771157E-02
2.358500E+03,-3.731286E-01,-1.757335E-01,-1.918080E-01,2.107122E+00,9.150812E-02,5.631339E-02
2.359000E+03,-3.567434E-01,-1.764127E-01,-1.840183E-01,1.904128E+00,9.587704E-02,5.379131E-02
2.359500E+03,-3.360804E-01,-1.741640E-01,-1.740661E-01,1.685027E+00,9.835199E-02,5.021772E-02
2.360000E+03,-3.115107E-01,-1.690008E-01,-1.621432E-01,1.452148E+00,9.884740E-02,4.570126E-02
2.360500E+03,-2.834668E-01,-1.609865E-01,-1.484689E-01,1.207966E+00,9.731702E-02,4.038458E-02
2.361000E+03,-2.524367E-01,-1.502346E-01,-1.332861E-01,9.550661E-01,9.375585E-02,3.444112E-02
2.361500E+03,-2.189549E-01,-1.369065E-01,-1.168561E-01,6.961142E-01,8.820137E-02,2.807092E-02
2.362000E+03,-1.835943E-01,-1.212094E-01,-9.945423E-02,4.338188E-01,8.073378E-02,2.149573E-02
2.362500E+03,-1.469562E-01,-1.033925E-01,-8.136443E-02,1.708972E-01,7.147531E-02,1.495331E-02
2.363000E+03,-1.096600E-01,-8.374299E-02,-6.287379E-02,-8.996050E-02,6.058864E-02,8.691248E-03
2.363500E+03,-7.233231E-02,-6.258096E-02,-4.426740E-02,-3.461252E-01,4.827438E-02,2.960330E-03
2.364000E+03,-3.559591E-02,-4.025382E-02,-2.582311E-02,-5.950626E-01,3.476764E-02,-1.992345E-03
2.364500E+03,-5.843112E-05,-1.712999E-02,-7.806519E-03,-8.343645E-01,2.033381E-02,-5.930297E-03
2.365000E+03,3.369861E-02,6.407762E-03,9.533754E-03,-1.061778E+00,5.263562E-03,-8.634508E-03
2.365500E+03,6.513056E-02,2.996929E-02,2.597035E-02,-1.275233E+00,-1.013277E-02,-9.909980E-03
2.366000E+03,9.373980E-02,5.316427E-02,4.130103E-02,-1.472863E+00,-2.553140E-02,-9.591835E-03
2.366500E+03,1.190851E-01,7.560939E-02,5.535187E-02,-1.653031E+00,-4.060169E-02,-7.550803E-03
2.367000E+03,1.407899E-01,9.693551E-02,6.797998E-02,-1.814338E+00,-5.501304E-02,-3.697932E-03
2.367500E+03,1.585498E-01,1.167945E-01,7.907539E-02,-1.955643E+00,-6.844196E-02,2.011603E-03
2.368000E+03,1.721385E-01,1.348658E-01,8.856230E-02,-2.076068E+00,-8.057904E-02,9.575706E-03
2.368500E+03,1.814120E-01,1.508625E-01,9.639957E-02,-2.175002E+00,-9.113589E-02,1.894368E-02
2.369000E+03,1.863120E-01,1.645363E-01,1.025805E-01,-2.252104E+00,-9.985164E-02,3.001571E-02
2.369500E+03,1.868668E-01,1.756829E-01,1.071317E-01,-2.307297E+00,-1.064991E-01,4.264357E-02
2.370000E+03,1.831914E-01,1.841451E-01,1.101115E-01,-2.340763E+00,-1.108902E-01,5.663250E-02
2.370500E+03,1.754849E-01,1.898160E-01,1.116077E-01,-2.352927E+00,-1.128808E-01,7.174435E-02
2.371000E+03,1.640274E-01,1.926411E-01,1.117340E-01,-2.344451E+00,-1.123747E-01,8.770180E-02
2.371500E+03,1.491740E-01,1.926188E-01,1.106270E-01,-2.316208E+00,-1.093263E-01,1.041937E-01
2.372000E+03,1.313482E-01,1.898006E-01,1.084421E-01,-2.269266E+00,-1.037433E-01,1.208811E-01
2.372500E+03,1.110337E-01,1.842897E-01,1.053486E-01,-2.204866E+00,-9.568676E-02,1.374048E-01
2.373000E+03,8.876421E-02,1.762387E-01,1.015256E-01,-2.124392E+00,-8.527138E-02,1.533926E-01
2.373500E+03,6.511326E-02,1.658469E-01,9.715687E-02,-2.029355E+00,-7.266409E-02,1.684677E-01
2.374000E+03,4.068220E-02,1.533554E-01,9.242576E-02,-1.921354E+00,-5.808152E-02,1.822576E-01
2.374500E+03,1.608792E-02,1.390430E-01,8.751062E-02,-1.802061E+00,-4.178650E-02,1.944022E-01
2.375000E+03,-8.049900E-03,1.232195E-01,8.257995E-02,-1.673184E+00,-2.408347E-02,2.045627E-01
2.375500E+03,-3.112183E-02,1.062200E-01,7.778804E-02,-1.536444E+00,-5.312954E-03,2.124300E-01
2.376000E+03,-5.254162E-02,8.839785E-02,7.327089E-02,-1.393551E+00,1.415479E-02,2.177324E-01
2.376500E+03,-7.175875E-02,7.011727E-02,6.914270E-02,-1.246176E+00,3.392686E-02,2.202428E-01
2.377000E+03,-8.827048E-02,5.174586E-02,6.549291E-02,-1.095930E+00,5.359543E-02,2.197851E-01
2.377500E+03,-1.016330E-01,3.364710E-02,6.238382E-02,-9.443450E-01,7.274584E-02,2.162393E-01
2.378000E+03,-1.114715E-01,1.617277E-02,5.984900E-02,-7.928523E-01,9.096501E-02,2.095462E-01
2.378500E+03,-1.174891E-01,-3.442690E-04,5.789240E-02,-6.427697E-01,1.078500E-01,1.997096E-01
2.379000E+03,-1.194736E-01,-1.559697E-02,5.648828E-02,-4.952877E-01,1.230163E-01,1.867988E-01
2.379500E+03,-1.173040E-01,-2.931044E-02,5.558186E-02,-3.514604E-01,1.361063E-01,1.709480E-01
2.380000E+03,-1.109533E-01,-4.124766E-02,5.509085E-02,-2.121987E-01,1.467969E-01,1.523557E-01
2.380500E+03,-1.004913E-01,-5.121433E-02,5.490765E-02,-7.826693E-02,1.548069E-01,1.312819E-01
2.381000E+03,-8.608360E-02,-5.906285E-02,5.490228E-02,4.971751E-02,1.599030E-01,1.080439E-01
2.381500E+03,-6.799043E-02,-6.469539E-02,5.492604E-02,1.712814E-01,1.619062E-01,8.301142E-02
2.382000E+03,-4.656187E-02,-6.806578E-02,5.481561E-02,2.860904E-01,1.606959E-01,5.659982E-02
2.382500E+03,-2.223214E-02,-6.918036E-02,5.439773E-02,3.939407E-01,1.562135E-01,2.926258E-02
2.383000E+03,4.488326E-03,-6.809770E-02,5.349427E-02,4.947489E-01,1.484645E-01,1.482821E-03
2.383500E+03,3.302247E-02,-6.492715E-02,5.192747E-02,5.885392E-01,1.375201E-01,-2.623606E-02
2.384000E+03,6.273773E-02,-5.982634E-02,4.952543E-02,6.754293E-01,1.235166E-01,-5.338023E-02
2.384500E+03,9.295848E-02,-5.299751E-02,4.612752E-02,7.556147E-01,1.066537E-01,-7.943566E-02
2.385000E+03,1.229796E-01,-4.468295E-02,4.158978E-02,8.293517E-01,8.719195E-02,-1.038986E-01
2.385500E+03,1.520809E-01,-3.515947E-02,3.578995E-02,8.969408E-01,6.544862E-02,-1.262858E-01
2.386000E+03,1.795420E-01,-2.473205E-02,2.863221E-02,9.587087E-01,4.179226E-02,-1.461449E-01
2.386500E+03,2.046578E-01,-1.372689E-02,2.005141E-02,1.014991E+00,1.663645E-02,-1.630637E-01
2.387000E+03,2.267533E-01,-2.483869E-03,1.001668E-02,1.066117E+00,-9.567631E-03,-1.766792E-01
2.387500E+03,2.451989E-01,8.651330E-03,-1.465701E-03,1.112392E+00,-3.633936E-02,-1.866858E-01
2.388000E+03,2.594242E-01,1.933532E-02,-1.435016E-02,1.154083E+00,-6.317763E-02,-1.928420E-01
2.388500E+03,2.689315E-01,2.923512E-02,-2.855061E-02,1.191410E+00,-8.957025E-02,-1.949764E-01
2.389000E+03,2.733079E-01,3.803615E-02,-4.394014E-02,1.224529E+00,-1.150037E-01,-1.929920E-01
2.389500E+03,2.722353E-01,4.544983E-02,-6.035164E-02,1.253530E+00,-1.389733E-01,-1.868693E-01
2.390000E+03,2.654999E-01,5.122080E-02,-7.757943E-02,1.278427E+00,-1.609927E-01,-1.766674E-01
2.390500E+03,2.529985E-01,5.513341E-02,-9.538178E-02,1.299156E+00,-1.806039E-01,-1.625246E-01
2.391000E+03,2.347436E-01,5.701740E-02,-1.134845E-01,1.315574E+00,-1.973865E-01,-1.446561E-01
2.391500E+03,2.108656E-01,5.675266E-02,-1.315850E-01,1.327461E+00,-2.109659E-01,-1.233509E-01
2.392000E+03,1.816132E-01,5.427299E-02,-1.493581E-01,1.334526E+00,-2.210219E-01,-9.896751E-02
2.392500E+03,1.473512E-01,4.956858E-02,-1.664612E-01,1.336411E+00,-2.272949E-01,-7.192736E-02
2.393000E+03,1.085559E-01,4.268742E-02,-1.825412E-01,1.332704E+00,-2.295923E-01,-4.270762E-02
2.393500E+03,6.580825E-02,3.373529E-02,-1.972414E-01,1.322949E+00,-2.277925E-01,-1.183258E-02
2.394000E+03,1.978492E-02,2.287456E-02,-2.102087E-01,1.306661E+00,-2.218486E-01,2.013594E-02
2.394500E+03,-2.875288E-02,1.032168E-02,-2.211013E-01,1.283339E+00,-2.117904E-01,5.260893E-02
2.395000E+03,-7.897235E-02,-3.656620E-03,-2.295962E-01,1.252489E+00,-1.977243E-01,8.498123E-02
2.395500E+03,-1.299837E-01,-1.874826E-02,-2.353966E-01,1.213633E+00,-1.798327E-01,1.166429E-01
2.396000E+03,-1.808562E-01,-3.460189E-02,-2.382391E-01,1.166334E+00,-1.583716E-01,1.469907E-01
2.396500E+03,-2.306352E-01,-5.083397E-02,-2.379004E-01,1.110215E+00,-1.336662E-01,1.754399E-01
2.397000E+03,-2.783599E-01,-6.703662E-02,-2.342037E-01,1.044972E+00,-1.061059E-01,2.014351E-01
2.397500E+03,-3.230819E-01,-8.278630E-02,-2.270237E-01,9.703948E-01,-7.613800E-02,2.244614E-01
2.398000E+03,-3.638833E-01,-9.765289E-02,-2.162914E-01,8.863854E-01,-4.425951E-02,2.440541E-01
2.398500E+03,-3.998951E-01,-1.112092E-01,-2.019978E-01,7.929686E-01,-1.100873E-02,2.598082E-01
2.399000E+03,-4.303141E-01,-1.230407E-01,-1.841962E-01,6.903074E-01,2.304445E-02,2.713861E-01
2.399500E+03,-4.544201E-01,-1.327547E-01,-1.630036E-01,5.787126E-01,5.730876E-02,2.785246E-01
2.400000E+03,-4.715907E-01,-1.399903E-01,-1.386011E-01,4.586510E-01,9.118234E-02,2.810403E-01
2.400500E+03,-4.813147E-01,-1.444265E-01,-1.112325E-01,3.307499E-01,1.240638E-01,2.788337E-01
2.401000E+03,-4.832042E-01,-1.457910E-01,-8.120211E-02,1.957991E-01,1.553631E-01,2.718913E-01
2.401500E+03,-4.770038E-01,-1.438672E-01,-4.887124E-02,5.474924E-02,1.845131E-01,2.602867E-01
2.402000E+03,-4.625980E-01,-1.385006E-01,-1.465349E-02,-9.129339E-02,2.109795E-01,2.441792E-01
2.402500E+03,-4.400155E-01,-1.296039E-01,2.099114E-02,-2.410749E-01,2.342712E-01,2.238119E-01
2.403000E+03,-4.094315E-01,-1.171610E-01,5.756311E-02,-3.932057E-01,2.539498E-01,1.995074E-01
2.403500E+03,-3.711670E-01,-1.012293E-01,9.453108E-02,-5.461758E-01,2.696377E-01,1.716621E-01
2.404000E+03,-3.256850E-01,-8.194103E-02,1.313405E-01,-6.983722E-01,2.810257E-01,1.407392E-01
2.404500E+03,-2.735851E-01,-5.950219E-02,1.674227E-01,-8.481004E-01,2.878786E-01,1.072607E-01
2.405000E+03,-2.155938E-01,-3.419099E-02,2.022047E-01,-9.936077E-01,2.900404E-01,7.179794E-02
2.405500E+03,-1.525543E-01,-6.354039E-03,2.351188E-01,-1.133108E+00,2.874372E-01,3.496117E-02
2.406000E+03,-8.541250E-02,2.359865E-02,2.656131E-01,-1.264810E+00,2.800790E-01,-2.611341E-03
2.406500E+03,-1.520145E-02,5.520009E-02,2.931610E-01,-1.386945E+00,2.680598E-01,-4.026496E-02
2.407000E+03,5.697560E-02,8.793403E-02,3.172709E-01,-1.497796E+00,2.515566E-01,-7.734054E-02
2.407500E+03,1.299641E-01,1.212439E-01,3.374957E-01,-1.595727E+00,2.308257E-01,-1.131865E-01
2.408000E+03,2.025782E-01,1.545424E-01,3.534410E-01,-1.679210E+00,2.061990E-01,-1.471704E-01
2.408500E+03,2.736208E-01,1.872226E-01,3.647731E-01,-1.746859E+00,1.780776E-01,-1.786910E-01
2.409000E+03,3.419055E-01,2.186689E-01,3.712256E-01,-1.797447E+00,1.469251E-01,-2.071886E-01
2.409500E+03,4.062765E-01,2.482686E-01,3.726051E-01,-1.829940E+00,1.132589E-01,-2.321555E-01
2.410000E+03,4.656300E-01,2.754239E-01,3.687959E-01,-1.843512E+00,7.764121E-02,-2.531451E-01
2.410500E+03,5.189337E-01,2.995636E-01,3.597625E-01,-1.837569E+00,4.066881E-02,-2.697803E-01
2.411000E+03,5.652455E-01,3.201545E-01,3.455523E-01,-1.811759E+00,2.962208E-03,-2.817598E-01
2.411500E+03,6.037308E-01,3.367123E-01,3.262949E-01,-1.765991E+00,-3.484547E-02,-2.888635E-01
2.412000E+03,6.336774E-01,3.488115E-01,3.022018E-01,-1.700435E+00,-7.211991E-02,-2.909570E-01
2.412500E+03,6.545095E-01,3.560950E-01,2.735632E-01,-1.615533E+00,-1.082370E-01,-2.879932E-01
2.413000E+03,6.657978E-01,3.582817E-01,2.407446E-01,-1.511993E+00,-1.425940E-01,-2.800134E-01
2.413500E+03,6.672683E-01,3.551735E-01,2.041808E-01,-1.390786E+00,-1.746203E-01,-2.671463E-01
2.414000E+03,6.588076E-01,3.466601E-01,1.643702E-01,-1.253136E+00,-2.037877E-01,-2.496055E-01
2.414500E+03,6.404660E-01,3.327231E-01,1.218662E-01,-1.100507E+00,-2.296193E-01,-2.276855E-01
2.415000E+03,6.124568E-01,3.134377E-01,7.726918E-02,-9.345812E-01,-2.516981E-01,-2.017562E-01
2.415500E+03,5.751538E-01,2.889725E-01,3.121652E-02,-7.572426E-01,-2.696743E-01,-1.722561E-01
2.416000E+03,5.290851E-01,2.595890E-01,-1.562738E-02,-5.705474E-01,-2.832707E-01,-1.396844E-01
2.416500E+03,4.749247E-01,2.256373E-01,-6.258191E-02,-3.766967E-01,-2.922874E-01,-1.045916E-01
2.417000E+03,4.134812E-01,1.875516E-01,-1.089613E-01,-1.780052E-01,-2.966050E-01,-6.756989E-02
2.417500E+03,3.456842E-01,1.458438E-01,-1.540859E-01,2.313222E-02,-2.961859E-01,-2.924225E-02
2.418000E+03,2.725689E-01,1.010953E-01,-1.972927E-01,2.242755E-01,-2.910744E-01,9.748467E-03
2.418500E+03,1.952583E-01,5.394733E-02,-2.379469E-01,4.229751E-01,-2.813949E-01,4.875104E-02
2.419000E+03,1.149445E-01,5.091069E-03,-2.754513E-01,6.168087E-01,-2.673494E-01,8.711731E-02
2.419500E+03,3.286832E-02,-4.474445E-02,-3.092569E-01,8.034165E-01,-2.492126E-01,1.242134E-01
2.420000E+03,-4.970145E-02,-9.480439E-02,-3.388705E-01,9.805368E-01,-2.273268E-01,1.594309E-01
2.420500E+03,-1.314896E-01,-1.443210E-01,-3.638637E-01,1.146040E+00,-2.020944E-01,1.921968E-01
2.421000E+03,-2.112356E-01,-1.925267E-01,-3.838787E-01,1.297957E+00,-1.739705E-01,2.219836E-01
2.421500E+03,-2.877152E-01,-2.386672E-01,-3.986341E-01,1.434515E+00,-1.434537E-01,2.483176E-01
2.422000E+03,-3.597599E-01,-2.820148E-01,-4.079292E-01,1.554154E+00,-1.110773E-01,2.707867E-01
2.422500E+03,-4.262770E-01,-3.218805E-01,-4.116463E-01,1.655556E+00,-7.739851E-02,2.890472E-01
2.423000E+03,-4.862665E-01,-3.576263E-01,-4.097526E-01,1.737660E+00,-4.298888E-02,3.028281E-01
2.423500E+03,-5.388381E-01,-3.886759E-01,-4.022995E-01,1.799677E+00,-8.423584E-03,3.119358E-01
2.424000E+03,-5.832245E-01,-4.145248E-01,-3.894218E-01,1.841099E+00,2.572879E-02,3.162556E-01
2.424500E+03,-6.187935E-01,-4.347488E-01,-3.713340E-01,1.861703E+00,5.891617E-02,3.157534E-01
2.425000E+03,-6.450575E-01,-4.490116E-01,-3.483270E-01,1.861555E+00,9.061257E-02,3.104742E-01
2.425500E+03,-6.616799E-01,-4.570697E-01,-3.207621E-01,1.841001E+00,1.203269E-01,3.005412E-01
2.426000E+03,-6.684799E-01,-4.587774E-01,-2.890647E-01,1.800661E+00,1.476110E-01,2.861514E-01
2.426500E+03,-6.654331E-01,-4.540883E-01,-2.537166E-01,1.741414E+00,1.720668E-01,2.675719E-01
2.427000E+03,-6.526712E-01,-4.430563E-01,-2.152484E-01,1.664384E+00,1.933522E-01,2.451335E-01
2.427500E+03,-6.304774E-01,-4.258343E-01,-1.742297E-01,1.570917E+00,2.111863E-01,2.192245E-01
2.428000E+03,-5.992803E-01,-4.026711E-01,-1.312599E-01,1.462555E+00,2.253524E-01,1.902826E-01
2.428500E+03,-5.596451E-01,-3.739071E-01,-8.695873E-02,1.341015E+00,2.357013E-01,1.587866E-01
2.429000E+03,-5.122626E-01,-3.399683E-01,-4.195583E-02,1.208155E+00,2.421512E-01,1.252478E-01
2.429500E+03,-4.579360E-01,-3.013584E-01,3.118926E-03,1.065944E+00,2.446886E-01,9.020046E-02
2.430000E+03,-3.975666E-01,-2.586503E-01,4.764522E-02,9.164314E-01,2.433662E-01,5.419222E-02
2.430500E+03,-3.321376E-01,-2.124760E-01,9.102168E-02,7.617134E-01,2.383004E-01,1.777486E-02
2.431000E+03,-2.626967E-01,-1.635161E-01,1.326747E-01,6.039003E-01,2.296676E-01,-1.850512E-02
2.431500E+03,-1.903383E-01,-1.124881E-01,1.720667E-01,4.450848E-01,2.176995E-01,-5.411548E-02
2.432000E+03,-1.161853E-01,-6.013426E-02,2.087034E-01,2.873104E-01,2.026771E-01,-8.854671E-02
2.432500E+03,-4.136980E-02,-7.209723E-03,2.421404E-01,1.325419E-01,1.849249E-01,-1.213199E-01
2.433000E+03,3.298440E-02,4.553000E-02,2.719889E-01,-1.736156E-02,1.648033E-01,-1.519937E-01
2.433500E+03,1.057803E-01,9.734107E-02,2.979196E-01,-1.606721E-01,1.427016E-01,-1.801706E-01
2.434000E+03,1.759643E-01,1.475030E-01,3.196667E-01,-2.958150E-01,1.190298E-01,-2.055023E-01
2.434500E+03,2.425426E-01,1.953297E-01,3.370299E-01,-4.213874E-01,9.421102E-02,-2.276936E-01
2.435000E+03,3.045954E-01,2.401799E-01,3.498754E-01,-5.361745E-01,6.867362E-02,-2.465057E-01
2.435500E+03,3.612898E-01,2.814662E-01,3.581357E-01,-6.391609E-01,4.284332E-02,-2.617583E-01
2.436000E+03,4.118918E-01,3.186639E-01,3.618093E-01,-7.295395E-01,1.713595E-02,-2.733302E-01
2.436500E+03,4.557746E-01,3.513172E-01,3.609577E-01,-8.067157E-01,-8.049542E-03,-2.811596E-01
2.437000E+03,4.924271E-01,3.790455E-01,3.557028E-01,-8.703087E-01,-3.233741E-02,-2.852428E-01
2.437500E+03,5.214580E-01,4.015475E-01,3.462231E-01,-9.201487E-01,-5.538081E-02,-2.856318E-01
2.438000E+03,5.425999E-01,4.186038E-01,3.327485E-01,-9.562708E-01,-7.686674E-02,-2.824316E-01
2.438500E+03,5.557096E-01,4.300787E-01,3.155557E-01,-9.789063E-01,-9.652012E-02,-2.757962E-01
2.439000E+03,5.607675E-01,4.359200E-01,2.949618E-01,-9.884700E-01,-1.141070E-01,-2.659243E-01
2.439500E+03,5.578743E-01,4.361573E-01,2.713185E-01,-9.855462E-01,-1.294370E-01,-2.530540E-01
2.440000E+03,5.472462E-01,4.308997E-01,2.450053E-01,-9.708712E-01,-1.423645E-01,-2.374576E-01
2.440500E+03,5.292083E-01,4.203314E-01,2.164230E-01,-9.453153E-01,-1.527893E-01,-2.194357E-01
2.441000E+03,5.041862E-01,4.047068E-01,1.859870E-01,-9.098621E-01,-1.606564E-01,-1.993109E-01
2.441500E+03,4.726966E-01,3.843444E-01,1.541207E-01,-8.655879E-01,-1.659544E-01,-1.774222E-01
2.442000E+03,4.353366E-01,3.596195E-01,1.212493E-01,-8.136396E-01,-1.687140E-01,-1.541186E-01
2.442500E+03,3.927722E-01,3.309570E-01,8.779383E-02,-7.552131E-01,-1.690051E-01,-1.297535E-01
2.443000E+03,3.457254E-01,2.988228E-01,5.416512E-02,-6.915317E-01,-1.669338E-01,-1.046791E-01
2.443500E+03,2.949621E-01,2.637156E-01,2.075905E-02,-6.238250E-01,-1.626384E-01,-7.924103E-02
2.444000E+03,2.412789E-01,2.261576E-01,-1.204817E-02,-5.533086E-01,-1.562853E-01,-5.377355E-02
2.444500E+03,1.854898E-01,1.866863E-01,-4.390407E-02,-4.811660E-01,-1.480649E-01,-2.859550E-02
2.445000E+03,1.284136E-01,1.458454E-01,-7.448321E-02,-4.085307E-01,-1.381865E-01,-4.006379E-03
2.445500E+03,7.086193E-02,1.041769E-01,-1.034900E-01,-3.364710E-01,-1.268739E-01,1.971676E-02
2.446000E+03,1.362687E-02,6.221245E-02,-1.306607E-01,-2.659769E-01,-1.143605E-01,4.232185E-02
2.446500E+03,-4.252948E-02,2.046668E-02,-1.557649E-01,-1.979481E-01,-1.008848E-01,6.358371E-02
2.447000E+03,-9.688516E-02,-2.056998E-02,-1.786064E-01,-1.331854E-01,-8.668599E-02,8.330543E-02
2.447500E+03,-1.487673E-01,-6.043714E-02,-1.990232E-01,-7.238362E-02,-7.199968E-02,1.013191E-01
2.448000E+03,-1.975598E-01,-9.870960E-02,-2.168876E-01,-1.612706E-02,-5.705427E-02,1.174860E-01
2.448500E+03,-2.427101E-01,-1.350017E-01,-2.321049E-01,3.511306E-02,-4.206745E-02,1.316962E-01
2.449000E+03,-2.837340E-01,-1.689705E-01,-2.446125E-01,8.097874E-02,-2.724329E-02,1.438683E-01
2.449500E+03,-3.202201E-01,-2.003186E-01,-2.543784E-01,1.212236E-01,-1.276971E-02,1.539475E-01
2.450000E+03,-3.518323E-01,-2.287952E-01,-2.613988E-01,1.557094E-01,1.183444E-03,1.619048E-01
2.450500E+03,-3.783111E-01,-2.541973E-01,-2.656965E-01,1.844008E-01,1.446594E-02,1.677350E-01
2.451000E+03,-3.994739E-01,-2.763691E-01,-2.673183E-01,2.073588E-01,2.694811E-02,1.714547E-01
2.451500E+03,-4.152140E-01,-2.952012E-01,-2.663328E-01,2.247327E-01,3.852136E-02,1.731005E-01
2.452000E+03,-4.254988E-01,-3.106287E-01,-2.628279E-01,2.367517E-01,4.909822E-02,1.727267E-01
2.452500E+03,-4.303665E-01,-3.226294E-01,-2.569085E-01,2.437151E-01,5.861197E-02,1.704029E-01
2.453000E+03,-4.299223E-01,-3.312206E-01,-2.486939E-01,2.459822E-01,6.701588E-02,1.662126E-01
2.453500E+03,-4.243341E-01,-3.364557E-01,-2.383161E-01,2.439622E-01,7.428214E-02,1.602503E-01
2.454000E+03,-4.138270E-01,-3.384209E-01,-2.259176E-01,2.381035E-01,8.040045E-02,1.526202E-01
2.454500E+03,-3.986776E-01,-3.372313E-01,-2.116495E-01,2.288837E-01,8.537647E-02,1.434342E-01
2.455000E+03,-3.792082E-01,-3.330270E-01,-1.956698E-01,2.167997E-01,8.923006E-02,1.328105E-01
2.455500E+03,-3.557802E-01,-3.259686E-01,-1.781422E-01,2.023582E-01,9.199337E-02,1.208720E-01
2.456000E+03,-3.287880E-01,-3.162342E-01,-1.592350E-01,1.860671E-01,9.370894E-02,1.077450E-01
2.456500E+03,-2.986520E-01,-3.040146E-01,-1.391197E-01,1.684271E-01,9.442778E-02,9.355858E-02
2.457000E+03,-2.658129E-01,-2.895106E-01,-1.179708E-01,1.499251E-01,9.420743E-02,7.844348E-02
2.457500E+03,-2.307248E-01,-2.729292E-01,-9.596468E-02,1.310276E-01,9.311021E-02,6.253145E-02
2.458000E+03,-1.938499E-01,-2.544806E-01,-7.327937E-02,1.121754E-01,9.120153E-02,4.595481E-02
2.458500E+03,-1.556524E-01,-2.343761E-01,-5.009419E-02,9.377929E-02,8.854831E-02,2.884601E-02
2.459000E+03,-1.165933E-01,-2.128256E-01,-2.658946E-02,7.621649E-02,8.521773E-02,1.133735E-02
2.459500E+03,-7.712599E-02,-1.900359E-01,-2.946236E-03,5.982804E-02,8.127602E-02,-6.439216E-03
2.460000E+03,-3.769120E-02,-1.662091E-01,2.065387E-02,4.491706E-02,7.678752E-02,-2.435228E-02
2.460500E+03,1.286467E-03,-1.415423E-01,4.402901E-02,3.174769E-02,7.181401E-02,-4.227114E-02
2.461000E+03,3.940215E-02,-1.162263E-01,6.699736E-02,2.054470E-02,6.641416E-02,-6.006595E-02
2.461500E+03,7.627371E-02,-9.044601E-02,8.937761E-02,1.149372E-02,6.064325E-02,-7.760795E-02
2.462000E+03,1.115443E-01,-6.437997E-02,1.109895E-01,4.741824E-03,5.455303E-02,-9.476968E-02
2.462500E+03,1.448843E-01,-3.820107E-02,1.316544E-01,3.986310E-04,4.819182E-02,-1.114254E-01
2.463000E+03,1.759933E-01,-1.207691E-02,1.511965E-01,-1.462463E-03,4.160469E-02,-1.274512E-01
2.463500E+03,2.046011E-01,1.382952E-02,1.694434E-01,-8.027978E-04,3.483384E-02,-1.427260E-01
2.464000E+03,2.304690E-01,3.935912E-02,1.862277E-01,2.383101E-03,2.791905E-02,-1.571318E-01
2.464500E+03,2.533900E-01,6.435589E-02,2.013880E-01,8.069096E-03,2.089818E-02,-1.705542E-01
2.465000E+03,2.731896E-01,8.866628E-02,2.147708E-01,1.619895E-02,1.380779E-02,-1.828836E-01
2.465500E+03,2.897258E-01,1.121385E-01,2.262321E-01,2.668779E-02,6.683691E-03,-1.940157E-01
2.466000E+03,3.028889E-01,1.346223E-01,2.356388E-01,3.942337E-02,-4.384024E-04,-2.038525E-01
2.466500E+03,3.126015E-01,1.559683E-01,2.428711E-01,5.426728E-02,-7.522357E-03,-2.123034E-01
2.467000E+03,3.188179E-01,1.760285E-01,2.478241E-01,7.105594E-02,-1.453109E-02,-2.192860E-01
2.467500E+03,3.215238E-01,1.946559E-01,2.504098E-01,8.960154E-02,-2.142612E-02,-2.247271E-01
2.468000E+03,3.207354E-01,2.117056E-01,2.505591E-01,1.096928E-01,-2.816726E-02,-2.285637E-01
2.468500E+03,3.164992E-01,2.270353E-01,2.482234E-01,1.310959E-01,-3.471234E-02,-2.307441E-01
2.469000E+03,3.088905E-01,2.405065E-01,2.433763E-01,1.535548E-01,-4.101708E-02,-2.312286E-01
2.469500E+03,2.980134E-01,2.519857E-01,2.360154E-01,1.767926E-01,-4.703512E-02,-2.299902E-01
2.470000E+03,2.839993E-01,2.613462E-01,2.261633E-01,2.005123E-01,-5.271816E-02,-2.270159E-01
2.470500E+03,2.670058E-01,2.684698E-01,2.138685E-01,2.243977E-01,-5.801616E-02,-2.223066E-01
2.471000E+03,2.472162E-01,2.732492E-01,1.992069E-01,2.481152E-01,-6.287779E-02,-2.158781E-01
2.471500E+03,2.248379E-01,2.755895E-01,1.822811E-01,2.713151E-01,-6.725091E-02,-2.077612E-01
2.472000E+03,2.001008E-01,2.754113E-01,1.632215E-01,2.936343E-01,-7.108317E-02,-1.980023E-01
2.472500E+03,1.732567E-01,2.726521E-01,1.421851E-01,3.146985E-01,-7.432280E-02,-1.866628E-01
2.473000E+03,1.445769E-01,2.672695E-01,1.193553E-01,3.341254E-01,-7.691937E-02,-1.738197E-01
2.473500E+03,1.143509E-01,2.592427E-01,9.494082E-02,3.515283E-01,-7.882470E-02,-1.595651E-01
2.474000E+03,8.288455E-02,2.485746E-01,6.917365E-02,3.665201E-01,-7.999380E-02,-1.440055E-01
2.474500E+03,5.049761E-02,2.352941E-01,4.230754E-02,3.787181E-01,-8.038587E-02,-1.272620E-01
2.475000E+03,1.752182E-02,2.194571E-01,1.461551E-02,3.877492E-01,-7.996534E-02,-1.094686E-01
2.475500E+03,-1.570171E-02,2.011479E-01,-1.361283E-02,3.932551E-01,-7.870282E-02,-9.077226E-02
2.476000E+03,-4.882512E-02,1.804801E-01,-4.207433E-02,3.948986E-01,-7.657614E-02,-7.133132E-02
2.476500E+03,-8.149665E-02,1.575970E-01,-7.045561E-02,3.923697E-01,-7.357130E-02,-5.131459E-02
2.477000E+03,-1.133637E-01,1.326715E-01,-9.843667E-02,3.853922E-01,-6.968336E-02,-3.090007E-02
2.477500E+03,-1.440759E-01,1.059057E-01,-1.256947E-01,3.737300E-01,-6.491724E-02,-1.027351E-02
2.478000E+03,-1.732886E-01,7.752949E-02,-1.519080E-01,3.571938E-01,-5.928848E-02,1.037306E-02
2.478500E+03,-2.006662E-01,4.779959E-02,-1.767601E-01,3.356476E-01,-5.282377E-02,3.084298E-02
2.479000E+03,-2.258859E-01,1.699712E-02,-1.999439E-01,3.090141E-01,-4.556147E-02,5.093664E-02
2.479500E+03,-2.486408E-01,-1.457479E-02,-2.211656E-01,2.772810E-01,-3.755186E-02,7.045333E-02
2.480000E+03,-2.686444E-01,-4.659402E-02,-2.401489E-01,2.405054E-01,-2.885734E-02,8.919311E-02
2.480500E+03,-2.856330E-01,-7.872285E-02,-2.566389E-01,1.988182E-01,-1.955228E-02,1.069588E-01
2.481000E+03,-2.993704E-01,-1.106118E-01,-2.704054E-01,1.524271E-01,-9.722902E-03,1.235580E-01
2.481500E+03,-3.096505E-01,-1.419037E-01,-2.812472E-01,1.016189E-01,5.332818E-04,1.388053E-01
2.482000E+03,-3.163008E-01,-1.722383E-01,-2.889941E-01,4.676078E-02,1.110805E-02,1.525241E-01
2.482500E+03,-3.191854E-01,-2.012567E-01,-2.935106E-01,-1.170054E-02,2.188336E-02,1.645491E-01
2.483000E+03,-3.182075E-01,-2.286064E-01,-2.946978E-01,-7.323992E-02,3.273244E-02,1.747283E-01
2.483500E+03,-3.133120E-01,-2.539457E-01,-2.924957E-01,-1.372570E-01,4.352105E-02,1.829252E-01
2.484000E+03,-3.044876E-01,-2.769491E-01,-2.868840E-01,-2.030806E-01,5.410901E-02,1.890207E-01
2.484500E+03,-2.917677E-01,-2.973118E-01,-2.778840E-01,-2.699745E-01,6.435183E-02,1.929154E-01
2.485000E+03,-2.752324E-01,-3.147543E-01,-2.655582E-01,-3.371451E-01,7.410259E-02,1.945313E-01
2.485500E+03,-2.550084E-01,-3.290265E-01,-2.500106E-01,-4.037495E-01,8.321393E-02,1.938138E-01
2.486000E+03,-2.312691E-01,-3.399124E-01,-2.313860E-01,-4.689058E-01,9.154023E-02,1.907331E-01
2.486500E+03,-2.042344E-01,-3.472332E-01,-2.098691E-01,-5.317042E-01,9.893978E-02,1.852858E-01
2.487000E+03,-1.741693E-01,-3.508505E-01,-1.856820E-01,-5.912189E-01,1.052772E-01,1.774959E-01
2.487500E+03,-1.413820E-01,-3.506693E-01,-1.590831E-01,-6.465210E-01,1.104255E-01,1.674160E-01
2.488000E+03,-1.062218E-01,-3.466401E-01,-1.303633E-01,-6.966926E-01,1.142691E-01,1.551275E-01
2.488500E+03,-6.907611E-02,-3.387600E-01,-9.984363E-02,-7.408400E-01,1.167052E-01,1.407413E-01
2.489000E+03,-3.036659E-02,-3.270741E-01,-6.787110E-02,-7.781089E-01,1.176468E-01,1.243972E-01
2.489500E+03,9.454670E-03,-3.116755E-01,-3.481504E-02,-8.076980E-01,1.170245E-01,1.062638E-01
2.490000E+03,4.991002E-02,-2.927049E-01,-1.062648E-03,-8.288736E-01,1.147883E-01,8.653700E-02
2.490500E+03,9.050139E-02,-2.703494E-01,3.298566E-02,-8.409825E-01,1.109095E-01,6.543909E-02
2.491000E+03,1.307160E-01,-2.448408E-01,6.692106E-02,-8.434653E-01,1.053822E-01,4.321656E-02
2.491500E+03,1.700322E-01,-2.164532E-01,1.003314E-01,-8.358681E-01,9.822429E-02,2.013779E-02
2.492000E+03,2.079263E-01,-1.855000E-01,1.328062E-01,-8.178527E-01,8.947826E-02,-3.509741E-03
2.492500E+03,2.438785E-01,-1.523301E-01,1.639420E-01,-7.892064E-01,7.921186E-02,-2.742270E-02
2.493000E+03,2.773803E-01,-1.173238E-01,1.933476E-01,-7.498489E-01,6.751798E-02,-5.128559E-02
2.493500E+03,3.079411E-01,-8.088824E-02,2.206487E-01,-6.998386E-01,5.451435E-02,-7.477477E-02
2.494000E+03,3.350951E-01,-4.345217E-02,2.454936E-01,-6.393758E-01,4.034269E-02,-9.756284E-02
2.494500E+03,3.584081E-01,-5.460688E-03,2.675570E-01,-5.688054E-01,2.516751E-02,-1.193233E-01
2.495000E+03,3.774840E-01,3.263055E-02,2.865452E-01,-4.886155E-01,9.174407E-03,-1.397352E-01
2.495500E+03,3.919713E-01,7.036120E-02,3.021997E-01,-3.994360E-01,-7.432062E-03,-1.584887E-01
2.496000E+03,4.015685E-01,1.072723E-01,3.143013E-01,-3.020332E-01,-2.443092E-02,-1.752891E-01
2.496500E+03,4.060301E-01,1.429121E-01,3.226729E-01,-1.973036E-01,-4.158769E-02,-1.898628E-01
2.497000E+03,4.051709E-01,1.768425E-01,3.271825E-01,-8.626467E-02,-5.865768E-02,-2.019615E-01
2.497500E+03,3.988704E-01,2.086445E-01,3.277454E-01,2.995530E-02,-7.538957E-02,-2.113673E-01
2.498000E+03,3.870759E-01,2.379237E-01,3.243258E-01,1.501301E-01,-9.152925E-02,-2.178962E-01
2.498500E+03,3.698053E-01,2.643165E-01,3.169378E-01,2.729497E-01,-1.068239E-01,-2.214030E-01
2.499000E+03,3.471486E-01,2.874939E-01,3.056454E-01,3.970356E-01,-1.210260E-01,-2.217836E-01
2.499500E+03,3.192686E-01,3.071669E-01,2.905630E-01,5.209578E-01,-1.338978E-01,-2.189787E-01
2.500000E+03,2.864007E-01,3.230903E-01,2.718535E-01,6.432526E-01,-1.452154E-01,-2.129749E-01
2.500500E+03,2.488513E-01,3.350658E-01,2.497275E-01,7.624407E-01,-1.547727E-01,-2.038069E-01
2.501000E+03,2.069959E-01,3.429453E-01,2.244405E-01,8.770467E-01,-1.623857E-01,-1.915575E-01
2.501500E+03,1.612755E-01,3.466328E-01,1.962903E-01,9.856175E-01,-1.678957E-01,-1.763575E-01
2.502000E+03,1.121919E-01,3.460858E-01,1.656134E-01,1.086742E+00,-1.711731E-01,-1.583845E-01
2.502500E+03,6.030307E-02,3.413164E-01,1.327811E-01,1.179068E+00,-1.721201E-01,-1.378612E-01
2.503000E+03,6.216314E-03,3.323909E-01,9.819467E-02,1.261323E+00,-1.706730E-01,-1.150520E-01
2.503500E+03,-4.941864E-02,3.194293E-01,6.228063E-02,1.332329E+00,-1.668044E-01,-9.025974E-02
2.504000E+03,-1.059176E-01,3.026041E-01,2.548511E-02,1.391017E+00,-1.605245E-01,-6.382136E-02
2.504500E+03,-1.625704E-01,2.821375E-01,-1.173177E-02,1.436446E+00,-1.518816E-01,-3.610252E-02
2.505000E+03,-2.186503E-01,2.582991E-01,-4.890197E-02,1.467812E+00,-1.409624E-01,-7.492000E-03
2.505500E+03,-2.734232E-01,2.314023E-01,-8.555569E-02,1.484460E+00,-1.278911E-01,2.160454E-02
2.506000E+03,-3.261580E-01,2.018001E-01,-1.212276E-01,1.485892E+00,-1.128283E-01,5.077126E-02
2.506500E+03,-3.761365E-01,1.698805E-01,-1.554632E-01,1.471780E+00,-9.596910E-02,7.958907E-02
2.507000E+03,-4.226636E-01,1.360612E-01,-1.878250E-01,1.441963E+00,-7.754021E-02,1.076427E-01
2.507500E+03,-4.650774E-01,1.007843E-01,-2.178982E-01,1.396455E+00,-5.779684E-02,1.345280E-01
2.508000E+03,-5.027587E-01,6.451036E-02,-2.452972E-01,1.335447E+00,-3.701892E-02,1.598587E-01
2.508500E+03,-5.351408E-01,2.771194E-02,-2.696700E-01,1.259302E+00,-1.550670E-02,1.832731E-01
2.509000E+03,-5.617180E-01,-9.132488E-03,-2.907039E-01,1.168553E+00,6.423938E-03,2.044410E-01
2.509500E+03,-5.820537E-01,-4.554506E-02,-3.081298E-01,1.063899E+00,2.844660E-02,2.230687E-01
2.510000E+03,-5.957875E-01,-8.105502E-02,-3.217257E-01,9.461993E-01,5.022978E-02,2.389046E-01
2.510500E+03,-6.026418E-01,-1.152050E-01,-3.313203E-01,8.164587E-01,7.144237E-02,2.517438E-01
2.511000E+03,-6.024264E-01,-1.475574E-01,-3.367952E-01,6.758223E-01,9.175925E-02,2.614312E-01
2.511500E+03,-5.950431E-01,-1.777000E-01,-3.380869E-01,5.255614E-01,1.108669E-01,2.678642E-01
2.512000E+03,-5.804877E-01,-2.052519E-01,-3.351878E-01,3.670598E-01,1.284687E-01,2.709946E-01
2.512500E+03,-5.588517E-01,-2.298683E-01,-3.281459E-01,2.017996E-01,1.442903E-01,2.708289E-01
2.513000E+03,-5.303224E-01,-2.512454E-01,-3.170647E-01,3.134527E-02,1.580842E-01,2.674280E-01
2.513500E+03,-4.951809E-01,-2.691246E-01,-3.021017E-01,-1.426725E-01,1.696344E-01,2.609054E-01
2.514000E+03,-4.538000E-01,-2.832954E-01,-2.834656E-01,-3.185741E-01,1.787599E-01,2.514250E-01
2.514500E+03,-4.066392E-01,-2.935987E-01,-2.614140E-01,-4.946480E-01,1.853185E-01,2.391975E-01
2.515000E+03,-3.542397E-01,-2.999286E-01,-2.362492E-01,-6.691687E-01,1.892086E-01,2.244759E-01
2.515500E+03,-2.972173E-01,-3.022336E-01,-2.083140E-01,-8.404141E-01,1.903718E-01,2.075504E-01
2.516000E+03,-2.362545E-01,-3.005171E-01,-1.779869E-01,-1.006683E+00,1.887937E-01,1.887425E-01
2.516500E+03,-1.720913E-01,-2.948374E-01,-1.456760E-01,-1.166313E+00,1.845039E-01,1.683985E-01
2.517000E+03,-1.055155E-01,-2.853062E-01,-1.118137E-01,-1.317695E+00,1.775763E-01,1.468827E-01
2.517500E+03,-3.735149E-02,-2.720870E-01,-7.685015E-02,-1.459291E+00,1.681270E-01,1.245701E-01
2.518000E+03,3.155082E-02,-2.553923E-01,-4.124647E-02,-1.589651E+00,1.563128E-01,1.018391E-01
2.518500E+03,1.003281E-01,-2.354806E-01,-5.468444E-03,-1.707424E+00,1.423282E-01,7.906445E-02
2.519000E+03,1.681156E-01,-2.126522E-01,3.002038E-02,-1.811370E+00,1.264022E-01,5.660966E-02
2.519500E+03,2.340595E-01,-1.872446E-01,6.476533E-02,-1.900381E+00,1.087940E-01,3.482058E-02
2.520000E+03,2.973292E-01,-1.596276E-01,9.832707E-02,-1.973479E+00,8.978854E-02,1.401890E-02
2.520500E+03,3.571289E-01,-1.301975E-01,1.302878E-01,-2.029839E+00,6.969167E-02,-5.503598E-03
2.521000E+03,4.127090E-01,-9.937153E-02,1.602570E-01,-2.068786E+00,4.882450E-02,-2.349001E-02
2.521500E+03,4.633771E-01,-6.758123E-02,1.878768E-01,-2.089811E+00,2.751794E-02,-3.972260E-02
2.522000E+03,5.085075E-01,-3.526637E-02,2.128269E-01,-2.092570E+00,6.106933E-03,-5.402609E-02
2.522500E+03,5.475506E-01,-2.868390E-03,2.348286E-01,-2.076891E+00,-1.507535E-02,-6.627006E-02
2.523000E+03,5.800401E-01,2.917610E-02,2.536480E-01,-2.042776E+00,-3.570318E-02,-7.637028E-02
2.523500E+03,6.055997E-01,6.044159E-02,2.690991E-01,-1.990403E+00,-5.546385E-02,-8.428916E-02
2.524000E+03,6.239485E-01,9.051986E-02,2.810458E-01,-1.920122E+00,-7.406284E-02,-9.003502E-02
2.524500E+03,6.349045E-01,1.190257E-01,2.894025E-01,-1.832455E+00,-9.122877E-02,-9.366053E-02
2.525000E+03,6.383865E-01,1.456025E-01,2.941348E-01,-1.728093E+00,-1.067177E-01,-9.526019E-02
2.525500E+03,6.344153E-01,1.699269E-01,2.952588E-01,-1.607887E+00,-1.203170E-01,-9.496686E-02
2.526000E+03,6.231125E-01,1.917134E-01,2.928402E-01,-1.472846E+00,-1.318487E-01,-9.294769E-02
2.526500E+03,6.046981E-01,2.107180E-01,2.869915E-01,-1.324122E+00,-1.411718E-01,-8.939922E-02
2.527000E+03,5.794865E-01,2.267413E-01,2.778699E-01,-1.163005E+00,-1.481844E-01,-8.454208E-02
2.527500E+03,5.478816E-01,2.396305E-01,2.656735E-01,-9.909116E-01,-1.528248E-01,-7.861516E-02
2.528000E+03,5.103697E-01,2.492814E-01,2.506374E-01,-8.093674E-01,-1.550716E-01,-7.186963E-02
2.528500E+03,4.675117E-01,2.556389E-01,2.330293E-01,-6.199979E-01,-1.549437E-01,-6.456272E-02
2.529000E+03,4.199345E-01,2.586971E-01,2.131443E-01,-4.245110E-01,-1.524990E-01,-5.695154E-02
2.529500E+03,3.683208E-01,2.584981E-01,1.912995E-01,-2.246817E-01,-1.478329E-01,-4.928711E-02
2.530000E+03,3.133988E-01,2.551308E-01,1.678292E-01,-2.233447E-02,-1.410755E-01,-4.180862E-02
2.530500E+03,2.559306E-01,2.487284E-01,1.430785E-01,1.806740E-01,-1.323889E-01,-3.473811E-02
2.531000E+03,1.967008E-01,2.394654E-01,1.173981E-01,3.824731E-01,-1.219636E-01,-2.827568E-02
2.531500E+03,1.365049E-01,2.275539E-01,9.113852E-02,5.811972E-01,-1.100146E-01,-2.259537E-02
2.532000E+03,7.613718E-02,2.132393E-01,6.464495E-02,7.750039E-01,-9.677663E-02,-1.784168E-02
2.532500E+03,1.637912E-02,1.967960E-01,3.825185E-02,9.620933E-01,-8.250025E-02,-1.412695E-02
2.533000E+03,-4.201175E-02,1.785214E-01,1.227836E-02,1.140726E+00,-6.744642E-02,-1.152949E-02
2.533500E+03,-9.831266E-02,1.587317E-01,-1.297608E-02,1.309241E+00,-5.188188E-02,-1.009264E-02
2.534000E+03,-1.518456E-01,1.377550E-01,-3.723560E-02,1.466075E+00,-3.607422E-02,-9.824653E-03
2.534500E+03,-2.019863E-01,1.159267E-01,-6.025112E-02,1.609775E+00,-2.028702E-02,-1.069940E-02
2.535000E+03,-2.481725E-01,9.358286E-02,-8.180307E-02,1.739017E+00,-4.775264E-03,-1.265798E-02
2.535500E+03,-2.899111E-01,7.105531E-02,-1.017034E-01,1.852618E+00,1.021903E-02,-1.561100E-02
2.536000E+03,-3.267834E-01,4.866570E-02,-1.197971E-01,1.949550E+00,2.447082E-02,-1.944160E-02
2.536500E+03,-3.584499E-01,2.672062E-02,-1.359626E-01,2.028950E+00,3.777568E-02,-2.400911E-02
2.537000E+03,-3.846535E-01,5.506813E-03,-1.501123E-01,2.090129E+00,4.995289E-02,-2.915319E-02
2.537500E+03,-4.052207E-01,-1.471311E-02,-1.621917E-01,2.132580E+00,6.084809E-02,-3.469839E-02
2.538000E+03,-4.200626E-01,-3.370436E-02,-1.721784E-01,2.155980E+00,7.033533E-02,-4.045902E-02
2.538500E+03,-4.291732E-01,-5.126313E-02,-1.800805E-01,2.160198E+00,7.831856E-02,-4.624420E-02
2.539000E+03,-4.326273E-01,-6.721902E-02,-1.859339E-01,2.145290E+00,8.473249E-02,-5.186294E-02
2.539500E+03,-4.305769E-01,-8.143684E-02,-1.898005E-01,2.111501E+00,8.954288E-02,-5.712919E-02
2.540000E+03,-4.232463E-01,-9.381765E-02,-1.917643E-01,2.059260E+00,9.274622E-02,-6.186671E-02
2.540500E+03,-4.109262E-01,-1.042991E-01,-1.919291E-01,1.989174E+00,9.436883E-02,-6.591358E-02
2.541000E+03,-3.939669E-01,-1.128550E-01,-1.904139E-01,1.902021E+00,9.446544E-02,-6.912641E-02
2.541500E+03,-3.727710E-01,-1.194945E-01,-1.873504E-01,1.798735E+00,9.311721E-02,-7.138400E-02
2.542000E+03,-3.477844E-01,-1.242598E-01,-1.828786E-01,1.680404E+00,9.042936E-02,-7.259044E-02
2.542500E+03,-3.194886E-01,-1.272243E-01,-1.771434E-01,1.548246E+00,8.652834E-02,-7.267762E-02
2.543000E+03,-2.883906E-01,-1.284896E-01,-1.702912E-01,1.403600E+00,8.155868E-02,-7.160697E-02
2.543500E+03,-2.550147E-01,-1.281818E-01,-1.624668E-01,1.247908E+00,7.567959E-02,-6.937057E-02
2.544000E+03,-2.198924E-01,-1.264479E-01,-1.538099E-01,1.082698E+00,6.906132E-02,-6.599149E-02
2.544500E+03,-1.835542E-01,-1.234517E-01,-1.444530E-01,9.095666E-01,6.188139E-02,-6.152340E-02
2.545000E+03,-1.465204E-01,-1.193693E-01,-1.345187E-01,7.301588E-01,5.432082E-02,-5.604943E-02
2.545500E+03,-1.092934E-01,-1.143845E-01,-1.241180E-01,5.461514E-01,4.656032E-02,-4.968040E-02
2.546000E+03,-7.234990E-02,-1.086845E-01,-1.133490E-01,3.592334E-01,3.877660E-02,-4.255240E-02
2.546500E+03,-3.613416E-02,-1.024553E-01,-1.022959E-01,1.710877E-01,3.113884E-02,-3.482372E-02
2.547000E+03,-1.052249E-03,-9.587744E-02,-9.102855E-02,-1.662614E-02,2.380541E-02,-2.667139E-02
2.547500E+03,3.253297E-02,-8.912174E-02,-7.960252E-02,-2.022889E-01,1.692081E-02,-1.828721E-02
2.548000E+03,6.430580E-02,-8.234586E-02,-6.805970E-02,-3.843377E-01,1.061306E-02,-9.873440E-03
2.548500E+03,9.400052E-02,-7.569086E-02,-5.642922E-02,-5.612799E-01,4.991375E-03,-1.638349E-03
2.549000E+03,1.214032E-01,-6.927845E-02,-4.472885E-02,-7.317069E-01,1.443283E-04,6.208491E-03
2.549500E+03,1.463525E-01,-6.320874E-02,-3.296678E-02,-8.943051E-01,-3.861541E-03,1.346087E-02
2.550000E+03,1.687391E-01,-5.755861E-02,-2.114365E-02,-1.047866E+00,-6.982650E-03,1.992056E-02
2.550500E+03,1.885045E-01,-5.238067E-02,-9.254829E-03,-1.191295E+00,-9.198791E-03,2.540178E-02
2.551000E+03,2.056385E-01,-4.770293E-02,2.707042E-03,-1.323616E+00,-1.051307E-02,2.973537E-02
2.551500E+03,2.201759E-01,-4.352909E-02,1.474953E-02,-1.443976E+00,-1.095134E-02,3.277266E-02
2.552000E+03,2.321928E-01,-3.983944E-02,2.687777E-02,-1.551652E+00,-1.056121E-02,3.438886E-02
2.552500E+03,2.418015E-01,-3.659245E-02,3.909194E-02,-1.646046E+00,-9.410509E-03,3.448600E-02
2.553000E+03,2.491453E-01,-3.372687E-02,5.138477E-02,-1.726688E+00,-7.585480E-03,3.299528E-02
2.553500E+03,2.543926E-01,-3.116439E-02,6.373937E-02,-1.793233E+00,-5.188471E-03,2.987886E-02
2.554000E+03,2.577313E-01,-2.881276E-02,7.612723E-02,-1.845459E+00,-2.335382E-03,2.513093E-02
2.554500E+03,2.593621E-01,-2.656922E-02,8.850657E-02,-1.883259E+00,8.471904E-04,1.877821E-02
2.555000E+03,2.594926E-01,-2.432435E-02,1.008211E-01,-1.906640E+00,4.225014E-03,1.087975E-02
2.555500E+03,2.583310E-01,-2.196599E-02,1.129992E-01,-1.915711E+00,7.659427E-03,1.526048E-03
2.556000E+03,2.560805E-01,-1.938339E-02,1.249536E-01,-1.910681E+00,1.101063E-02,-9.162458E-03
2.556500E+03,2.529337E-01,-1.647123E-02,1.365815E-01,-1.891850E+00,1.414100E-02,-2.103748E-02
2.557000E+03,2.490675E-01,-1.313362E-02,1.477650E-01,-1.859599E+00,1.691836E-02,-3.392558E-02
2.557500E+03,2.446392E-01,-9.287932E-03,1.583729E-01,-1.814383E+00,1.921907E-02,-4.763136E-02
2.558000E+03,2.397826E-01,-4.868196E-03,1.682616E-01,-1.756726E+00,2.093105E-02,-6.194111E-02
2.558500E+03,2.346051E-01,1.717501E-04,1.772777E-01,-1.687210E+00,2.195648E-02,-7.662685E-02
2.559000E+03,2.291860E-01,5.855675E-03,1.852606E-01,-1.606470E+00,2.221419E-02,-9.145061E-02
2.559500E+03,2.235748E-01,1.218289E-02,1.920454E-01,-1.515185E+00,2.164175E-02,-1.061690E-01
2.560000E+03,2.177916E-01,1.912682E-02,1.974661E-01,-1.414075E+00,2.019713E-02,-1.205379E-01
2.560500E+03,2.118272E-01,2.663416E-02,2.013596E-01,-1.303893E+00,1.785996E-02,-1.343171E-01
2.561000E+03,2.056448E-01,3.462487E-02,2.035692E-01,-1.185422E+00,1.463229E-02,-1.472751E-01
2.561500E+03,1.991821E-01,4.299272E-02,2.039488E-01,-1.059468E+00,1.053892E-02,-1.591933E-01
2.562000E+03,1.923548E-01,5.160668E-02,2.023666E-01,-9.268611E-01,5.627145E-03,-1.698707E-01
2.562500E+03,1.850595E-01,6.031291E-02,1.987094E-01,-7.884484E-01,-3.385463E-05,-1.791275E-01
2.563000E+03,1.771790E-01,6.893752E-02,1.928860E-01,-6.450938E-01,-6.354225E-03,-1.868091E-01
2.563500E+03,1.685860E-01,7.728985E-02,1.848313E-01,-4.976754E-01,-1.322505E-02,-1.927887E-01
2.564000E+03,1.591491E-01,8.516640E-02,1.745088E-01,-3.470842E-01,-2.052043E-02,-1.969705E-01
2.564500E+03,1.487376E-01,9.235518E-02,1.619141E-01,-1.942224E-01,-2.809992E-02,-1.992911E-01
2.565000E+03,1.372271E-01,9.864047E-02,1.470769E-01,-4.000288E-02,-3.581137E-02,-1.997215E-01
2.565500E+03,1.245049E-01,1.038079E-01,1.300626E-01,1.146530E-01,-4.349401E-02,-1.982676E-01
2.566000E+03,1.104753E-01,1.076497E-01,1.109739E-01,2.688161E-01,-5.098182E-02,-1.949704E-01
2.566500E+03,9.506407E-02,1.099700E-01,8.995097E-02,4.215516E-01,-5.810703E-02,-1.899054E-01
2.567000E+03,7.822349E-02,1.105900E-01,6.717108E-02,5.719210E-01,-6.470375E-02,-1.831815E-01
2.567500E+03,5.993582E-02,1.093532E-01,4.284788E-02,7.189847E-01,-7.061158E-02,-1.749391E-01
2.568000E+03,4.021669E-02,1.061301E-01,1.722951E-02,8.618053E-01,-7.567925E-02,-1.653475E-01
2.568500E+03,1.911757E-02,1.008227E-01,-9.403811E-03,9.994513E-01,-7.976802E-02,-1.546021E-01
2.569000E+03,-3.272595E-03,9.336797E-02,-3.674304E-02,1.131002E+00,-8.275500E-02,-1.429208E-01
2.569500E+03,-2.682662E-02,8.374158E-02,-6.445417E-02,1.255552E+00,-8.453610E-02,-1.305398E-01
2.570000E+03,-5.137924E-02,7.196005E-02,-9.218273E-02,1.372217E+00,-8.502868E-02,-1.177094E-01
2.570500E+03,-7.672824E-02,5.808261E-02,-1.195589E-01,1.480143E+00,-8.417381E-02,-1.046891E-01
2.571000E+03,-1.026365E-01,4.221197E-02,-1.462031E-01,1.578510E+00,-8.193804E-02,-9.174270E-02
2.571500E+03,-1.288349E-01,2.449435E-02,-1.717318E-01,1.666542E+00,-7.831472E-02,-7.913339E-02
2.572000E+03,-1.550264E-01,5.118421E-03,-1.957642E-01,1.743513E+00,-7.332471E-02,-6.711838E-02
2.572500E+03,-1.808902E-01,-1.568654E-02,-2.179282E-01,1.808759E+00,-6.701659E-02,-5.594398E-02
2.573000E+03,-2.060878E-01,-3.765352E-02,-2.378671E-01,1.861684E+00,-5.946629E-02,-4.584064E-02
2.573500E+03,-2.302682E-01,-6.048147E-02,-2.552464E-01,1.901767E+00,-5.077610E-02,-3.701831E-02
2.574000E+03,-2.530751E-01,-8.383990E-02,-2.697594E-01,1.928575E+00,-4.107317E-02,-2.966212E-02
2.574500E+03,-2.741533E-01,-1.073741E-01,-2.811338E-01,1.941767E+00,-3.050740E-02,-2.392845E-02
2.575000E+03,-2.931559E-01,-1.307113E-01,-2.891371E-01,1.941103E+00,-1.924891E-02,-1.994161E-02
2.575500E+03,-3.097516E-01,-1.534671E-01,-2.935814E-01,1.926450E+00,-7.484930E-03,-1.779100E-02
2.576000E+03,-3.236315E-01,-1.752523E-01,-2.943282E-01,1.897787E+00,4.583607E-03,-1.752892E-02
2.576500E+03,-3.345162E-01,-1.956807E-01,-2.912914E-01,1.855214E+00,1.674589E-02,-1.916918E-02
2.577000E+03,-3.421622E-01,-2.143762E-01,-2.844408E-01,1.798946E+00,2.878530E-02,-2.268632E-02
2.577500E+03,-3.463677E-01,-2.309802E-01,-2.738034E-01,1.729325E+00,4.048364E-02,-2.801562E-02
2.578000E+03,-3.469782E-01,-2.451593E-01,-2.594646E-01,1.646814E+00,5.162553E-02,-3.505394E-02
2.578500E+03,-3.438905E-01,-2.566123E-01,-2.415681E-01,1.551998E+00,6.200275E-02,-4.366124E-02
2.579000E+03,-3.370566E-01,-2.650766E-01,-2.203148E-01,1.445579E+00,7.141855E-02,-5.366290E-02
2.579500E+03,-3.264863E-01,-2.703347E-01,-1.959603E-01,1.328374E+00,7.969174E-02,-6.485274E-02
2.580000E+03,-3.122486E-01,-2.722189E-01,-1.688123E-01,1.201309E+00,8.666059E-02,-7.699667E-02
2.580500E+03,-2.944718E-01,-2.706163E-01,-1.392261E-01,1.065408E+00,9.218633E-02,-8.983702E-02
2.581000E+03,-2.733431E-01,-2.654724E-01,-1.075996E-01,9.217840E-01,9.615621E-02,-1.030973E-01
2.581500E+03,-2.491064E-01,-2.567930E-01,-7.436744E-02,7.716316E-01,9.848616E-02,-1.164876E-01
2.582000E+03,-2.220594E-01,-2.446462E-01,-3.999447E-02,6.162110E-01,9.912278E-02,-1.297100E-01
2.582500E+03,-1.925491E-01,-2.291621E-01,-4.968276E-03,4.568365E-01,9.804481E-02,-1.424643E-01
2.583000E+03,-1.609668E-01,-2.105324E-01,3.020851E-02,2.948612E-01,9.526389E-02,-1.544546E-01
2.583500E+03,-1.277416E-01,-1.890073E-01,6.502638E-02,1.316627E-01,9.082471E-02,-1.653946E-01
2.584000E+03,-9.333362E-02,-1.648931E-01,9.897740E-02,-3.137298E-02,8.480447E-02,-1.750136E-01
2.584500E+03,-5.822629E-02,-1.385469E-01,1.315637E-01,-1.928670E-01,7.731157E-02,-1.830628E-01
2.585000E+03,-2.291777E-02,-1.103713E-01,1.623058E-01,-3.514637E-01,6.848380E-02,-1.893195E-01
2.585500E+03,1.208761E-02,-8.080796E-02,1.907509E-01,-5.058459E-01,5.848576E-02,-1.935932E-01
2.586000E+03,4.628830E-02,-5.032988E-02,2.164809E-01,-6.547506E-01,4.750581E-02,-1.957290E-01
2.586500E+03,7.919460E-02,-1.943334E-02,2.391191E-01,-7.969825E-01,3.575236E-02,-1.956115E-01
2.587000E+03,1.103375E-01,1.137085E-02,2.583375E-01,-9.314280E-01,2.344990E-02,-1.931680E-01
2.587500E+03,1.392772E-01,4.156659E-02,2.738621E-01,-1.057067E+00,1.083443E-02,-1.883706E-01
2.588000E+03,1.656115E-01,7.064192E-02,2.854779E-01,-1.172983E+00,-1.851147E-03,-1.812370E-01
2.588500E+03,1.889827E-01,9.809849E-02,2.930332E-01,-1.278375E+00,-1.436205E-02,-1.718316E-01
2.589000E+03,2.090850E-01,1.234610E-01,2.964415E-01,-1.372560E+00,-2.645653E-02,-1.602644E-01
2.589500E+03,2.256694E-01,1.462863E-01,2.956841E-01,-1.454983E+00,-3.790092E-02,-1.466900E-01
2.590000E+03,2.385489E-01,1.661719E-01,2.908097E-01,-1.525220E+00,-4.847441E-02,-1.313052E-01
2.590500E+03,2.476017E-01,1.827639E-01,2.819340E-01,-1.582976E+00,-5.797371E-02,-1.143454E-01
2.591000E+03,2.527736E-01,1.957642E-01,2.692377E-01,-1.628091E+00,-6.621730E-02,-9.608112E-02
2.591500E+03,2.540787E-01,2.049366E-01,2.529631E-01,-1.660532E+00,-7.304931E-02,-7.681316E-02
2.592000E+03,2.515988E-01,2.101116E-01,2.334098E-01,-1.680392E+00,-7.834286E-02,-5.686698E-02
2.592500E+03,2.454821E-01,2.111906E-01,2.109297E-01,-1.687882E+00,-8.200281E-02,-3.658694E-02
2.593000E+03,2.359399E-01,2.081480E-01,1.859200E-01,-1.683329E+00,-8.396787E-02,-1.632985E-02
2.593500E+03,2.232421E-01,2.010323E-01,1.588166E-01,-1.667160E+00,-8.421203E-02,3.541759E-03
2.594000E+03,2.077119E-01,1.899662E-01,1.300859E-01,-1.639896E+00,-8.274522E-02,2.266650E-02
2.594500E+03,1.897191E-01,1.751445E-01,1.002165E-01,-1.602140E+00,-7.961322E-02,4.069112E-02
2.595000E+03,1.696728E-01,1.568309E-01,6.971042E-02,-1.554565E+00,-7.489686E-02,5.727742E-02
2.595500E+03,1.480129E-01,1.353541E-01,3.907377E-02,-1.497902E+00,-6.871041E-02,7.210887E-02
2.596000E+03,1.252013E-01,1.111012E-01,8.807865E-03,-1.432925E+00,-6.119928E-02,8.489695E-02
2.596500E+03,1.017125E-01,8.451161E-02,-2.059992E-02,-1.360443E+00,-5.253705E-02,9.538698E-02
2.597000E+03,7.802404E-02,5.606841E-02,-4.868486E-02,-1.281280E+00,-4.292188E-02,1.033633E-01
2.597500E+03,5.460699E-02,2.628989E-02,-7.501314E-02,-1.196270E+00,-3.257237E-02,1.086540E-01
2.598000E+03,3.191621E-02,-4.280218E-03,-9.918955E-02,-1.106239E+00,-2.172297E-02,1.111343E-01
2.598500E+03,1.038137E-02,-3.508288E-02,-1.208644E-01,-1.012001E+00,-1.061900E-02,1.107297E-01
2.599000E+03,-9.601666E-03,-6.555425E-02,-1.397394E-01,-9.143425E-01,4.885477E-04,1.074176E-01
2.599500E+03,-2.767875E-02,-9.513633E-02,-1.555728E-01,-8.140166E-01,1.134838E-02,1.012283E-01
2.600000E+03,-4.354442E-02,-1.232876E-01,-1.681833E-01,-7.117365E-01,2.171435E-02,9.224520E-02
2.600500E+03,-5.694785E-02,-1.494932E-01,-1.774527E-01,-6.081694E-01,3.135076E-02,8.060294E-02
2.601000E+03,-6.769765E-02,-1.732750E-01,-1.833271E-01,-5.039324E-01,4.003753E-02,6.648589E-02
2.601500E+03,-7.566537E-02,-1.942007E-01,-1.858176E-01,-3.995905E-01,4.757503E-02,5.012475E-02
2.602000E+03,-8.078769E-02,-2.118920E-01,-1.849991E-01,-2.956556E-01,5.378855E-02,3.179258E-02
2.602500E+03,-8.306719E-02,-2.260319E-01,-1.810076E-01,-1.925874E-01,5.853222E-02,1.179991E-02
2.603000E+03,-8.257168E-02,-2.363712E-01,-1.740374E-01,-9.079570E-02,6.169234E-02,-9.510851E-03
2.603500E+03,-7.943217E-02,-2.427329E-01,-1.643359E-01,9.356342E-03,6.319014E-02,-3.177165E-02
2.604000E+03,-7.383944E-02,-2.450157E-01,-1.521986E-01,1.075471E-01,6.298366E-02,-5.459561E-02
2.604500E+03,-6.603934E-02,-2.431961E-01,-1.379621E-01,2.034910E-01,6.106899E-02,-7.758413E-02
2.605000E+03,-5.632681E-02,-2.373288E-01,-1.219970E-01,2.969317E-01,5.748065E-02,-1.003344E-01
2.605500E+03,-4.503895E-02,-2.275455E-01,-1.047001E-01,3.876352E-01,5.229116E-02,-1.224467E-01
2.606000E+03,-3.254702E-02,-2.140523E-01,-8.648574E-02,4.753821E-01,4.560980E-02,-1.435322E-01
2.606500E+03,-1.924775E-02,-1.971258E-01,-6.777766E-02,5.599601E-01,3.758059E-02,-1.632200E-01
2.607000E+03,-5.554082E-03,-1.771076E-01,-4.899976E-02,6.411564E-01,2.837951E-02,-1.811642E-01
2.607500E+03,8.114560E-03,-1.543975E-01,-3.056763E-02,7.187509E-01,1.821100E-02,-1.970506E-01
2.608000E+03,2.134208E-02,-1.294456E-01,-1.288002E-02,7.925093E-01,7.303861E-03,-2.106021E-01
2.608500E+03,3.372553E-02,-1.027437E-01,3.689223E-03,8.621781E-01,-4.093393E-03,-2.215847E-01
2.609000E+03,4.488472E-02,-7.481528E-02,1.879861E-02,9.274793E-01,-1.571768E-02,-2.298112E-01
2.609500E+03,5.447129E-02,-4.620563E-02,3.214583E-02,9.881082E-01,-2.729679E-02,-2.351452E-01
2.610000E+03,6.217718E-02,-1.747080E-02,4.347363E-02,1.043730E+00,-3.855512E-02,-2.375035E-01
2.610500E+03,6.774227E-02,1.083311E-02,5.257480E-02,1.093982E+00,-4.921948E-02,-2.368578E-01
2.611000E+03,7.096100E-02,3.816091E-02,5.929605E-02,1.138472E+00,-5.902493E-02,-2.332352E-01
2.611500E+03,7.168774E-02,6.398890E-02,6.354078E-02,1.176783E+00,-6.772049E-02,-2.267177E-01
2.612000E+03,6.984105E-02,8.782511E-02,6.527060E-02,1.208478E+00,-7.507462E-02,-2.174406E-01
2.612500E+03,6.540634E-02,1.092188E-01,6.450572E-02,1.233104E+00,-8.088031E-02,-2.055902E-01
2.613000E+03,5.843728E-02,1.277694E-01,6.132406E-02,1.250203E+00,-8.495977E-02,-1.914000E-01
2.613500E+03,4.905553E-02,1.431337E-01,5.585918E-02,1.259319E+00,-8.716850E-02,-1.751466E-01
2.614000E+03,3.744908E-02,1.550329E-01,4.829711E-02,1.260010E+00,-8.739872E-02,-1.571446E-01
2.614500E+03,2.386903E-02,1.632575E-01,3.887199E-02,1.251858E+00,-8.558214E-02,-1.377404E-01
2.615000E+03,8.625016E-03,1.676714E-01,2.786089E-02,1.234480E+00,-8.169184E-02,-1.173061E-01
2.615500E+03,-7.920800E-03,1.682141E-01,1.557763E-02,1.207545E+00,-7.574340E-02,-9.623219E-02
2.616000E+03,-2.536090E-02,1.649015E-01,2.365890E-03,1.170782E+00,-6.779516E-02,-7.492081E-02
2.616500E+03,-4.325071E-02,1.578255E-01,-1.140823E-02,1.123999E+00,-5.794758E-02,-5.377788E-02
2.617000E+03,-6.111784E-02,1.471514E-01,-2.536414E-02,1.067087E+00,-4.634180E-02,-3.320582E-02
2.617500E+03,-7.847198E-02,1.331147E-01,-3.911496E-02,1.000041E+00,-3.315728E-02,-1.359602E-02
2.618000E+03,-9.481549E-02,1.160160E-01,-5.227583E-02,9.229647E-01,-1.860874E-02,4.678265E-03
2.618500E+03,-1.096542E-01,9.621451E-02,-6.447215E-02,8.360801E-01,-2.942286E-03,2.126882E-02
2.619000E+03,-1.225082E-01,7.412077E-02,-7.534758E-02,7.397380E-01,1.356905E-02,3.585875E-02
2.619500E+03,-1.329229E-01,5.018839E-02,-8.457172E-02,6.344218E-01,3.063041E-02,4.816829E-02
2.620000E+03,-1.404795E-01,2.490465E-02,-9.184718E-02,5.207510E-01,4.793062E-02,5.795980E-02
2.620500E+03,-1.448044E-01,-1.219183E-03,-9.691600E-02,3.994830E-01,6.514815E-02,6.504203E-02
2.621000E+03,-1.455789E-01,-2.765818E-02,-9.956524E-02,2.715112E-01,8.195722E-02,6.927350E-02
2.621500E+03,-1.425471E-01,-5.388414E-02,-9.963172E-02,1.378610E-01,9.803411E-02,7.056490E-02
2.622000E+03,-1.355229E-01,-7.937607E-02,-9.700566E-02,-3.169805E-04,1.130634E-01,6.888059E-02
2.622500E+03,-1.243956E-01,-1.036304E-01,-9.163330E-02,-1.417563E-01,1.267443E-01,6.423908E-02
2.623000E+03,-1.091342E-01,-1.261707E-01,-8.351842E-02,-2.850870E-01,1.387961E-01,5.671246E-02
2.623500E+03,-8.979050E-02,-1.465572E-01,-7.272264E-02,-4.288502E-01,1.489645E-01,4.642491E-02
2.624000E+03,-6.649949E-02,-1.643948E-01,-5.936467E-02,-5.715150E-01,1.570258E-01,3.355020E-02
2.624500E+03,-3.947945E-02,-1.793408E-01,-4.361834E-02,-7.114980E-01,1.627919E-01,1.830838E-02
2.625000E+03,-9.029529E-03,-1.911110E-01,-2.570958E-02,-8.471837E-01,1.661143E-01,9.615137E-04
2.625500E+03,2.447399E-02,-1.994854E-01,-5.912471E-03,-9.769478E-01,1.668865E-01,-1.819127E-02
2.626000E+03,6.058300E-02,-2.043112E-01,1.545581E-02,-1.099180E+00,1.650468E-01,-3.881937E-02
2.626500E+03,9.878443E-02,-2.055061E-01,3.804071E-02,-1.212309E+00,1.605796E-01,-6.056691E-02
2.627000E+03,1.385083E-01,-2.030587E-01,6.145683E-02,-1.314828E+00,1.535159E-01,-8.305931E-02
2.627500E+03,1.791371E-01,-1.970289E-01,8.529498E-02,-1.405317E+00,1.439329E-01,-1.059102E-01
2.628000E+03,2.200162E-01,-1.875451E-01,1.091297E-01,-1.482467E+00,1.319526E-01,-1.287286E-01
2.628500E+03,2.604650E-01,-1.748022E-01,1.325272E-01,-1.545107E+00,1.177401E-01,-1.511257E-01
2.629000E+03,2.997885E-01,-1.590564E-01,1.550531E-01,-1.592220E+00,1.015002E-01,-1.727225E-01
2.629500E+03,3.372900E-01,-1.406204E-01,1.762805E-01,-1.622966E+00,8.347423E-02,-1.931559E-01
2.630000E+03,3.722830E-01,-1.198562E-01,1.957978E-01,-1.636694E+00,6.393506E-02,-2.120858E-01
2.630500E+03,4.041039E-01,-9.716799E-02,2.132161E-01,-1.632966E+00,4.318260E-02,-2.292007E-01
2.631000E+03,4.321235E-01,-7.299408E-02,2.281763E-01,-1.611555E+00,2.153815E-02,-2.442232E-01
2.631500E+03,4.557589E-01,-4.779787E-02,2.403556E-01,-1.572466E+00,-6.614515E-04,-2.569150E-01
2.632000E+03,4.744841E-01,-2.205892E-02,2.494731E-01,-1.515931E+00,-2.306994E-02,-2.670804E-01
2.632500E+03,4.878398E-01,3.736406E-03,2.552951E-01,-1.442411E+00,-4.533791E-02,-2.745697E-01
2.633000E+03,4.954421E-01,2.910421E-02,2.576389E-01,-1.352599E+00,-6.711911E-02,-2.792818E-01
2.633500E+03,4.969895E-01,5.357219E-02,2.563764E-01,-1.247404E+00,-8.807665E-02,-2.811647E-01
2.634000E+03,4.922696E-01,7.668840E-02,2.514359E-01,-1.127949E+00,-1.078890E-01,-2.802168E-01
2.634500E+03,4.811628E-01,9.802942E-02,2.428036E-01,-9.955487E-01,-1.262554E-01,-2.764858E-01
2.635000E+03,4.636454E-01,1.172079E-01,2.305238E-01,-8.516984E-01,-1.429017E-01,-2.700670E-01
2.635500E+03,4.397910E-01,1.338793E-01,2.146980E-01,-6.980496E-01,-1.575840E-01,-2.611017E-01
2.636000E+03,4.097695E-01,1.477474E-01,1.954831E-01,-5.363877E-01,-1.700936E-01,-2.497733E-01
2.636500E+03,3.738452E-01,1.585695E-01,1.730891E-01,-3.686064E-01,-1.802595E-01,-2.363033E-01
2.637000E+03,3.323733E-01,1.661595E-01,1.477751E-01,-1.966798E-01,-1.879517E-01,-2.209472E-01
2.637500E+03,2.857940E-01,1.703905E-01,1.198454E-01,-2.263341E-02,-1.930821E-01,-2.039884E-01
2.638000E+03,2.346265E-01,1.711963E-01,8.964426E-02,1.514859E-01,-1.956060E-01,-1.857330E-01
2.638500E+03,1.794604E-01,1.685709E-01,5.755033E-02,3.236397E-01,-1.955216E-01,-1.665037E-01
2.639000E+03,1.209472E-01,1.625681E-01,2.397084E-02,4.918287E-01,-1.928698E-01,-1.466328E-01
2.639500E+03,5.978944E-02,1.532986E-01,-1.066492E-02,6.541215E-01,-1.877319E-01,-1.264565E-01
2.640000E+03,-3.269173E-03,1.409274E-01,-4.591224E-02,8.086829E-01,-1.802277E-01,-1.063078E-01
2.640500E+03,-6.745584E-02,1.256692E-01,-8.131765E-02,9.537999E-01,-1.705121E-01,-8.651037E-02
2.641000E+03,-1.319801E-01,1.077833E-01,-1.164257E-01,1.087906E+00,-1.587718E-01,-6.737283E-02
2.641500E+03,-1.960458E-01,8.756850E-02,-1.507855E-01,1.209602E+00,-1.452204E-01,-4.918264E-02
2.642000E+03,-2.588628E-01,6.535605E-02,-1.839573E-01,1.317675E+00,-1.300946E-01,-3.220122E-02
2.642500E+03,-3.196585E-01,4.150346E-02,-2.155180E-01,1.411112E+00,-1.136482E-01,-1.665942E-02
2.643000E+03,-3.776887E-01,1.638725E-02,-2.450676E-01,1.489113E+00,-9.614764E-02,-2.753676E-03
2.643500E+03,-4.322485E-01,-9.604042E-03,-2.722335E-01,1.551097E+00,-7.786639E-02,9.357000E-03
2.644000E+03,-4.826812E-01,-3.607703E-02,-2.966756E-01,1.596706E+00,-5.907953E-02,1.955319E-02
2.644500E+03,-5.283869E-01,-6.264036E-02,-3.180900E-01,1.625805E+00,-4.005869E-02,2.775638E-02
2.645000E+03,-5.688305E-01,-8.891136E-02,-3.362125E-01,1.638477E+00,-2.106710E-02,3.392940E-02
2.645500E+03,-6.035475E-01,-1.145222E-01,-3.508207E-01,1.635019E+00,-2.354975E-03,3.807593E-02
2.646000E+03,-6.321489E-01,-1.391256E-01,-3.617364E-01,1.615924E+00,1.584465E-02,4.023911E-02
2.646500E+03,-6.543253E-01,-1.623999E-01,-3.688265E-01,1.581873E+00,3.331951E-02,4.049939E-02
2.647000E+03,-6.698485E-01,-1.840529E-01,-3.720039E-01,1.533717E+00,4.988117E-02,3.897151E-02
2.647500E+03,-6.785735E-01,-2.038261E-01,-3.712267E-01,1.472452E+00,6.536737E-02,3.580084E-02
2.648000E+03,-6.804372E-01,-2.214970E-01,-3.664981E-01,1.399206E+00,7.964376E-02,3.115905E-02
2.648500E+03,-6.754574E-01,-2.368808E-01,-3.578647E-01,1.315208E+00,9.260480E-02,2.523931E-02
2.649000E+03,-6.637301E-01,-2.498319E-01,-3.454149E-01,1.221771E+00,1.041741E-01,1.825105E-02
2.649500E+03,-6.454253E-01,-2.602437E-01,-3.292765E-01,1.120260E+00,1.143039E-01,1.041450E-02
2.650000E+03,-6.207831E-01,-2.680482E-01,-3.096140E-01,1.012076E+00,1.229740E-01,1.955048E-03
2.650500E+03,-5.901072E-01,-2.732150E-01,-2.866261E-01,8.986251E-01,1.301899E-01,-6.902378E-03
2.651000E+03,-5.537597E-01,-2.757487E-01,-2.605417E-01,7.812987E-01,1.359807E-01,-1.593884E-02
2.651500E+03,-5.121537E-01,-2.756871E-01,-2.316176E-01,6.614523E-01,1.403960E-01,-2.494660E-02
2.652000E+03,-4.657470E-01,-2.730979E-01,-2.001341E-01,5.403851E-01,1.435027E-01,-3.373399E-02
2.652500E+03,-4.150342E-01,-2.680752E-01,-1.663921E-01,4.193233E-01,1.453819E-01,-4.212975E-02
2.653000E+03,-3.605397E-01,-2.607363E-01,-1.307094E-01,2.994047E-01,1.461246E-01,-4.998677E-02
2.653500E+03,-3.028110E-01,-2.512174E-01,-9.341761E-02,1.816673E-01,1.458279E-01,-5.718510E-02
2.654000E+03,-2.424109E-01,-2.396705E-01,-5.485850E-02,6.703967E-02,1.445917E-01,-6.363423E-02
2.654500E+03,-1.799118E-01,-2.262586E-01,-1.538125E-02,-4.366461E-02,1.425144E-01,-6.927450E-02
2.655000E+03,-1.158887E-01,-2.111532E-01,2.466061E-02,-1.497505E-01,1.396895E-01,-7.407767E-02
2.655500E+03,-5.091459E-02,-1.945300E-01,6.491186E-02,-2.506414E-01,1.362027E-01,-7.804655E-02
2.656000E+03,1.444552E-02,-1.765665E-01,1.050181E-01,-3.458765E-01,1.321289E-01,-8.121389E-02
2.656500E+03,7.963834E-02,-1.574389E-01,1.446280E-01,-4.351052E-01,1.275300E-01,-8.364024E-02
2.657000E+03,1.441262E-01,-1.373200E-01,1.833953E-01,-5.180800E-01,1.224529E-01,-8.541121E-02
2.657500E+03,2.073900E-01,-1.163777E-01,2.209810E-01,-5.946458E-01,1.169290E-01,-8.663385E-02
2.658000E+03,2.689318E-01,-9.477320E-02,2.570546E-01,-6.647292E-01,1.109730E-01,-8.743251E-02
2.658500E+03,3.282761E-01,-7.266093E-02,2.912962E-01,-7.283252E-01,1.045837E-01,-8.794416E-02
2.659000E+03,3.849718E-01,-5.018776E-02,3.233974E-01,-7.854836E-01,9.774435E-02,-8.831324E-02
2.659500E+03,4.385920E-01,-2.749350E-02,3.530631E-01,-8.362948E-01,9.042452E-02,-8.868637E-02
2.660000E+03,4.887351E-01,-4.711449E-03,3.800129E-01,-8.808755E-01,8.258186E-02,-8.920682E-02
2.660500E+03,5.350243E-01,1.803055E-02,4.039820E-01,-9.193549E-01,7.416492E-02,-9.000910E-02
2.661000E+03,5.771076E-01,4.060881E-02,4.247229E-01,-9.518618E-01,6.511615E-02,-9.121367E-02
2.661500E+03,6.146574E-01,6.290223E-02,4.420068E-01,-9.785126E-01,5.537545E-02,-9.292200E-02
2.662000E+03,6.473702E-01,8.479063E-02,4.556250E-01,-9.994009E-01,4.488394E-02,-9.521210E-02
2.662500E+03,6.749663E-01,1.061530E-01,4.653903E-01,-1.014590E+00,3.358792E-02,-9.813462E-02
2.663000E+03,6.971899E-01,1.268656E-01,4.711390E-01,-1.024104E+00,2.144295E-02,-1.017097E-01
2.663500E+03,7.138090E-01,1.468010E-01,4.727325E-01,-1.027929E+00,8.417854E-03,-1.059246E-01
2.664000E+03,7.246163E-01,1.658257E-01,4.700594E-01,-1.026005E+00,-5.501448E-03,-1.107322E-01
2.664500E+03,7.294298E-01,1.838000E-01,4.630370E-01,-1.018233E+00,-2.030836E-02,-1.160508E-01
2.665000E+03,7.280947E-01,2.005769E-01,4.516138E-01,-1.004471E+00,-3.597245E-02,-1.217643E-01
2.665500E+03,7.204845E-01,2.160017E-01,4.357713E-01,-9.845491E-01,-5.243678E-02,-1.277237E-01
2.666000E+03,7.065041E-01,2.299128E-01,4.155260E-01,-9.582695E-01,-6.961588E-02,-1.337502E-01
2.666500E+03,6.860917E-01,2.421419E-01,3.909317E-01,-9.254204E-01,-8.739435E-02,-1.396379E-01
2.667000E+03,6.592226E-01,2.525154E-01,3.620810E-01,-8.857869E-01,-1.056263E-01,-1.451588E-01
2.667500E+03,6.259122E-01,2.608568E-01,3.291070E-01,-8.391639E-01,-1.241353E-01,-1.500680E-01
2.668000E+03,5.862199E-01,2.669886E-01,2.921850E-01,-7.853711E-01,-1.427160E-01,-1.541092E-01
2.668500E+03,5.402528E-01,2.707354E-01,2.515336E-01,-7.242671E-01,-1.611354E-01,-1.570216E-01
2.669000E+03,4.881694E-01,2.719278E-01,2.074149E-01,-6.557651E-01,-1.791358E-01,-1.585466E-01
2.669500E+03,4.301836E-01,2.704054E-01,1.601356E-01,-5.798477E-01,-1.964387E-01,-1.584353E-01
2.670000E+03,3.665679E-01,2.660220E-01,1.100460E-01,-4.965814E-01,-2.127486E-01,-1.564552E-01
2.670500E+03,2.976568E-01,2.586493E-01,5.753986E-02,-4.061296E-01,-2.277584E-01,-1.523980E-01
2.671000E+03,2.238490E-01,2.481819E-01,3.052518E-03,-3.087644E-01,-2.411550E-01,-1.460860E-01
2.671500E+03,1.456094E-01,2.345418E-01,-5.294103E-02,-2.048767E-01,-2.526254E-01,-1.373790E-01
2.672000E+03,6.347031E-02,2.176831E-01,-1.099289E-01,-9.498362E-02,-2.618632E-01,-1.261797E-01
2.672500E+03,-2.196881E-02,1.975962E-01,-1.673661E-01,2.026626E-02,-2.685753E-01,-1.124390E-01
2.673000E+03,-1.100421E-01,1.743120E-01,-2.246784E-01,1.400907E-01,-2.724892E-01,-9.615992E-02
2.673500E+03,-2.000196E-01,1.479052E-01,-2.812675E-01,2.635747E-01,-2.733593E-01,-7.740085E-02
2.674000E+03,-2.911107E-01,1.184977E-01,-3.365169E-01,3.896735E-01,-2.709738E-01,-5.627715E-02
2.674500E+03,-3.824687E-01,8.626043E-02,-3.897981E-01,5.172207E-01,-2.651611E-01,-3.296182E-02
2.675000E+03,-4.731973E-01,5.141512E-02,-4.404775E-01,6.449373E-01,-2.557953E-01,-7.684847E-03
2.675500E+03,-5.623577E-01,1.423486E-02,-4.879239E-01,7.714452E-01,-2.428013E-01,1.926894E-02
2.676000E+03,-6.489774E-01,-2.495625E-02,-5.315167E-01,8.952835E-01,-2.261595E-01,4.756321E-02
2.676500E+03,-7.320606E-01,-6.578446E-02,-5.706540E-01,1.014927E+00,-2.059085E-01,7.681480E-02
2.677000E+03,-8.105988E-01,-1.078288E-01,-6.047612E-01,1.128806E+00,-1.821482E-01,1.065997E-01
2.677500E+03,-8.835836E-01,-1.506246E-01,-6.332998E-01,1.235331E+00,-1.550407E-01,1.364598E-01
2.678000E+03,-9.500195E-01,-1.936678E-01,-6.557756E-01,1.332918E+00,-1.248104E-01,1.659113E-01
2.678500E+03,-1.008938E+00,-2.364208E-01,-6.717478E-01,1.420010E+00,-9.174307E-02,1.944534E-01
2.679000E+03,-1.059411E+00,-2.783188E-01,-6.808368E-01,1.495109E+00,-5.618332E-02,2.215776E-01
2.679500E+03,-1.100568E+00,-3.187773E-01,-6.827318E-01,1.556797E+00,-1.853121E-02,2.467781E-01
2.680000E+03,-1.131607E+00,-3.572002E-01,-6.771980E-01,1.603768E+00,2.076253E-02,2.695618E-01
2.680500E+03,-1.151814E+00,-3.929889E-01,-6.640832E-01,1.634848E+00,6.120234E-02,2.894586E-01
2.681000E+03,-1.160570E+00,-4.255515E-01,-6.433225E-01,1.649021E+00,1.022547E-01,3.060320E-01
2.681500E+03,-1.157371E+00,-4.543126E-01,-6.149434E-01,1.645452E+00,1.433561E-01,3.188882E-01
2.682000E+03,-1.141838E+00,-4.787234E-01,-5.790685E-01,1.623507E+00,1.839212E-01,3.276858E-01
2.682500E+03,-1.113726E+00,-4.982720E-01,-5.359176E-01,1.582767E+00,2.233529E-01,3.321438E-01
2.683000E+03,-1.072937E+00,-5.124926E-01,-4.858085E-01,1.523045E+00,2.610511E-01,3.320490E-01
2.683500E+03,-1.019522E+00,-5.209757E-01,-4.291559E-01,1.444395E+00,2.964239E-01,3.272622E-01
2.684000E+03,-9.536931E-01,-5.233768E-01,-3.664692E-01,1.347118E+00,3.288967E-01,3.177226E-01
2.684500E+03,-8.758246E-01,-5.194247E-01,-2.983489E-01,1.231767E+00,3.579233E-01,3.034517E-01
2.685000E+03,-7.864526E-01,-5.089288E-01,-2.254811E-01,1.099144E+00,3.829953E-01,2.845544E-01
2.685500E+03,-6.862753E-01,-4.917856E-01,-1.486310E-01,9.502972E-01,4.036515E-01,2.612194E-01
2.686000E+03,-5.761496E-01,-4.679837E-01,-6.863502E-02,7.865089E-01,4.194871E-01,2.337176E-01
2.686500E+03,-4.570842E-01,-4.376073E-01,1.360900E-02,6.092849E-01,4.301614E-01,2.023988E-01
2.687000E+03,-3.302312E-01,-4.008388E-01,9.715204E-02,4.203369E-01,4.354051E-01,1.676868E-01
2.687500E+03,-1.968750E-01,-3.579591E-01,1.810057E-01,2.215627E-01,4.350261E-01,1.300733E-01
2.688000E+03,-5.841876E-02,-3.093469E-01,2.641546E-01,1.502334E-02,4.289141E-01,9.010956E-02
2.688500E+03,8.363140E-02,-2.554761E-01,3.455699E-01,-1.970835E-01,4.170442E-01,4.839784E-02
2.689000E+03,2.276840E-01,-1.969116E-01,4.242233E-01,-4.124511E-01,3.994789E-01,5.580894E-03
2.689500E+03,3.720817E-01,-1.343030E-01,4.991005E-01,-6.286942E-01,3.763682E-01,-3.766909E-02
2.690000E+03,5.151227E-01,-6.837769E-02,5.692168E-01,-8.433806E-01,3.479487E-01,-8.066236E-02
2.690500E+03,6.550824E-01,6.854074E-05,6.336301E-01,-1.054063E+00,3.145415E-01,-1.227039E-01
2.691000E+03,7.902371E-01,7.018159E-02,6.914558E-01,-1.258314E+00,2.765474E-01,-1.631060E-01
2.691500E+03,9.188876E-01,1.410607E-01,7.418798E-01,-1.453754E+00,2.344423E-01,-2.012007E-01
2.692000E+03,1.039383E+00,2.117711E-01,7.841713E-01,-1.638090E+00,1.887698E-01,-2.363523E-01
2.692500E+03,1.150145E+00,2.813575E-01,8.176943E-01,-1.809139E+00,1.401339E-01,-2.679689E-01
2.693000E+03,1.249691E+00,3.488581E-01,8.419184E-01,-1.964864E+00,8.918932E-02,-2.955136E-01
2.693500E+03,1.336654E+00,4.133193E-01,8.564276E-01,-2.103397E+00,3.663193E-02,-3.185142E-01
2.694000E+03,1.409808E+00,4.738105E-01,8.609281E-01,-2.223063E+00,-1.681200E-02,-3.365727E-01
2.694500E+03,1.468085E+00,5.294386E-01,8.552542E-01,-2.322406E+00,-7.039718E-02,-3.493721E-01
2.695000E+03,1.510591E+00,5.793626E-01,8.393721E-01,-2.400203E+00,-1.233709E-01,-3.566831E-01
2.695500E+03,1.536622E+00,6.228075E-01,8.133828E-01,-2.455482E+00,-1.749849E-01,-3.583681E-01
2.696000E+03,1.545679E+00,6.590770E-01,7.775214E-01,-2.487533E+00,-2.245071E-01,-3.543842E-01
2.696500E+03,1.537473E+00,6.875657E-01,7.321561E-01,-2.495915E+00,-2.712332E-01,-3.447840E-01
2.697000E+03,1.511937E+00,7.077700E-01,6.777841E-01,-2.480461E+00,-3.144981E-01,-3.297147E-01
2.697500E+03,1.469222E+00,7.192971E-01,6.150261E-01,-2.441279E+00,-3.536856E-01,-3.094158E-01
2.698000E+03,1.409709E+00,7.218729E-01,5.446186E-01,-2.378746E+00,-3.882390E-01,-2.842147E-01
2.698500E+03,1.333992E+00,7.153475E-01,4.674045E-01,-2.293506E+00,-4.176692E-01,-2.545207E-01
2.699000E+03,1.242885E+00,6.996998E-01,3.843222E-01,-2.186454E+00,-4.415626E-01,-2.208180E-01
2.699500E+03,1.137404E+00,6.750389E-01,2.963932E-01,-2.058725E+00,-4.595872E-01,-1.836565E-01
2.700000E+03,1.018758E+00,6.416043E-01,2.047078E-01,-1.911679E+00,-4.714977E-01,-1.436423E-01
2.700500E+03,8.883323E-01,5.997637E-01,1.104108E-01,-1.746878E+00,-4.771390E-01,-1.014268E-01
2.701000E+03,7.476737E-01,5.500088E-01,1.468534E-02,-1.566070E+00,-4.764484E-01,-5.769495E-02
2.701500E+03,5.984669E-01,4.929493E-01,-8.126374E-02,-1.371158E+00,-4.694559E-01,-1.315309E-02
2.702000E+03,4.425134E-01,4.293042E-01,-1.762263E-01,-1.164182E+00,-4.562835E-01,3.148326E-02
2.702500E+03,2.817072E-01,3.598928E-01,-2.690042E-01,-9.472887E-01,-4.371426E-01,7.550204E-02
2.703000E+03,1.180092E-01,2.856221E-01,-3.584280E-01,-7.227069E-01,-4.123304E-01,1.182069E-01
2.703500E+03,-4.657920E-02,2.074746E-01,-4.433733E-01,-4.927174E-01,-3.822243E-01,1.589290E-01
2.704000E+03,-2.100438E-01,1.264933E-01,-5.227767E-01,-2.596272E-01,-3.472759E-01,1.970385E-01
2.704500E+03,-3.703848E-01,4.376711E-02,-5.956503E-01,-2.574193E-02,-3.080032E-01,2.319547E-01
2.705000E+03,-5.256442E-01,-3.958608E-02,-6.610961E-01,2.066607E-01,-2.649822E-01,2.631555E-01
2.705500E+03,-6.739321E-01,-1.224356E-01,-7.183175E-01,4.353565E-01,-2.188373E-01,2.901857E-01
2.706000E+03,-8.134530E-01,-2.036549E-01,-7.666308E-01,6.581986E-01,-1.702317E-01,3.126636E-01
2.706500E+03,-9.425292E-01,-2.821388E-01,-8.054742E-01,8.731408E-01,-1.198564E-01,3.302867E-01
2.707000E+03,-1.059624E+00,-3.568198E-01,-8.344148E-01,1.078257E+00,-6.841996E-02,3.428357E-01
2.707500E+03,-1.163362E+00,-4.266841E-01,-8.531543E-01,1.271763E+00,-1.663720E-02,3.501765E-01
2.708000E+03,-1.252546E+00,-4.907872E-01,-8.615323E-01,1.452028E+00,3.478150E-02,3.522614E-01
2.708500E+03,-1.326175E+00,-5.482674E-01,-8.595271E-01,1.617594E+00,8.514074E-02,3.491282E-01
2.709000E+03,-1.383453E+00,-5.983592E-01,-8.472558E-01,1.767185E+00,1.337704E-01,3.408980E-01
2.709500E+03,-1.423802E+00,-6.404045E-01,-8.249707E-01,1.899716E+00,1.800349E-01,3.277712E-01
2.710000E+03,-1.446866E+00,-6.738618E-01,-7.930548E-01,2.014303E+00,2.233426E-01,3.100234E-01
2.710500E+03,-1.452514E+00,-6.983145E-01,-7.520151E-01,2.110264E+00,2.631533E-01,2.879980E-01
2.711000E+03,-1.440843E+00,-7.134763E-01,-7.024742E-01,2.187120E+00,2.989856E-01,2.621000E-01
2.711500E+03,-1.412172E+00,-7.191952E-01,-6.451601E-01,2.244600E+00,3.304225E-01,2.327872E-01
2.712000E+03,-1.367034E+00,-7.154551E-01,-5.808950E-01,2.282634E+00,3.571167E-01,2.005616E-01
2.712500E+03,-1.306172E+00,-7.023750E-01,-5.105819E-01,2.301347E+00,3.787940E-01,1.659601E-01
2.713000E+03,-1.230522E+00,-6.802069E-01,-4.351916E-01,2.301058E+00,3.952557E-01,1.295444E-01
2.713500E+03,-1.141199E+00,-6.493308E-01,-3.557476E-01,2.282262E+00,4.063800E-01,9.189156E-02
2.714000E+03,-1.039482E+00,-6.102481E-01,-2.733111E-01,2.245627E+00,4.121217E-01,5.358377E-02
2.714500E+03,-9.267940E-01,-5.635735E-01,-1.889657E-01,2.191981E+00,4.125112E-01,1.519901E-02
2.715000E+03,-8.046792E-01,-5.100244E-01,-1.038012E-01,2.122291E+00,4.076525E-01,-2.269833E-02
2.715500E+03,-6.747831E-01,-4.504096E-01,-1.889922E-02,2.037659E+00,3.977190E-01,-5.956612E-02
2.716000E+03,-5.388279E-01,-3.856162E-01,6.468279E-02,1.939298E+00,3.829500E-01,-9.489243E-02
2.716500E+03,-3.985886E-01,-3.165956E-01,1.459253E-01,1.828516E+00,3.636453E-01,-1.282028E-01
2.717000E+03,-2.558687E-01,-2.443486E-01,2.238603E-01,1.706704E+00,3.401589E-01,-1.590662E-01
2.717500E+03,-1.124757E-01,-1.699099E-01,2.975842E-01,1.575314E+00,3.128927E-01,-1.871009E-01
2.718000E+03,2.980298E-02,-9.433246E-02,3.662687E-01,1.435841E+00,2.822893E-01,-2.119781E-01
2.718500E+03,1.692235E-01,-1.867106E-02,4.291706E-01,1.289806E+00,2.488247E-01,-2.334253E-01
2.719000E+03,3.041074E-01,5.603293E-02,4.856409E-01,1.138741E+00,2.130003E-01,-2.512282E-01
2.719500E+03,4.328631E-01,1.287672E-01,5.351311E-01,9.841660E-01,1.753350E-01,-2.652319E-01
2.720000E+03,5.540050E-01,1.985630E-01,5.771985E-01,8.275777E-01,1.363579E-01,-2.753407E-01
2.720500E+03,6.661712E-01,2.645092E-01,6.115100E-01,6.704303E-01,9.659995E-02,-2.815166E-01
2.721000E+03,7.681385E-01,3.257647E-01,6.378435E-01,5.141218E-01,5.658688E-02,-2.837781E-01
2.721500E+03,8.588361E-01,3.815702E-01,6.560884E-01,3.599797E-01,1.683202E-02,-2.821965E-01
2.722000E+03,9.373563E-01,4.312579E-01,6.662438E-01,2.092481E-01,-2.217039E-02,-2.768929E-01
2.722500E+03,1.002963E+00,4.742602E-01,6.684154E-01,6.307653E-02,-5.995124E-02,-2.680336E-01
2.723000E+03,1.055097E+00,5.101161E-01,6.628112E-01,-7.748997E-02,-9.607211E-02,-2.558255E-01
2.723500E+03,1.093380E+00,5.384765E-01,6.497349E-01,-2.115194E-01,-1.301301E-01,-2.405110E-01
2.724000E+03,1.117616E+00,5.591073E-01,6.295791E-01,-3.381993E-01,-1.617619E-01,-2.223627E-01
2.724500E+03,1.127788E+00,5.718906E-01,6.028167E-01,-4.568418E-01,-1.906474E-01,-2.016775E-01
2.725000E+03,1.124054E+00,5.768241E-01,5.699918E-01,-5.668866E-01,-2.165121E-01,-1.787712E-01
2.725500E+03,1.106744E+00,5.740194E-01,5.317095E-01,-6.679025E-01,-2.391291E-01,-1.539732E-01
2.726000E+03,1.076347E+00,5.636974E-01,4.886252E-01,-7.595868E-01,-2.583205E-01,-1.276207E-01
2.726500E+03,1.033504E+00,5.461829E-01,4.414337E-01,-8.417632E-01,-2.739574E-01,-1.000541E-01
2.727000E+03,9.789932E-01,5.218979E-01,3.908578E-01,-9.143773E-01,-2.859601E-01,-7.161189E-02
2.727500E+03,9.137207E-01,4.913526E-01,3.376371E-01,-9.774915E-01,-2.942970E-01,-4.262638E-02
2.728000E+03,8.387014E-01,4.551361E-01,2.825168E-01,-1.031277E+00,-2.989830E-01,-1.341998E-02
2.728500E+03,7.550452E-01,4.139058E-01,2.262371E-01,-1.076006E+00,-3.000778E-01,1.569839E-02
2.729000E+03,6.639399E-01,3.683756E-01,1.695226E-01,-1.112041E+00,-2.976830E-01,4.443609E-02
2.729500E+03,5.666342E-01,3.193044E-01,1.130726E-01,-1.139822E+00,-2.919395E-01,7.251920E-02
2.730000E+03,4.644204E-01,2.674831E-01,5.755257E-02,-1.159857E+00,-2.830239E-01,9.969438E-02
2.730500E+03,3.586163E-01,2.137221E-01,3.585572E-03,-1.172707E+00,-2.711451E-01,1.257303E-01
2.731000E+03,2.505486E-01,1.588382E-01,-4.825451E-02,-1.178973E+00,-2.565404E-01,1.504184E-01
2.731500E+03,1.415354E-01,1.036427E-01,-9.744912E-02,-1.179283E+00,-2.394715E-01,1.735737E-01
2.732000E+03,3.287062E-02,4.892886E-02,-1.435399E-01,-1.174277E+00,-2.202203E-01,1.950348E-01
2.732500E+03,-7.419201E-02,-4.539933E-03,-1.861326E-01,-1.164590E+00,-1.990848E-01,2.146635E-01
2.733000E+03,-1.784529E-01,-5.604060E-02,-2.248994E-01,-1.150847E+00,-1.763751E-01,2.323447E-01
2.733500E+03,-2.787802E-01,-1.049006E-01,-2.595809E-01,-1.133641E+00,-1.524089E-01,2.479854E-01
2.734000E+03,-3.741214E-01,-1.505067E-01,-2.899859E-01,-1.113529E+00,-1.275080E-01,2.615144E-01
2.734500E+03,-4.635138E-01,-1.923131E-01,-3.159911E-01,-1.091014E+00,-1.019939E-01,2.728806E-01
2.735000E+03,-5.460941E-01,-2.298475E-01,-3.375389E-01,-1.066544E+00,-7.618433E-02,2.820526E-01
2.735500E+03,-6.211050E-01,-2.627170E-01,-3.546350E-01,-1.040497E+00,-5.038957E-02,2.890176E-01
2.736000E+03,-6.879018E-01,-2.906112E-01,-3.673445E-01,-1.013179E+00,-2.490935E-02,2.937804E-01
2.736500E+03,-7.459560E-01,-3.133055E-01,-3.757875E-01,-9.848208E-01,-2.957019E-05,2.963622E-01
2.737000E+03,-7.948584E-01,-3.306615E-01,-3.801342E-01,-9.555731E-01,2.398044E-02,2.968003E-01
2.737500E+03,-8.343195E-01,-3.426270E-01,-3.805990E-01,-9.255080E-01,4.687050E-02,2.951467E-01
2.738000E+03,-8.641694E-01,-3.492343E-01,-3.774346E-01,-8.946209E-01,6.841184E-02,2.914679E-01
2.738500E+03,-8.843555E-01,-3.505971E-01,-3.709254E-01,-8.628345E-01,8.839909E-02,2.858440E-01
2.739000E+03,-8.949389E-01,-3.469064E-01,-3.613808E-01,-8.300046E-01,1.066519E-01,2.783684E-01
2.739500E+03,-8.960899E-01,-3.384252E-01,-3.491288E-01,-7.959279E-01,1.230166E-01,2.691469E-01
2.740000E+03,-8.880817E-01,-3.254819E-01,-3.345092E-01,-7.603516E-01,1.373668E-01,2.582977E-01
2.740500E+03,-8.712833E-01,-3.084633E-01,-3.178669E-01,-7.229839E-01,1.496044E-01,2.459505E-01
2.741000E+03,-8.461514E-01,-2.878064E-01,-2.995459E-01,-6.835064E-01,1.596604E-01,2.322464E-01
2.741500E+03,-8.132218E-01,-2.639898E-01,-2.798836E-01,-6.415872E-01,1.674944E-01,2.173367E-01
2.742000E+03,-7.730995E-01,-2.375246E-01,-2.592048E-01,-5.968946E-01,1.730947E-01,2.013827E-01
2.742500E+03,-7.264487E-01,-2.089450E-01,-2.378174E-01,-5.491113E-01,1.764780E-01,1.845547E-01
2.743000E+03,-6.739823E-01,-1.787984E-01,-2.160078E-01,-4.979483E-01,1.776885E-01,1.670308E-01
2.743500E+03,-6.164515E-01,-1.476363E-01,-1.940376E-01,-4.431589E-01,1.767965E-01,1.489958E-01
2.744000E+03,-5.546346E-01,-1.160045E-01,-1.721402E-01,-3.845520E-01,1.738974E-01,1.306398E-01
2.744500E+03,-4.893266E-01,-8.443409E-02,-1.505189E-01,-3.220043E-01,1.691099E-01,1.121566E-01
2.745000E+03,-4.213284E-01,-5.343269E-02,-1.293454E-01,-2.554707E-01,1.625738E-01,9.374158E-02
2.745500E+03,-3.514373E-01,-2.347657E-02,-1.087591E-01,-1.849943E-01,1.544482E-01,7.558991E-02
2.746000E+03,-2.804367E-01,4.996871E-03,-8.886688E-02,-1.107131E-01,1.449085E-01,5.789412E-02
2.746500E+03,-2.090871E-01,3.159561E-02,-6.974409E-02,-3.286587E-02,1.341443E-01,4.084179E-02
2.747000E+03,-1.381181E-01,5.597859E-02,-5.143568E-02,4.820528E-02,1.223561E-01,2.461291E-02
2.747500E+03,-6.822042E-02,7.786036E-02,-3.395826E-02,1.320541E-01,1.097521E-01,9.377348E-03
2.748000E+03,-3.938617E-05,9.701459E-02,-1.730260E-02,2.181323E-01,9.654577E-02,-4.707851E-03
2.748500E+03,6.583110E-02,1.132765E-01,-1.436652E-03,3.057939E-01,8.295173E-02,-1.750104E-02
2.749000E+03,1.288533E-01,1.265442E-01,1.369103E-02,3.943025E-01,6.918306E-02,-2.887850E-02
2.749500E+03,1.885494E-01,1.367787E-01,2.814752E-02,4.828406E-01,5.544777E-02,-3.873675E-02
2.750000E+03,2.445045E-01,1.440029E-01,4.201157E-02,5.705214E-01,4.194564E-02,-4.699469E-02
2.750500E+03,2.963682E-01,1.482998E-01,5.536936E-02,6.564028E-01,2.886511E-02,-5.359537E-02
2.751000E+03,3.438555E-01,1.498086E-01,6.831035E-02,7.395028E-01,1.638035E-02,-5.850748E-02
2.751500E+03,3.867463E-01,1.487214E-01,8.092306E-02,8.188170E-01,4.648532E-03,-6.172632E-02
2.752000E+03,4.248844E-01,1.452774E-01,9.329097E-02,8.933367E-01,-6.192596E-03,-6.327441E-02
2.752500E+03,4.581753E-01,1.397571E-01,1.054886E-01,9.620684E-01,-1.602684E-02,-6.320147E-02
2.753000E+03,4.865834E-01,1.324759E-01,1.175781E-01,1.024053E+00,-2.476130E-02,-6.158400E-02
2.753500E+03,5.101279E-01,1.237768E-01,1.296058E-01,1.078386E+00,-3.232772E-02,-5.852411E-02
2.754000E+03,5.288789E-01,1.140225E-01,1.415994E-01,1.124236E+00,-3.868332E-02,-5.414802E-02
2.754500E+03,5.429519E-01,1.035878E-01,1.535659E-01,1.160861E+00,-4.381129E-02,-4.860378E-02
2.755000E+03,5.525032E-01,9.285088E-02,1.654897E-01,1.187630E+00,-4.772063E-02,-4.205861E-02
2.755500E+03,5.577232E-01,8.218586E-02,1.773312E-01,1.204033E+00,-5.044557E-02,-3.469571E-02
2.756000E+03,5.588312E-01,7.195427E-02,1.890267E-01,1.209696E+00,-5.204449E-02,-2.671064E-02
2.756500E+03,5.560692E-01,6.249750E-02,2.004883E-01,1.204391E+00,-5.259831E-02,-1.830729E-02
2.757000E+03,5.496955E-01,5.412955E-02,2.116043E-01,1.188044E+00,-5.220837E-02,-9.693622E-03
2.757500E+03,5.399791E-01,4.713029E-02,2.222412E-01,1.160741E+00,-5.099400E-02,-1.077216E-03
2.758000E+03,5.271941E-01,4.173945E-02,2.322450E-01,1.122726E+00,-4.908948E-02,7.339328E-03
2.758500E+03,5.116141E-01,3.815149E-02,2.414444E-01,1.074402E+00,-4.664088E-02,1.536294E-02
2.759000E+03,4.935075E-01,3.651133E-02,2.496534E-01,1.016326E+00,-4.380242E-02,2.281450E-02
2.759500E+03,4.731334E-01,3.691112E-02,2.566753E-01,9.492000E-01,-4.073275E-02,2.953310E-02
2.760000E+03,4.507376E-01,3.938803E-02,2.623066E-01,8.738615E-01,-3.759104E-02,3.537982E-02
2.760500E+03,4.265497E-01,4.392330E-02,2.663413E-01,7.912675E-01,-3.453299E-02,4.024125E-02
2.761000E+03,4.007808E-01,5.044228E-02,2.685758E-01,7.024789E-01,-3.170694E-02,4.403232E-02
2.761500E+03,3.736220E-01,5.881576E-02,2.688136E-01,6.086422E-01,-2.925008E-02,4.669853E-02
2.762000E+03,3.452436E-01,6.886233E-02,2.668701E-01,5.109680E-01,-2.728485E-02,4.821759E-02
2.762500E+03,3.157949E-01,8.035198E-02,2.625780E-01,4.107095E-01,-2.591569E-02,4.860015E-02
2.763000E+03,2.854054E-01,9.301057E-02,2.557917E-01,3.091393E-01,-2.522611E-02,4.788980E-02
2.763500E+03,2.541858E-01,1.065254E-01,2.463920E-01,2.075258E-01,-2.527628E-02,4.616231E-02
2.764000E+03,2.222303E-01,1.205517E-01,2.342906E-01,1.071098E-01,-2.610116E-02,4.352395E-02
2.764500E+03,1.896189E-01,1.347195E-01,2.194338E-01,9.081873E-03,-2.770910E-02,4.010904E-02
2.765000E+03,1.564212E-01,1.486415E-01,2.018060E-01,-8.543979E-02,-3.008121E-02,3.607679E-02
2.765500E+03,1.226994E-01,1.619215E-01,1.814325E-01,-1.754292E-01,-3.317132E-02,3.160735E-02
2.766000E+03,8.851231E-02,1.741624E-01,1.583817E-01,-2.599708E-01,-3.690659E-02,2.689736E-02
2.766500E+03,5.391943E-02,1.849753E-01,1.327665E-01,-3.382754E-01,-4.118884E-02,2.215481E-02
2.767000E+03,1.898486E-02,1.939878E-01,1.047450E-01,-4.096925E-01,-4.589651E-02,1.759369E-02
2.767500E+03,-1.621860E-02,2.008524E-01,7.452058E-02,-4.737206E-01,-5.088728E-02,1.342817E-02
2.768000E+03,-5.160569E-02,2.052548E-01,4.234055E-02,-5.300133E-01,-5.600122E-02,9.866753E-03
2.768500E+03,-8.707519E-02,2.069207E-01,8.494705E-03,-5.783822E-01,-6.106446E-02,7.106404E-03
2.769000E+03,-1.225069E-01,2.056234E-01,-2.668747E-02,-6.187963E-01,-6.589338E-02,5.326784E-03
2.769500E+03,-1.577590E-01,2.011889E-01,-6.284020E-02,-6.513780E-01,-7.029897E-02,4.684820E-03
2.770000E+03,-1.926665E-01,1.935014E-01,-9.956564E-02,-6.763951E-01,-7.409167E-02,5.309700E-03
2.770500E+03,-2.270396E-01,1.825069E-01,-1.364388E-01,-6.942501E-01,-7.708615E-02,7.298436E-03
2.771000E+03,-2.606635E-01,1.682157E-01,-1.730133E-01,-7.054664E-01,-7.910619E-02,1.071213E-02
2.771500E+03,-2.932988E-01,1.507040E-01,-2.088272E-01,-7.106714E-01,-7.998955E-02,1.557307E-02
2.772000E+03,-3.246831E-01,1.301142E-01,-2.434101E-01,-7.105779E-01,-7.959249E-02,2.186267E-02
2.772500E+03,-3.545323E-01,1.066532E-01,-2.762896E-01,-7.059633E-01,-7.779405E-02,2.952045E-02
2.773000E+03,-3.825444E-01,8.059034E-02,-3.069993E-01,-6.976476E-01,-7.449993E-02,3.844401E-02
2.773500E+03,-4.084030E-01,5.225337E-02,-3.350856E-01,-6.864707E-01,-6.964573E-02,4.849006E-02
2.774000E+03,-4.317815E-01,2.202360E-02,-3.601154E-01,-6.732692E-01,-6.319972E-02,5.947645E-02
2.774500E+03,-4.523489E-01,-9.670254E-03,-3.816833E-01,-6.588535E-01,-5.516476E-02,7.118532E-02
2.775000E+03,-4.697751E-01,-4.235919E-02,-3.994190E-01,-6.439864E-01,-4.557956E-02,8.336710E-02
2.775500E+03,-4.837376E-01,-7.554195E-02,-4.129935E-01,-6.293625E-01,-3.451911E-02,9.574551E-02
2.776000E+03,-4.939278E-01,-1.086938E-01,-4.221256E-01,-6.155892E-01,-2.209428E-02,1.080233E-01
2.776500E+03,-5.000578E-01,-1.412758E-01,-4.265873E-01,-6.031713E-01,-8.450574E-03,1.198885E-01
2.777000E+03,-5.018679E-01,-1.727446E-01,-4.262087E-01,-5.924970E-01,6.233906E-03,1.310216E-01
2.777500E+03,-4.991324E-01,-2.025624E-01,-4.208820E-01,-5.838277E-01,2.175134E-02,1.411026E-01
2.778000E+03,-4.916672E-01,-2.302068E-01,-4.105646E-01,-5.772916E-01,3.786774E-02,1.498189E-01
2.778500E+03,-4.793352E-01,-2.551809E-01,-3.952811E-01,-5.728796E-01,5.432723E-02,1.568721E-01
2.779000E+03,-4.620525E-01,-2.770224E-01,-3.751246E-01,-5.704459E-01,7.085686E-02,1.619862E-01
2.779500E+03,-4.397927E-01,-2.953125E-01,-3.502566E-01,-5.697122E-01,8.717193E-02,1.649140E-01
2.780000E+03,-4.125914E-01,-3.096844E-01,-3.209057E-01,-5.702745E-01,1.029816E-01,1.654440E-01
2.780500E+03,-3.805494E-01,-3.198302E-01,-2.873657E-01,-5.716146E-01,1.179949E-01,1.634059E-01
2.781000E+03,-3.438343E-01,-3.255074E-01,-2.499925E-01,-5.731139E-01,1.319267E-01,1.586761E-01
2.781500E+03,-3.026820E-01,-3.265437E-01,-2.091996E-01,-5.740700E-01,1.445037E-01,1.511813E-01
2.782000E+03,-2.573960E-01,-3.228411E-01,-1.654530E-01,-5.737161E-01,1.554700E-01,1.409017E-01
2.782500E+03,-2.083464E-01,-3.143784E-01,-1.192651E-01,-5.712423E-01,1.645933E-01,1.278731E-01
2.783000E+03,-1.559666E-01,-3.012119E-01,-7.118795E-02,-5.658178E-01,1.716693E-01,1.121872E-01
2.783500E+03,-1.007499E-01,-2.834756E-01,-2.180574E-02,-5.566147E-01,1.765264E-01,9.399114E-02
2.784000E+03,-4.324409E-02,-2.613793E-01,2.827354E-02,-5.428317E-01,1.790302E-01,7.348579E-02
2.784500E+03,1.595464E-02,-2.352051E-01,7.842643E-02,-5.237175E-01,1.790857E-01,5.092255E-02
2.785000E+03,7.620907E-02,-2.053038E-01,1.280229E-01,-4.985936E-01,1.766406E-01,2.659928E-02
2.785500E+03,1.368490E-01,-1.720886E-01,1.764352E-01,-4.668758E-01,1.716861E-01,8.549374E-04
2.786000E+03,1.971804E-01,-1.360287E-01,2.230473E-01,-4.280931E-01,1.642578E-01,-2.593659E-02
2.786500E+03,2.564947E-01,-9.764121E-02,2.672629E-01,-3.819050E-01,1.544356E-01,-5.337356E-02
2.787000E+03,3.140792E-01,-5.748302E-02,3.085148E-01,-3.281156E-01,1.423417E-01,-8.103415E-02
2.787500E+03,3.692271E-01,-1.614118E-02,3.462728E-01,-2.666846E-01,1.281392E-01,-1.084846E-01
2.788000E+03,4.212482E-01,2.577670E-02,3.800509E-01,-1.977347E-01,1.120290E-01,-1.352880E-01
2.788500E+03,4.694791E-01,6.765262E-02,4.094147E-01,-1.215557E-01,9.424569E-02,-1.610126E-01
2.789000E+03,5.132935E-01,1.088683E-01,4.339873E-01,-3.860423E-02,7.505337E-02,-1.852407E-01
2.789500E+03,5.521118E-01,1.488155E-01,4.534544E-01,5.049967E-02,5.474066E-02,-2.075770E-01
2.790000E+03,5.854100E-01,1.869056E-01,4.675690E-01,1.449802E-01,3.361515E-02,-2.276565E-01
2.790500E+03,6.127280E-01,2.225796E-01,4.761544E-01,2.439167E-01,1.199755E-02,-2.451517E-01
2.791000E+03,6.336772E-01,2.553162E-01,4.791063E-01,3.462583E-01,-9.784331E-03,-2.597792E-01
2.791500E+03,6.479463E-01,2.846408E-01,4.763941E-01,4.508409E-01,-3.140179E-02,-2.713052E-01
2.792000E+03,6.553066E-01,3.101323E-01,4.680612E-01,5.564079E-01,-5.253127E-02,-2.795501E-01
2.792500E+03,6.556158E-01,3.314291E-01,4.542232E-01,6.616320E-01,-7.286029E-02,-2.843919E-01
2.793000E+03,6.488203E-01,3.482346E-01,4.350668E-01,7.651394E-01,-9.209309E-02,-2.857682E-01
2.793500E+03,6.349563E-01,3.603214E-01,4.108458E-01,8.655352E-01,-1.099558E-01,-2.836774E-01
2.794000E+03,6.141497E-01,3.675331E-01,3.818777E-01,9.614288E-01,-1.262009E-01,-2.781780E-01
2.794500E+03,5.866139E-01,3.697870E-01,3.485385E-01,1.051460E+00,-1.406118E-01,-2.693871E-01
2.795000E+03,5.526473E-01,3.670732E-01,3.112570E-01,1.134326E+00,-1.530054E-01,-2.574779E-01
2.795500E+03,5.126285E-01,3.594545E-01,2.705088E-01,1.208803E+00,-1.632353E-01,-2.426754E-01
2.796000E+03,4.670112E-01,3.470638E-01,2.268090E-01,1.273770E+00,-1.711934E-01,-2.252514E-01
2.796500E+03,4.163173E-01,3.301010E-01,1.807052E-01,1.328231E+00,-1.768108E-01,-2.055190E-01
2.797000E+03,3.611295E-01,3.088285E-01,1.327695E-01,1.371331E+00,-1.800580E-01,-1.838256E-01
2.797500E+03,3.020829E-01,2.835665E-01,8.359107E-02,1.402376E+00,-1.809442E-01,-1.605460E-01
2.798000E+03,2.398557E-01,2.546863E-01,3.376768E-02,1.420838E+00,-1.795162E-01,-1.360745E-01
2.798500E+03,1.751602E-01,2.226044E-01,-1.610175E-02,1.426369E+00,-1.758560E-01,-1.108170E-01
2.799000E+03,1.087325E-01,1.877748E-01,-6.542513E-02,1.418807E+00,-1.700782E-01,-8.518332E-02
2.799500E+03,4.132237E-02,1.506816E-01,-1.136246E-01,1.398175E+00,-1.623268E-01,-5.957875E-02
2.800000E+03,-2.631643E-02,1.118313E-01,-1.601437E-01,1.364680E+00,-1.527713E-01,-3.439693E-02
2.800500E+03,-9.343635E-02,7.174464E-02,-2.044540E-01,1.318708E+00,-1.416029E-01,-1.001243E-02
2.801000E+03,-1.593055E-01,3.094912E-02,-2.460613E-01,1.260816E+00,-1.290299E-01,1.322580E-02
2.801500E+03,-2.232170E-01,-1.002905E-02,-2.845110E-01,1.191718E+00,-1.152733E-01,3.500032E-02
2.802000E+03,-2.844969E-01,-5.067216E-02,-3.193930E-01,1.112276E+00,-1.005623E-01,5.503023E-02
2.802500E+03,-3.425130E-01,-9.047797E-02,-3.503460E-01,1.023474E+00,-8.513000E-02,7.307539E-02
2.803000E+03,-3.966808E-01,-1.289663E-01,-3.770609E-01,9.264094E-01,-6.920888E-02,8.893948E-02
2.803500E+03,-4.464705E-01,-1.656846E-01,-3.992830E-01,8.222652E-01,-5.302690E-02,1.024722E-01
2.804000E+03,-4.914117E-01,-2.002137E-01,-4.168146E-01,7.122914E-01,-3.680381E-02,1.135705E-01
2.804500E+03,-5.310978E-01,-2.321719E-01,-4.295156E-01,5.977827E-01,-2.074787E-02,1.221784E-01
2.805000E+03,-5.651892E-01,-2.612188E-01,-4.373040E-01,4.800560E-01,-5.052968E-03,1.282863E-01
2.805500E+03,-5.934155E-01,-2.870585E-01,-4.401559E-01,3.604283E-01,1.010366E-02,1.319290E-01
2.806000E+03,-6.155766E-01,-3.094416E-01,-4.381038E-01,2.401962E-01,2.456331E-02,1.331832E-01
2.806500E+03,-6.315431E-01,-3.281669E-01,-4.312355E-01,1.206153E-01,3.818704E-02,1.321640E-01
2.807000E+03,-6.412557E-01,-3.430821E-01,-4.196917E-01,2.882434E-03,5.085652E-02,1.290205E-01
2.807500E+03,-6.447231E-01,-3.540838E-01,-4.036630E-01,-1.118809E-01,6.247425E-02,1.239317E-01
2.808000E+03,-6.420206E-01,-3.611169E-01,-3.833870E-01,-2.226427E-01,7.296336E-02,1.171009E-01
2.808500E+03,-6.332863E-01,-3.641735E-01,-3.591439E-01,-3.284724E-01,8.226705E-02,1.087510E-01
2.809000E+03,-6.187180E-01,-3.632914E-01,-3.312533E-01,-4.285497E-01,9.034751E-02,9.911859E-02
2.809500E+03,-5.985684E-01,-3.585513E-01,-3.000691E-01,-5.221715E-01,9.718467E-02,8.844874E-02
2.810000E+03,-5.731414E-01,-3.500749E-01,-2.659751E-01,-6.087557E-01,1.027746E-01,7.698973E-02
2.810500E+03,-5.427862E-01,-3.380217E-01,-2.293802E-01,-6.878421E-01,1.071278E-01,6.498797E-02
2.811000E+03,-5.078926E-01,-3.225857E-01,-1.907136E-01,-7.590916E-01,1.102672E-01,5.268330E-02
2.811500E+03,-4.688858E-01,-3.039923E-01,-1.504194E-01,-8.222824E-01,1.122267E-01,4.030472E-02
2.812000E+03,-4.262204E-01,-2.824944E-01,-1.089520E-01,-8.773041E-01,1.130484E-01,2.806672E-02
2.812500E+03,-3.803753E-01,-2.583692E-01,-6.677086E-02,-9.241500E-01,1.127820E-01,1.616601E-02
2.813000E+03,-3.318479E-01,-2.319143E-01,-2.433560E-02,-9.629078E-01,1.114818E-01,4.779072E-03
2.813500E+03,-2.811492E-01,-2.034440E-01,1.789871E-02,-9.937487E-01,1.092064E-01,-5.939810E-03
2.814000E+03,-2.287984E-01,-1.732860E-01,5.948624E-02,-1.016916E+00,1.060164E-01,-1.585982E-02
2.814500E+03,-1.753177E-01,-1.417775E-01,9.999479E-02,-1.032713E+00,1.019740E-01,-2.487425E-02
2.815000E+03,-1.212280E-01,-1.092619E-01,1.390101E-01,-1.041491E+00,9.714167E-02,-3.290056E-02
2.815500E+03,-6.704381E-02,-7.608553E-02,1.761395E-01,-1.043632E+00,9.158193E-02,-3.987987E-02
2.816000E+03,-1.326950E-02,-4.259442E-02,2.110161E-01,-1.039545E+00,8.535670E-02,-4.577599E-02
2.816500E+03,3.960494E-02,-9.131130E-03,2.433014E-01,-1.029646E+00,7.852728E-02,-5.057395E-02
2.817000E+03,9.110751E-02,2.396812E-02,2.726891E-01,-1.014353E+00,7.115436E-02,-5.427824E-02
2.817500E+03,1.407876E-01,5.637626E-02,2.989070E-01,-9.940730E-01,6.329824E-02,-5.691072E-02
2.818000E+03,1.882192E-01,8.777803E-02,3.217197E-01,-9.691952E-01,5.501912E-02,-5.850838E-02
2.818500E+03,2.330036E-01,1.178725E-01,3.409305E-01,-9.400834E-01,4.637760E-02,-5.912090E-02
2.819000E+03,2.747721E-01,1.463754E-01,3.563826E-01,-9.070712E-01,3.743504E-02,-5.880825E-02
2.819500E+03,3.131881E-01,1.730216E-01,3.679604E-01,-8.704577E-01,2.825410E-02,-5.763826E-02
2.820000E+03,3.479496E-01,1.975666E-01,3.755902E-01,-8.305059E-01,1.889911E-02,-5.568430E-02
2.820500E+03,3.787904E-01,2.197893E-01,3.792400E-01,-7.874414E-01,9.436455E-03,-5.302314E-02
2.821000E+03,4.054822E-01,2.394931E-01,3.789200E-01,-7.414540E-01,-6.526251E-05,-4.973295E-02
2.821500E+03,4.278352E-01,2.565077E-01,3.746811E-01,-6.926995E-01,-9.535098E-03,-4.589159E-02
2.822000E+03,4.456998E-01,2.706906E-01,3.666146E-01,-6.413035E-01,-1.889987E-02,-4.157515E-02
2.822500E+03,4.589671E-01,2.819283E-01,3.548503E-01,-5.873659E-01,-2.808442E-02,-3.685674E-02
2.823000E+03,4.675692E-01,2.901371E-01,3.395549E-01,-5.309663E-01,-3.701208E-02,-3.180560E-02
2.823500E+03,4.714795E-01,2.952642E-01,3.209295E-01,-4.721706E-01,-4.560525E-02,-2.648643E-02
2.824000E+03,4.707128E-01,2.972876E-01,2.992072E-01,-4.110372E-01,-5.378629E-02,-2.095907E-02
2.824500E+03,4.653245E-01,2.962169E-01,2.746499E-01,-3.476243E-01,-6.147838E-02,-1.527835E-02
2.825000E+03,4.554105E-01,2.920930E-01,2.475456E-01,-2.819967E-01,-6.860668E-02,-9.494139E-03
2.825500E+03,4.411056E-01,2.849874E-01,2.182043E-01,-2.142330E-01,-7.509943E-02,-3.651611E-03
2.826000E+03,4.225827E-01,2.750018E-01,1.869547E-01,-1.444315E-01,-8.088925E-02,2.208370E-03
2.826500E+03,4.000506E-01,2.622671E-01,1.541402E-01,-7.271692E-02,-8.591434E-02,8.048777E-03
2.827000E+03,3.737526E-01,2.469414E-01,1.201150E-01,7.547700E-04,-9.011972E-02,1.383589E-02
2.827500E+03,3.439640E-01,2.292090E-01,8.523991E-02,7.579147E-02,-9.345839E-02,1.953873E-02
2.828000E+03,3.109893E-01,2.092777E-01,4.987840E-02,1.521614E-01,-9.589235E-02,2.512853E-02
2.828500E+03,2.751600E-01,1.873768E-01,1.439247E-02,2.295904E-01,-9.739352E-02,3.057825E-02
2.829000E+03,2.368308E-01,1.637541E-01,-2.086123E-02,3.077602E-01,-9.794444E-02,3.586216E-02
2.829500E+03,1.963766E-01,1.386734E-01,-5.553520E-02,3.863077E-01,-9.753875E-02,4.095547E-02
2.830000E+03,1.541893E-01,1.124108E-01,-8.929471E-02,4.648257E-01,-9.618150E-02,4.583415E-02
2.830500E+03,1.106735E-01,8.525193E-02,-1.218211E-01,5.428639E-01,-9.388914E-02,5.047476E-02
2.831000E+03,6.624309E-02,5.748806E-02,-1.528149E-01,6.199317E-01,-9.068929E-02,5.485447E-02
2.831500E+03,2.131733E-02,2.941284E-02,-1.819985E-01,6.955012E-01,-8.662025E-02,5.895111E-02
2.832000E+03,-2.368305E-02,1.318696E-03,-2.091185E-01,7.690117E-01,-8.173030E-02,6.274332E-02
2.832500E+03,-6.833974E-02,-2.650666E-02,-2.339477E-01,8.398746E-01,-7.607672E-02,6.621082E-02
2.833000E+03,-1.122406E-01,-5.378357E-02,-2.562866E-01,9.074787E-01,-6.972470E-02,6.933464E-02
2.833500E+03,-1.549834E-01,-8.024366E-02,-2.759648E-01,9.711969E-01,-6.274600E-02,7.209744E-02
2.834000E+03,-1.961792E-01,-1.056328E-01,-2.928414E-01,1.030392E+00,-5.521759E-02,7.448379E-02
2.834500E+03,-2.354558E-01,-1.297137E-01,-3.068053E-01,1.084426E+00,-4.722012E-02,7.648047E-02
2.835000E+03,-2.724608E-01,-1.522686E-01,-3.177756E-01,1.132663E+00,-3.883647E-02,7.807664E-02
2.835500E+03,-3.068641E-01,-1.731008E-01,-3.257004E-01,1.174481E+00,-3.015019E-02,7.926407E-02
2.836000E+03,-3.383608E-01,-1.920368E-01,-3.305567E-01,1.209278E+00,-2.124418E-02,8.003716E-02
2.836500E+03,-3.666732E-01,-2.089269E-01,-3.323488E-01,1.236480E+00,-1.219929E-02,8.039296E-02
2.837000E+03,-3.915524E-01,-2.236466E-01,-3.311072E-01,1.255545E+00,-3.093242E-03,8.033105E-02
2.837500E+03,-4.127802E-01,-2.360965E-01,-3.268867E-01,1.265975E+00,6.000333E-03,7.985336E-02
2.838000E+03,-4.301700E-01,-2.462023E-01,-3.197651E-01,1.267322E+00,1.501265E-02,7.896386E-02
2.838500E+03,-4.435679E-01,-2.539143E-01,-3.098410E-01,1.259194E+00,2.388026E-02,7.766823E-02
2.839000E+03,-4.528530E-01,-2.592067E-01,-2.972317E-01,1.241260E+00,3.254528E-02,7.597341E-02
2.839500E+03,-4.579378E-01,-2.620761E-01,-2.820719E-01,1.213260E+00,4.095540E-02,7.388719E-02
2.840000E+03,-4.587683E-01,-2.625403E-01,-2.645110E-01,1.175008E+00,4.906362E-02,7.141774E-02
2.840500E+03,-4.553238E-01,-2.606364E-01,-2.447118E-01,1.126400E+00,5.682781E-02,6.857319E-02
2.841000E+03,-4.476164E-01,-2.564189E-01,-2.228486E-01,1.067413E+00,6.420999E-02,6.536122E-02
2.841500E+03,-4.356906E-01,-2.499580E-01,-1.991056E-01,9.981199E-01,7.117555E-02,6.178883E-02
2.842000E+03,-4.196226E-01,-2.413371E-01,-1.736756E-01,9.186828E-01,7.769225E-02,5.786209E-02
2.842500E+03,-3.995196E-01,-2.306512E-01,-1.467589E-01,8.293624E-01,8.372925E-02,5.358614E-02
2.843000E+03,-3.755190E-01,-2.180048E-01,-1.185618E-01,7.305188E-01,8.925605E-02,4.896529E-02
2.843500E+03,-3.477873E-01,-2.035101E-01,-8.929658E-02,6.226134E-01,9.424151E-02,4.400327E-02
2.844000E+03,-3.165198E-01,-1.872854E-01,-5.918006E-02,5.062099E-01,9.865294E-02,3.870373E-02
2.844500E+03,-2.819392E-01,-1.694541E-01,-2.843363E-02,3.819744E-01,1.024554E-01,3.307085E-02
2.845000E+03,-2.442947E-01,-1.501434E-01,2.717302E-03,2.506747E-01,1.056112E-01,2.711014E-02
2.845500E+03,-2.038614E-01,-1.294832E-01,3.404353E-02,1.131778E-01,1.080793E-01,2.082939E-02
2.846000E+03,-1.609390E-01,-1.076066E-01,6.531229E-02,-2.955234E-02,1.098160E-01,1.423977E-02
2.846500E+03,-1.158512E-01,-8.464891E-02,9.628748E-02,-1.764598E-01,1.107743E-01,7.356949E-03
2.847000E+03,-6.894394E-02,-6.074815E-02,1.267299E-01,-3.264017E-01,1.109053E-01,2.023554E-04
2.847500E+03,-2.058481E-02,-3.604566E-02,1.563977E-01,-4.781553E-01,1.101590E-01,-7.195651E-03
2.848000E+03,2.883871E-02,-1.068656E-02,1.850468E-01,-6.304263E-01,1.084852E-01,-1.480061E-02
2.848500E+03,7.892074E-02,1.517926E-02,2.124318E-01,-7.818579E-01,1.058356E-01,-2.256693E-02
2.849000E+03,1.292388E-01,4.139620E-02,2.383067E-01,-9.310422E-01,1.021654E-01,-3.043899E-02
2.849500E+03,1.793560E-01,6.780188E-02,2.624266E-01,-1.076532E+00,9.743532E-02,-3.835054E-02
2.850000E+03,2.288233E-01,9.422616E-02,2.845486E-01,-1.216854E+00,9.161414E-02,-4.622428E-02
2.850500E+03,2.771825E-01,1.204902E-01,3.044346E-01,-1.350525E+00,8.468075E-02,-5.397190E-02
2.851000E+03,3.239695E-01,1.464056E-01,3.218527E-01,-1.476065E+00,7.662667E-02,-6.149434E-02
2.851500E+03,3.687174E-01,1.717742E-01,3.365802E-01,-1.592018E+00,6.745835E-02,-6.868261E-02
2.852000E+03,4.109612E-01,1.963876E-01,3.484066E-01,-1.696964E+00,5.719931E-02,-7.541890E-02
2.852500E+03,4.502414E-01,2.200277E-01,3.571365E-01,-1.789541E+00,4.589209E-02,-8.157824E-02
2.853000E+03,4.861097E-01,2.424672E-01,3.625930E-01,-1.868462E+00,3.359986E-02,-8.703050E-02
2.853500E+03,5.181333E-01,2.634710E-01,3.646217E-01,-1.932534E+00,2.040763E-02,-9.164288E-02
2.854000E+03,5.459009E-01,2.827975E-01,3.630937E-01,-1.980676E+00,6.423033E-03,-9.528268E-02
2.854500E+03,5.690283E-01,3.002015E-01,3.579101E-01,-2.011935E+00,-8.223486E-03,-9.782052E-02
2.855000E+03,5.871641E-01,3.154367E-01,3.490051E-01,-2.025506E+00,-2.337904E-02,-9.913372E-02
2.855500E+03,5.999959E-01,3.282590E-01,3.363496E-01,-2.020743E+00,-3.886928E-02,-9.910990E-02
2.856000E+03,6.072561E-01,3.384306E-01,3.199545E-01,-1.997180E+00,-5.450003E-02,-9.765072E-02
2.856500E+03,6.087276E-01,3.457239E-01,2.998736E-01,-1.954538E+00,-7.005957E-02,-9.467555E-02
2.857000E+03,6.042495E-01,3.499268E-01,2.762059E-01,-1.892736E+00,-8.532153E-02,-9.012509E-02
2.857500E+03,5.937222E-01,3.508468E-01,2.490975E-01,-1.811903E+00,-1.000484E-01,-8.396474E-02
2.858000E+03,5.771117E-01,3.483168E-01,2.187424E-01,-1.712380E+00,-1.139956E-01,-7.618768E-02
2.858500E+03,5.544539E-01,3.421998E-01,1.853836E-01,-1.594724E+00,-1.269160E-01,-6.681748E-02
2.859000E+03,5.258574E-01,3.323940E-01,1.493120E-01,-1.459709E+00,-1.385645E-01,-5.591023E-02
2.859500E+03,4.915057E-01,3.188379E-01,1.108654E-01,-1.308321E+00,-1.487039E-01,-4.355593E-02
2.860000E+03,4.516587E-01,3.015144E-01,7.042629E-02,-1.141753E+00,-1.571094E-01,-2.987933E-02
2.860500E+03,4.066522E-01,2.804547E-01,2.841874E-02,-9.613963E-01,-1.635746E-01,-1.503980E-02
2.861000E+03,3.568969E-01,2.557422E-01,-1.469581E-02,-7.688260E-01,-1.679164E-01,7.694762E-04
2.861500E+03,3.028763E-01,2.275144E-01,-5.842345E-02,-5.657873E-01,-1.699803E-01,1.732326E-02
2.862000E+03,2.451422E-01,1.959649E-01,-1.022437E-01,-3.541759E-01,-1.696449E-01,3.436688E-02
2.862500E+03,1.843102E-01,1.613440E-01,-1.456160E-01,-1.360176E-01,-1.668258E-01,5.161969E-02
2.863000E+03,1.210530E-01,1.239583E-01,-1.879874E-01,8.655569E-02,-1.614799E-01,6.877933E-02
2.863500E+03,5.609276E-02,8.416942E-02,-2.288001E-01,3.113313E-01,-1.536075E-01,8.552688E-02
2.864000E+03,-9.807542E-03,4.239090E-02,-2.675004E-01,5.360435E-01,-1.432544E-01,1.015325E-01
2.864500E+03,-7.585420E-02,-9.153174E-04,-3.035469E-01,7.584017E-01,-1.305132E-01,1.164618E-01
2.865000E+03,-1.412335E-01,-4.524404E-02,-3.364198E-01,9.761206E-01,-1.155230E-01,1.299825E-01
2.865500E+03,-2.051235E-01,-9.005295E-02,-3.656296E-01,1.186950E+00,-9.846893E-02,1.417718E-01
2.866000E+03,-2.667058E-01,-1.347698E-01,-3.907263E-01,1.388704E+00,-7.957958E-02,1.515233E-01
2.866500E+03,-3.251788E-01,-1.788006E-01,-4.113069E-01,1.579292E+00,-5.912438E-02,1.589540E-01
2.867000E+03,-3.797698E-01,-2.215386E-01,-4.270243E-01,1.756747E+00,-3.740943E-02,1.638122E-01
2.867500E+03,-4.297481E-01,-2.623736E-01,-4.375937E-01,1.919249E+00,-1.477260E-02,1.658832E-01
2.868000E+03,-4.744373E-01,-3.007028E-01,-4.427989E-01,2.065156E+00,8.422243E-03,1.649959E-01
2.868500E+03,-5.132269E-01,-3.359405E-01,-4.424980E-01,2.193019E+00,3.179174E-02,1.610282E-01
2.869000E+03,-5.455836E-01,-3.675291E-01,-4.366270E-01,2.301608E+00,5.494018E-02,1.539116E-01
2.869500E+03,-5.710614E-01,-3.949496E-01,-4.252029E-01,2.389926E+00,7.746703E-02,1.436348E-01
2.870000E+03,-5.893101E-01,-4.177315E-01,-4.083248E-01,2.457221E+00,9.897486E-02,1.302460E-01
2.870500E+03,-6.000826E-01,-4.354623E-01,-3.861741E-01,2.502995E+00,1.190773E-01,1.138544E-01
2.871000E+03,-6.032407E-01,-4.477970E-01,-3.590132E-01,2.527012E+00,1.374069E-01,9.463016E-02
2.871500E+03,-5.987593E-01,-4.544649E-01,-3.271821E-01,2.529294E+00,1.536230E-01,7.280319E-02
2.872000E+03,-5.867278E-01,-4.552774E-01,-2.910943E-01,2.510126E+00,1.674188E-01,4.866042E-02
2.872500E+03,-5.673506E-01,-4.501326E-01,-2.512311E-01,2.470040E+00,1.785285E-01,2.254198E-02
2.873000E+03,-5.409450E-01,-4.390195E-01,-2.081344E-01,2.409813E+00,1.867327E-01,-5.163969E-03
2.873500E+03,-5.079372E-01,-4.220203E-01,-1.623983E-01,2.330444E+00,1.918637E-01,-3.402749E-02
2.874000E+03,-4.688561E-01,-3.993112E-01,-1.146601E-01,2.233145E+00,1.938098E-01,-6.358426E-02
2.874500E+03,-4.243259E-01,-3.711609E-01,-6.558983E-02,2.119314E+00,1.925178E-01,-9.334377E-02
2.875000E+03,-3.750558E-01,-3.379281E-01,-1.587956E-02,1.990511E+00,1.879951E-01,-1.227983E-01
2.875500E+03,-3.218292E-01,-3.000569E-01,3.376805E-02,1.848437E+00,1.803102E-01,-1.514327E-01
2.876000E+03,-2.654904E-01,-2.580703E-01,8.265138E-02,1.694901E+00,1.695913E-01,-1.787337E-01
2.876500E+03,-2.069312E-01,-2.125627E-01,1.300815E-01,1.531793E+00,1.560250E-01,-2.042006E-01
2.877000E+03,-1.470755E-01,-1.641903E-01,1.753936E-01,1.361056E+00,1.398526E-01,-2.273549E-01
2.877500E+03,-8.686377E-02,-1.136608E-01,2.179584E-01,1.184652E+00,1.213656E-01,-2.477500E-01
2.878000E+03,-2.723715E-02,-6.172151E-02,2.571922E-01,1.004533E+00,1.009003E-01,-2.649804E-01
2.878500E+03,3.087884E-02,-9.146982E-03,2.925667E-01,8.226133E-01,7.883115E-02,-2.786902E-01
2.879000E+03,8.659019E-02,4.327430E-02,3.236177E-01,6.407425E-01,5.556340E-02,-2.885806E-01
2.879500E+03,1.390498E-01,9.475347E-02,3.499527E-01,4.606769E-01,3.152510E-02,-2.944162E-01
2.880000E+03,1.874719E-01,1.445150E-01,3.712563E-01,2.840575E-01,7.158599E-03,-2.960305E-01
2.880500E+03,2.311460E-01,1.918103E-01,3.872957E-01,1.123889E-01,-1.708832E-02,-2.933298E-01
2.881000E+03,2.694484E-01,2.359307E-01,3.979233E-01,-5.297847E-02,-4.077135E-02,-2.862954E-01
2.881500E+03,3.018532E-01,2.762202E-01,4.030786E-01,-2.108630E-01,-6.345854E-02,-2.749848E-01
2.882000E+03,3.279406E-01,3.120867E-01,4.027875E-01,-3.602627E-01,-8.473889E-02,-2.595311E-01
2.882500E+03,3.474041E-01,3.430125E-01,3.971612E-01,-5.003624E-01,-1.042304E-01,-2.401409E-01
2.883000E+03,3.600548E-01,3.685633E-01,3.863928E-01,-6.305375E-01,-1.215878E-01,-2.170907E-01
2.883500E+03,3.658238E-01,3.883956E-01,3.707525E-01,-7.503531E-01,-1.365089E-01,-1.907223E-01
2.884000E+03,3.647626E-01,4.022624E-01,3.505816E-01,-8.595603E-01,-1.487406E-01,-1.614360E-01
2.884500E+03,3.570412E-01,4.100172E-01,3.262851E-01,-9.580887E-01,-1.580836E-01,-1.296839E-01
2.885000E+03,3.429434E-01,4.116160E-01,2.983234E-01,-1.046035E+00,-1.643956E-01,-9.596092E-02
2.885500E+03,3.228610E-01,4.071170E-01,2.672032E-01,-1.123651E+00,-1.675943E-01,-6.079629E-02
2.886000E+03,2.972852E-01,3.966795E-01,2.334673E-01,-1.191322E+00,-1.676579E-01,-2.474323E-02
2.886500E+03,2.667968E-01,3.805592E-01,1.976844E-01,-1.249555E+00,-1.646251E-01,1.163093E-02
2.887000E+03,2.320544E-01,3.591037E-01,1.604383E-01,-1.298952E+00,-1.585937E-01,4.775520E-02
2.887500E+03,1.937816E-01,3.327444E-01,1.223174E-01,-1.340191E+00,-1.497180E-01,8.306523E-02
2.888000E+03,1.527526E-01,3.019881E-01,8.390407E-02,-1.374001E+00,-1.382049E-01,1.170134E-01
2.888500E+03,1.097780E-01,2.674070E-01,4.576464E-02,-1.401141E+00,-1.243092E-01,1.490785E-01
2.889000E+03,6.568881E-02,2.296275E-01,8.439789E-03,-1.422374E+00,-1.083278E-01,1.787746E-01
2.889500E+03,2.132134E-02,1.893179E-01,-2.756410E-02,-1.438447E+00,-9.059315E-02,2.056595E-01
2.890000E+03,-2.249836E-02,1.471758E-01,-6.178276E-02,-1.450069E+00,-7.146634E-02,2.293416E-01
2.890500E+03,-6.496946E-02,1.039150E-01,-9.380072E-02,-1.457889E+00,-5.132925E-02,2.494862E-01
2.891000E+03,-1.053307E-01,6.025219E-02,-1.232569E-01,-1.462481E+00,-3.057674E-02,2.658206E-01
2.891500E+03,-1.428737E-01,1.689407E-02,-1.498489E-01,-1.464327E+00,-9.608660E-03,2.781374E-01
2.892000E+03,-1.769549E-01,-2.547538E-02,-1.733358E-01,-1.463805E+00,1.117816E-02,2.862972E-01
2.892500E+03,-2.070068E-01,-6.620681E-02,-1.935400E-01,-1.461181E+00,3.139764E-02,2.902294E-01
2.893000E+03,-2.325463E-01,-1.046966E-01,-2.103473E-01,-1.456599E+00,5.068183E-02,2.899322E-01
2.893500E+03,-2.531824E-01,-1.403967E-01,-2.237060E-01,-1.450082E+00,6.868775E-02,2.854705E-01
2.894000E+03,-2.686220E-01,-1.728233E-01,-2.336250E-01,-1.441527E+00,8.510359E-02,2.769740E-01
2.894500E+03,-2.786725E-01,-2.015640E-01,-2.401696E-01,-1.430716E+00,9.965411E-02,2.646326E-01
2.895000E+03,-2.832441E-01,-2.262838E-01,-2.434581E-01,-1.417317E+00,1.121052E-01,2.486920E-01
2.895500E+03,-2.823489E-01,-2.467283E-01,-2.436559E-01,-1.400897E+00,1.222676E-01,2.294479E-01
2.896000E+03,-2.760988E-01,-2.627268E-01,-2.409698E-01,-1.380933E+00,1.299992E-01,2.072396E-01
2.896500E+03,-2.647009E-01,-2.741924E-01,-2.356414E-01,-1.356830E+00,1.352071E-01,1.824433E-01
2.897000E+03,-2.484521E-01,-2.811211E-01,-2.279403E-01,-1.327938E+00,1.378479E-01,1.554644E-01
2.897500E+03,-2.277311E-01,-2.835893E-01,-2.181563E-01,-1.293569E+00,1.379274E-01,1.267299E-01
2.898000E+03,-2.029897E-01,-2.817491E-01,-2.065933E-01,-1.253024E+00,1.354992E-01,9.668121E-02
2.898500E+03,-1.747428E-01,-2.758234E-01,-1.935612E-01,-1.205610E+00,1.306625E-01,6.576609E-02
2.899000E+03,-1.435574E-01,-2.660985E-01,-1.793693E-01,-1.150663E+00,1.235589E-01,3.443142E-02
2.899500E+03,-1.100409E-01,-2.529166E-01,-1.643203E-01,-1.087574E+00,1.143687E-01,3.116157E-03
2.900000E+03,-7.482868E-02,-2.366670E-01,-1.487040E-01,-1.015806E+00,1.033064E-01,-2.775530E-02
2.900500E+03,-3.857207E-02,-2.177768E-01,-1.327924E-01,-9.349219E-01,9.061560E-02,-5.777912E-02
2.901000E+03,-1.925653E-03,-1.967009E-01,-1.168349E-01,-8.445953E-01,7.656387E-02,-8.657747E-02
2.901500E+03,3.446473E-02,-1.739124E-01,-1.010550E-01,-7.446347E-01,6.143689E-02,-1.138032E-01
2.902000E+03,6.997365E-02,-1.498921E-01,-8.564739E-02,-6.349960E-01,4.553274E-02,-1.391440E-01
2.902500E+03,1.040070E-01,-1.251192E-01,-7.077611E-02,-5.157949E-01,2.915604E-02,-1.623252E-01
2.903000E+03,1.360121E-01,-1.000617E-01,-5.657359E-02,-3.873169E-01,1.261219E-02,-1.831129E-01
2.903500E+03,1.654867E-01,-7.516778E-02,-4.314052E-02,-2.500228E-01,-3.798182E-03,-2.013148E-01
2.904000E+03,1.919867E-01,-5.085774E-02,-3.054652E-02,-1.045519E-01,-1.978449E-02,-2.167819E-01
2.904500E+03,2.151327E-01,-2.751710E-02,-1.883166E-02,4.827963E-02,-3.507113E-02,-2.294085E-01
2.905000E+03,2.346152E-01,-5.490468E-03,-8.008552E-03,2.074824E-01,-4.940186E-02,-2.391317E-01
2.905500E+03,2.501981E-01,1.492326E-02,1.934903E-03,3.719025E-01,-6.254379E-02,-2.459305E-01
2.906000E+03,2.617211E-01,3.347463E-02,1.103233E-02,5.402328E-01,-7.429069E-02,-2.498244E-01
2.906500E+03,2.691001E-01,4.996605E-02,1.933533E-02,7.110280E-01,-8.446579E-02,-2.508712E-01
2.907000E+03,2.723269E-01,6.425306E-02,2.690964E-02,8.827220E-01,-9.292388E-02,-2.491647E-01
2.907500E+03,2.714670E-01,7.624438E-02,3.383123E-02,1.053649E+00,-9.955288E-02,-2.448322E-01
2.908000E+03,2.666560E-01,8.590076E-02,4.018235E-02,1.222066E+00,-1.042747E-01,-2.380311E-01
2.908500E+03,2.580955E-01,9.323281E-02,4.604767E-02,1.386178E+00,-1.070454E-01,-2.289460E-01
2.909000E+03,2.460473E-01,9.829780E-02,5.151065E-02,1.544165E+00,-1.078551E-01,-2.177855E-01
2.909500E+03,2.308267E-01,1.011957E-01,5.665020E-02,1.694208E+00,-1.067270E-01,-2.047782E-01
2.910000E+03,2.127956E-01,1.020642E-01,6.153768E-02,1.834518E+00,-1.037162E-01,-1.901698E-01
2.910500E+03,1.923546E-01,1.010738E-01,6.623442E-02,1.963365E+00,-9.890765E-02,-1.742191E-01
2.911000E+03,1.699343E-01,9.842135E-02,7.078967E-02,2.079103E+00,-9.241397E-02,-1.571948E-01
2.911500E+03,1.459871E-01,9.432460E-02,7.523907E-02,2.180199E+00,-8.437320E-02,-1.393718E-01
2.912000E+03,1.209782E-01,8.901561E-02,7.960375E-02,2.265256E+00,-7.494568E-02,-1.210278E-01
2.912500E+03,9.537736E-02,8.273465E-02,8.388987E-02,2.333039E+00,-6.431114E-02,-1.024399E-01
2.913000E+03,6.964987E-02,7.572420E-02,8.808878E-02,2.382493E+00,-5.266539E-02,-8.388144E-02
2.913500E+03,4.424883E-02,6.822316E-02,9.217761E-02,2.412763E+00,-4.021702E-02,-6.561855E-02
2.914000E+03,1.960729E-02,6.046158E-02,9.612042E-02,2.423207E+00,-2.718398E-02,-4.790716E-02
2.914500E+03,-3.868749E-03,5.265582E-02,9.986960E-02,2.413412E+00,-1.379013E-02,-3.099000E-02
2.915000E+03,-2.580682E-02,4.500440E-02,1.033678E-01,2.383195E+00,-2.618163E-04,-1.509370E-02
2.915500E+03,-4.587355E-02,3.768443E-02,1.065500E-01,2.332616E+00,1.317543E-02,-4.260219E-04
2.916000E+03,-6.377956E-02,3.084885E-02,1.093459E-01,2.261974E+00,2.630016E-02,1.282665E-02
2.916500E+03,-7.928326E-02,2.462439E-02,1.116820E-01,2.171804E+00,3.889811E-02,2.450176E-02
2.917000E+03,-9.219397E-02,1.911023E-02,1.134846E-01,2.062873E+00,5.076516E-02,3.446274E-02
2.917500E+03,-1.023739E-01,1.437754E-02,1.146819E-01,1.936169E+00,6.171003E-02,4.260094E-02
2.918000E+03,-1.097393E-01,1.046956E-02,1.152063E-01,1.792888E+00,7.155691E-02,4.883730E-02
2.918500E+03,-1.142607E-01,7.402520E-03,1.149968E-01,1.634418E+00,8.014769E-02,5.312371E-02
2.919000E+03,-1.159620E-01,5.167055E-03,1.140005E-01,1.462319E+00,8.734406E-02,5.544395E-02
2.919500E+03,-1.149194E-01,3.730204E-03,1.121747E-01,1.278303E+00,9.302930E-02,5.581434E-02
2.920000E+03,-1.112583E-01,3.037860E-03,1.094879E-01,1.084212E+00,9.710982E-02,5.428392E-02
2.920500E+03,-1.051507E-01,3.017582E-03,1.059212E-01,8.819892E-01,9.951634E-02,5.093411E-02
2.921000E+03,-9.681151E-02,3.581682E-03,1.014684E-01,6.736568E-01,1.002048E-01,4.587797E-02
2.921500E+03,-8.649356E-02,4.630493E-03,9.613655E-02,4.612875E-01,9.915720E-02,3.925889E-02
2.922000E+03,-7.448319E-02,6.055710E-03,8.994604E-02,2.469782E-01,9.638145E-02,3.124876E-02
2.922500E+03,-6.109465E-02,7.743739E-03,8.292998E-02,3.282326E-02,9.191174E-02,2.204566E-02
2.923000E+03,-4.666445E-02,9.578940E-03,7.513357E-02,-1.791119E-01,8.580799E-02,1.187092E-02
2.923500E+03,-3.154539E-02,1.144671E-02,6.661317E-02,-3.868155E-01,7.815516E-02,9.657532E-04
2.924000E+03,-1.610040E-02,1.323634E-02,5.743506E-02,-5.883533E-01,6.906225E-02,-1.041259E-02
2.924500E+03,-6.963273E-04,1.484353E-02,4.767413E-02,-7.818904E-01,5.866086E-02,-2.199512E-02
2.925000E+03,1.430225E-02,1.617265E-02,3.741238E-02,-9.657112E-01,4.710355E-02,-3.350579E-02
2.925500E+03,2.853915E-02,1.713851E-02,2.673731E-02,-1.138237E+00,3.456179E-02,-4.466643E-02
2.926000E+03,4.167249E-02,1.766788E-02,1.574041E-02,-1.298042E+00,2.122369E-02,-5.520195E-02
2.926500E+03,5.338035E-02,1.770050E-02,4.515523E-03,-1.443865E+00,7.291323E-03,-6.484563E-02
2.927000E+03,6.336612E-02,1.718970E-02,-6.842588E-03,-1.574618E+00,-7.022019E-03,-7.334441E-02
2.927500E+03,7.136340E-02,1.610273E-02,-1.823966E-02,-1.689397E+00,-2.149496E-02,-8.046418E-02
2.928000E+03,7.714045E-02,1.442062E-02,-2.958313E-02,-1.787484E+00,-3.590125E-02,-8.599475E-02
2.928500E+03,8.050411E-02,1.213777E-02,-4.078325E-02,-1.868348E+00,-5.001317E-02,-8.975460E-02
2.929000E+03,8.130315E-02,9.261281E-03,-5.175390E-02,-1.931648E+00,-6.360504E-02,-9.159511E-02
2.929500E+03,7.943096E-02,5.809990E-03,-6.241332E-02,-1.977224E+00,-7.645667E-02,-9.140435E-02
2.930000E+03,7.482764E-02,1.813364E-03,-7.268451E-02,-2.005100E+00,-8.835698E-02,-8.911012E-02
2.930500E+03,6.748132E-02,-2.689770E-03,-8.249559E-02,-2.015466E+00,-9.910736E-02,-8.468236E-02
2.931000E+03,5.742880E-02,-7.652566E-03,-9.177980E-02,-2.008680E+00,-1.085250E-01,-7.813469E-02
2.931500E+03,4.475553E-02,-1.302155E-02,-1.004755E-01,-1.985249E+00,-1.164461E-01,-6.952507E-02
2.932000E+03,2.959472E-02,-1.873797E-02,-1.085259E-01,-1.945821E+00,-1.227287E-01,-5.895564E-02
2.932500E+03,1.212587E-02,-2.473916E-02,-1.158787E-01,-1.891171E+00,-1.272551E-01,-4.657150E-02
2.933000E+03,-7.427505E-03,-3.095975E-02,-1.224859E-01,-1.822188E+00,-1.299345E-01,-3.255866E-02
2.933500E+03,-2.880078E-02,-3.733275E-02,-1.283031E-01,-1.739862E+00,-1.307041E-01,-1.714101E-02
2.934000E+03,-5.169183E-02,-4.379060E-02,-1.332893E-01,-1.645265E+00,-1.295312E-01,-5.764823E-04
2.934500E+03,-7.576517E-02,-5.026593E-02,-1.374063E-01,-1.539544E+00,-1.264139E-01,1.684765E-02
2.935000E+03,-1.006567E-01,-5.669226E-02,-1.406186E-01,-1.423901E+00,-1.213808E-01,3.482014E-02
2.935500E+03,-1.259790E-01,-6.300449E-02,-1.428929E-01,-1.299580E+00,-1.144919E-01,5.301179E-02
2.936000E+03,-1.513270E-01,-6.913925E-02,-1.441983E-01,-1.167856E+00,-1.058369E-01,7.108193E-02
2.936500E+03,-1.762836E-01,-7.503510E-02,-1.445064E-01,-1.030024E+00,-9.553455E-02,8.868525E-02
2.937000E+03,-2.004268E-01,-8.063267E-02,-1.437909E-01,-8.873805E-01,-8.373082E-02,1.054788E-01
2.937500E+03,-2.233352E-01,-8.587459E-02,-1.420288E-01,-7.412195E-01,-7.059639E-02,1.211293E-01
2.938000E+03,-2.445950E-01,-9.070547E-02,-1.392005E-01,-5.928190E-01,-5.632412E-02,1.353198E-01
2.938500E+03,-2.638067E-01,-9.507180E-02,-1.352904E-01,-4.434325E-01,-4.112586E-02,1.477564E-01
2.939000E+03,-2.805909E-01,-9.892182E-02,-1.302881E-01,-2.942806E-01,-2.522900E-02,1.581750E-01
2.939500E+03,-2.945953E-01,-1.022054E-01,-1.241890E-01,-1.465439E-01,-8.872610E-03,1.663463E-01
2.940000E+03,-3.054997E-01,-1.048742E-01,-1.169955E-01,-1.355704E-03,7.696485E-03,1.720815E-01
2.940500E+03,-3.130221E-01,-1.068812E-01,-1.087183E-01,1.402032E-01,2.422792E-02,1.752358E-01
2.941000E+03,-3.169235E-01,-1.081818E-01,-9.937687E-02,2.771104E-01,4.047199E-02,1.757123E-01
2.941500E+03,-3.170123E-01,-1.087328E-01,-8.900122E-02,4.084059E-01,5.618387E-02,1.734635E-01
2.942000E+03,-3.131480E-01,-1.084941E-01,-7.763246E-02,5.331965E-01,7.112773E-02,1.684932E-01
2.942500E+03,-3.052441E-01,-1.074282E-01,-6.532380E-02,6.506595E-01,8.508065E-02,1.608561E-01
2.943000E+03,-2.932707E-01,-1.055014E-01,-5.214128E-02,7.600455E-01,9.783635E-02,1.506568E-01
2.943500E+03,-2.772556E-01,-1.026843E-01,-3.816420E-02,8.606813E-01,1.092085E-01,1.380482E-01
2.944000E+03,-2.572847E-01,-9.895295E-02,-2.348546E-02,9.519726E-01,1.190339E-01,1.232275E-01
2.944500E+03,-2.335023E-01,-9.428959E-02,-8.211504E-03,1.033406E+00,1.271745E-01,1.064331E-01
2.945000E+03,-2.061090E-01,-8.868370E-02,7.537928E-03,1.104550E+00,1.335201E-01,8.793900E-02
2.945500E+03,-1.753606E-01,-8.213311E-02,2.363045E-02,1.165060E+00,1.379895E-01,6.804936E-02
2.946000E+03,-1.415642E-01,-7.464502E-02,3.992192E-02,1.214674E+00,1.405315E-01,4.709233E-02
2.946500E+03,-1.050751E-01,-6.623700E-02,5.625773E-02,1.253219E+00,1.411254E-01,2.541321E-02
2.947000E+03,-6.629183E-02,-5.693789E-02,7.247431E-02,1.280608E+00,1.397808E-01,3.367485E-03
2.947500E+03,-2.565148E-02,-4.678865E-02,8.840103E-02,1.296843E+00,1.365372E-01,-1.868632E-02
2.948000E+03,1.637665E-02,-3.584293E-02,1.038623E-01,1.302011E+00,1.314622E-01,-4.039375E-02
2.948500E+03,5.929718E-02,-2.416758E-02,1.186798E-01,1.296290E+00,1.246506E-01,-6.141137E-02
2.949000E+03,1.025954E-01,-1.184283E-02,1.326754E-01,1.279940E+00,1.162216E-01,-8.141327E-02
2.949500E+03,1.457446E-01,1.037732E-03,1.456733E-01,1.253305E+00,1.063167E-01,-1.000972E-01
2.950000E+03,1.882131E-01,1.436745E-02,1.575034E-01,1.216811E+00,9.509679E-02,-1.171899E-01
2.950500E+03,2.294720E-01,2.802723E-02,1.680036E-01,1.170961E+00,8.273901E-02,-1.324519E-01
2.951000E+03,2.690024E-01,4.188638E-02,1.770230E-01,1.116333E+00,6.943355E-02,-1.456813E-01
2.951500E+03,3.063029E-01,5.580385E-02,1.844243E-01,1.053572E+00,5.538024E-02,-1.567168E-01
2.952000E+03,3.408963E-01,6.962971E-02,1.900868E-01,9.833862E-01,4.078509E-02,-1.654397E-01
2.952500E+03,3.723369E-01,8.320685E-02,1.939082E-01,9.065416E-01,2.585692E-02,-1.717746E-01
2.953000E+03,4.002163E-01,9.637305E-02,1.958072E-01,8.238528E-01,1.080400E-02,-1.756901E-01
2.953500E+03,4.241693E-01,1.089632E-01,1.957252E-01,7.361762E-01,-4.169099E-03,-1.771972E-01
2.954000E+03,4.438788E-01,1.208116E-01,1.936276E-01,6.444008E-01,-1.886446E-02,-1.763481E-01
2.954500E+03,4.590807E-01,1.317546E-01,1.895052E-01,5.494401E-01,-3.309356E-02,-1.732331E-01
2.955000E+03,4.695669E-01,1.416335E-01,1.833745E-01,4.522217E-01,-4.667970E-02,-1.679779E-01
2.955500E+03,4.751886E-01,1.502967E-01,1.752785E-01,3.536778E-01,-5.946006E-02,-1.607388E-01
2.956000E+03,4.758578E-01,1.576028E-01,1.652859E-01,2.547355E-01,-7.128749E-02,-1.516993E-01
2.956500E+03,4.715491E-01,1.634229E-01,1.534911E-01,1.563062E-01,-8.203193E-02,-1.410643E-01
2.957000E+03,4.622992E-01,1.676434E-01,1.400126E-01,5.927636E-02,-9.158141E-02,-1.290557E-01
2.957500E+03,4.482066E-01,1.701682E-01,1.249919E-01,-3.550260E-02,-9.984279E-02,-1.159072E-01
2.958000E+03,4.294300E-01,1.709206E-01,1.085917E-01,-1.272231E-01,-1.067421E-01,-1.018588E-01
2.958500E+03,4.061862E-01,1.698454E-01,9.099338E-02,-2.151302E-01,-1.122245E-01,-8.715229E-02
2.959000E+03,3.787466E-01,1.669101E-01,7.239491E-02,-2.985292E-01,-1.162543E-01,-7.202655E-02
2.959500E+03,3.474338E-01,1.621062E-01,5.300777E-02,-3.767923E-01,-1.188141E-01,-5.671302E-02
2.960000E+03,3.126170E-01,1.554499E-01,3.305412E-02,-4.493651E-01,-1.199044E-01,-4.143216E-02
2.960500E+03,2.747066E-01,1.469827E-01,1.276369E-02,-5.157708E-01,-1.195425E-01,-2.639005E-02
2.961000E+03,2.341494E-01,1.367707E-01,-7.629520E-03,-5.756139E-01,-1.177616E-01,-1.177585E-02
2.961500E+03,1.914220E-01,1.249050E-01,-2.789043E-02,-6.285825E-01,-1.146094E-01,2.240310E-03
2.962000E+03,1.470247E-01,1.115000E-01,-4.778617E-02,-6.744493E-01,-1.101474E-01,1.550868E-02
2.962500E+03,1.014752E-01,9.669247E-02,-6.708925E-02,-7.130714E-01,-1.044489E-01,2.790064E-02
2.963000E+03,5.530160E-02,8.064003E-02,-8.558060E-02,-7.443884E-01,-9.759866E-02,3.930886E-02
2.963500E+03,9.035913E-03,6.351872E-02,-1.030524E-01,-7.684196E-01,-8.969083E-02,4.964688E-02
2.964000E+03,-3.679269E-02,4.552090E-02,-1.193109E-01,-7.852606E-01,-8.082829E-02,5.884821E-02
2.964500E+03,-8.166443E-02,2.685251E-02,-1.341787E-01,-7.950773E-01,-7.112128E-02,6.686501E-02
2.965000E+03,-1.250753E-01,7.730281E-03,-1.474965E-01,-7.981005E-01,-6.068640E-02,7.366644E-02
2.965500E+03,-1.665430E-01,-1.162141E-02,-1.591258E-01,-7.946189E-01,-4.964555E-02,7.923672E-02
2.966000E+03,-2.056131E-01,-3.097363E-02,-1.689495E-01,-7.849717E-01,-3.812498E-02,8.357308E-02
2.966500E+03,-2.418636E-01,-5.009619E-02,-1.768732E-01,-7.695403E-01,-2.625437E-02,8.668365E-02
2.967000E+03,-2.749105E-01,-6.876090E-02,-1.828266E-01,-7.487406E-01,-1.416596E-02,8.858539E-02
2.967500E+03,-3.044120E-01,-8.674476E-02,-1.867629E-01,-7.230137E-01,-1.993708E-03,8.930213E-02
2.968000E+03,-3.300717E-01,-1.038331E-01,-1.886597E-01,-6.928184E-01,1.012760E-02,8.886282E-02
2.968500E+03,-3.516425E-01,-1.198227E-01,-1.885185E-01,-6.586227E-01,2.206318E-02,8.730004E-02
2.969000E+03,-3.689287E-01,-1.345243E-01,-1.863642E-01,-6.208957E-01,3.367914E-02,8.464885E-02
2.969500E+03,-3.817883E-01,-1.477653E-01,-1.822442E-01,-5.801008E-01,4.484343E-02,8.094599E-02
2.970000E+03,-3.901339E-01,-1.593923E-01,-1.762273E-01,-5.366893E-01,5.542685E-02,7.622944E-02
2.970500E+03,-3.939333E-01,-1.692726E-01,-1.684025E-01,-4.910940E-01,6.530412E-02,7.053839E-02
2.971000E+03,-3.932098E-01,-1.772962E-01,-1.588778E-01,-4.437252E-01,7.435503E-02,6.391356E-02
2.971500E+03,-3.880413E-01,-1.833769E-01,-1.477780E-01,-3.949662E-01,8.246568E-02,5.639783E-02
2.972000E+03,-3.785589E-01,-1.874536E-01,-1.352431E-01,-3.451712E-01,8.952976E-02,4.803727E-02
2.972500E+03,-3.649450E-01,-1.894902E-01,-1.214267E-01,-2.946629E-01,9.544998E-02,3.888225E-02
2.973000E+03,-3.474309E-01,-1.894766E-01,-1.064937E-01,-2.437323E-01,1.001395E-01,2.898884E-02
2.973500E+03,-3.262935E-01,-1.874280E-01,-9.061855E-02,-1.926389E-01,1.035232E-01,1.842024E-02
2.974000E+03,-3.018521E-01,-1.833846E-01,-7.398290E-02,-1.416123E-01,1.055394E-01,7.248192E-03
2.974500E+03,-2.744634E-01,-1.774106E-01,-5.677388E-02,-9.085393E-02,1.061413E-01,-4.445616E-03
2.975000E+03,-2.445182E-01,-1.695934E-01,-3.918191E-02,-4.054085E-02,1.052979E-01,-1.656841E-02
2.975500E+03,-2.124352E-01,-1.600420E-01,-2.139880E-02,9.171083E-03,1.029956E-01,-2.901539E-02
2.976000E+03,-1.786568E-01,-1.488851E-01,-3.615771E-03,5.814260E-02,9.923947E-02,-4.166913E-02
2.976500E+03,-1.436427E-01,-1.362697E-01,1.397837E-02,1.062464E-01,9.405364E-02,-5.439943E-02
2.977000E+03,-1.078645E-01,-1.223586E-01,3.119903E-02,1.533621E-01,8.748231E-02,-6.706353E-02
2.977500E+03,-7.179963E-02,-1.073282E-01,4.786760E-02,1.993711E-01,7.959009E-02,-7.950690E-02
2.978000E+03,-3.592542E-02,-9.136652E-02,6.381300E-02,2.441520E-01,7.046201E-02,-9.156453E-02
2.978500E+03,-7.127119E-04,-7.467024E-02,7.887331E-02,2.875752E-01,6.020332E-02,-1.030627E-01
2.979000E+03,3.338002E-02,-5.744254E-02,9.289713E-02,3.294989E-01,4.893887E-02,-1.138215E-01
2.979500E+03,6.591270E-02,-3.989048E-02,1.057450E-01,3.697651E-01,3.681207E-02,-1.236572E-01
2.980000E+03,9.646943E-02,-2.222249E-02,1.172908E-01,4.081965E-01,2.398354E-02,-1.323860E-01
2.980500E+03,1.246640E-01,-4.645850E-03,1.274223E-01,4.445938E-01,1.062930E-02,-1.398273E-01
2.981000E+03,1.501452E-01,1.263564E-02,1.360432E-01,4.787345E-01,-3.061369E-03,-1.458080E-01
2.981500E+03,1.726015E-01,2.942404E-02,1.430730E-01,5.103719E-01,-1.688843E-02,-1.501662E-01
2.982000E+03,1.917654E-01,4.552950E-02,1.484485E-01,5.392357E-01,-3.064394E-02,-1.527554E-01
2.982500E+03,2.074174E-01,6.077230E-02,1.521242E-01,5.650332E-01,-4.411520E-02,-1.534492E-01
2.983000E+03,2.193890E-01,7.498484E-02,1.540729E-01,5.874520E-01,-5.708805E-02,-1.521448E-01
2.983500E+03,2.275655E-01,8.801339E-02,1.542860E-01,6.061632E-01,-6.935051E-02,-1.487670E-01
2.984000E+03,2.318876E-01,9.971973E-02,1.527738E-01,6.208260E-01,-8.069634E-02,-1.432718E-01
2.984500E+03,2.323527E-01,1.099825E-01,1.495653E-01,6.310928E-01,-9.092884E-02,-1.356488E-01
2.985000E+03,2.290151E-01,1.186987E-01,1.447087E-01,6.366159E-01,-9.986443E-02,-1.259242E-01
2.985500E+03,2.219858E-01,1.257841E-01,1.382701E-01,6.370538E-01,-1.073363E-01,-1.141620E-01
2.986000E+03,2.114309E-01,1.311747E-01,1.303340E-01,6.320792E-01,-1.131978E-01,-1.004651E-01
2.986500E+03,1.975695E-01,1.348272E-01,1.210017E-01,6.213867E-01,-1.173255E-01,-8.497503E-02
2.987000E+03,1.806712E-01,1.367191E-01,1.103911E-01,6.047015E-01,-1.196221E-01,-6.787183E-02
2.987500E+03,1.610519E-01,1.368488E-01,9.863492E-02,5.817873E-01,-1.200185E-01,-4.937182E-02
2.988000E+03,1.390698E-01,1.352361E-01,8.587992E-02,5.524553E-01,-1.184764E-01,-2.972534E-02
2.988500E+03,1.151198E-01,1.319213E-01,7.228490E-02,5.165721E-01,-1.149889E-01,-9.213352E-03
2.989000E+03,8.962836E-02,1.269650E-01,5.801919E-02,4.740680E-01,-1.095819E-01,1.185673E-02
2.989500E+03,6.304642E-02,1.204471E-01,4.326068E-02,4.249438E-01,-1.023144E-01,3.315592E-02
2.990000E+03,3.584315E-02,1.124661E-01,2.819371E-02,3.692780E-01,-9.327760E-02,5.433913E-02
2.990500E+03,8.498532E-03,1.031378E-01,1.300687E-02,3.072322E-01,-8.259458E-02,7.505129E-02
2.991000E+03,-1.850409E-02,9.259368E-02,-2.109334E-03,2.390560E-01,-7.041830E-02,9.493374E-02
2.991500E+03,-4.468562E-02,8.097968E-02,-1.696493E-02,1.650906E-01,-5.692954E-02,1.136310E-01
2.992000E+03,-6.957894E-02,6.845418E-02,-3.137296E-02,8.577097E-02,-4.233418E-02,1.307975E-01
2.992500E+03,-9.273647E-02,5.518610E-02,-4.515193E-02,1.626590E-03,-2.685988E-02,1.461047E-01
2.993000E+03,-1.137376E-01,4.135282E-02,-5.812836E-02,-8.671894E-02,-1.075236E-02,1.592474E-01
2.993500E+03,-1.321956E-01,2.713790E-02,-7.013912E-02,-1.785503E-01,5.728720E-03,1.699502E-01
2.994000E+03,-1.477647E-01,1.272879E-02,-8.103382E-02,-2.730641E-01,2.231422E-02,1.779737E-01
2.994500E+03,-1.601455E-01,-1.685644E-03,-9.067692E-02,-3.693748E-01,3.873019E-02,1.831191E-01
2.995000E+03,-1.690908E-01,-1.591756E-02,-9.894979E-02,-4.665212E-01,5.470276E-02,1.852334E-01
2.995500E+03,-1.744100E-01,-2.978266E-02,-1.057524E-01,-5.634754E-01,6.996297E-02,1.842127E-01
2.996000E+03,-1.759728E-01,-4.310266E-02,-1.110051E-01,-6.591532E-01,8.425164E-02,1.800051E-01
2.996500E+03,-1.737123E-01,-5.570775E-02,-1.146494E-01,-7.524256E-01,9.732410E-02,1.726127E-01
2.997000E+03,-1.676260E-01,-6.743891E-02,-1.166493E-01,-8.421317E-01,1.089547E-01,1.620920E-01
2.997500E+03,-1.577773E-01,-7.815018E-02,-1.169919E-01,-9.270932E-01,1.189408E-01,1.485539E-01
2.998000E+03,-1.442944E-01,-8.771073E-02,-1.156875E-01,-1.006129E+00,1.271068E-01,1.321620E-01
2.998500E+03,-1.273693E-01,-9.600673E-02,-1.127694E-01,-1.078073E+00,1.333073E-01,1.131306E-01
2.999000E+03,-1.072550E-01,-1.029430E-01,-1.082938E-01,-1.141788E+00,1.374298E-01,9.172111E-02
2.999500E+03,-8.426159E-02,-1.084445E-01,-1.023386E-01,-1.196185E+00,1.393967E-01,6.823743E-02
3.000000E+03,-5.875201E-02,-1.124571E-01,-9.500251E-02,-1.240241E+00,1.391673E-01,4.302118E-02
3.000500E+03,-3.113615E-02,-1.149491E-01,-8.640351E-02,-1.273013E+00,1.367382E-01,1.644557E-02
3.001000E+03,-1.864385E-03,-1.159108E-01,-7.667687E-02,-1.293659E+00,1.321433E-01,-1.109113E-02
3.001500E+03,2.857960E-02,-1.153553E-01,-6.597326E-02,-1.301449E+00,1.254539E-01,-3.917257E-02
3.002000E+03,5.968674E-02,-1.133179E-01,-5.445633E-02,-1.295787E+00,1.167770E-01,-6.737173E-02
3.002500E+03,9.093102E-02,-1.098558E-01,-4.230018E-02,-1.276219E+00,1.062534E-01,-9.525847E-02
3.003000E+03,1.217782E-01,-1.050466E-01,-2.968671E-02,-1.242446E+00,9.405549E-02,-1.224071E-01
3.003500E+03,1.516947E-01,-9.898775E-02,-1.680272E-02,-1.194340E+00,8.038394E-02,-1.484040E-01
3.004000E+03,1.801570E-01,-9.179438E-02,-3.837139E-03,-1.131945E+00,6.546432E-02,-1.728545E-01
3.004500E+03,2.066603E-01,-8.359749E-02,9.021973E-03,-1.055492E+00,4.954296E-02,-1.953903E-01
3.005000E+03,2.307271E-01,-7.454184E-02,2.159022E-02,-9.653946E-01,3.288268E-02,-2.156753E-01
3.005500E+03,2.519160E-01,-6.478340E-02,3.368966E-02,-8.622563E-01,1.575806E-02,-2.334112E-01
3.006000E+03,2.698290E-01,-5.448675E-02,4.515146E-02,-7.468671E-01,-1.549344E-03,-2.483431E-01
3.006500E+03,2.841188E-01,-4.382229E-02,5.581836E-02,-6.201996E-01,-1.875595E-02,-2.602627E-01
3.007000E+03,2.944949E-01,-3.296334E-02,6.554689E-02,-4.834023E-01,-3.558111E-02,-2.690120E-01
3.007500E+03,3.007290E-01,-2.208318E-02,7.420940E-02,-3.377894E-01,-5.175195E-02,-2.744855E-01
3.008000E+03,3.026590E-01,-1.135215E-02,8.169573E-02,-1.848286E-01,-6.700805E-02,-2.766314E-01
3.008500E+03,3.001926E-01,-9.347924E-04,8.791460E-02,-2.612542E-02,-8.110593E-02,-2.754516E-01
3.009000E+03,2.933087E-01,9.012950E-03,9.279468E-02,1.365947E-01,-9.382306E-02,-2.710016E-01
3.009500E+03,2.820586E-01,1.834625E-02,9.628528E-02,3.015066E-01,-1.049616E-01,-2.633883E-01
3.010000E+03,2.665651E-01,2.693376E-02,9.835670E-02,4.667083E-01,-1.143517E-01,-2.527675E-01
3.010500E+03,2.470211E-01,3.465970E-02,9.900027E-02,6.302449E-01,-1.218540E-01,-2.393410E-01
3.011000E+03,2.236864E-01,4.142563E-02,9.822795E-02,7.901349E-01,-1.273619E-01,-2.233520E-01
3.011500E+03,1.968838E-01,4.715183E-02,9.607173E-02,9.443971E-01,-1.308030E-01,-2.050803E-01
3.012000E+03,1.669938E-01,5.177838E-02,9.258260E-02,1.091078E+00,-1.321402E-01,-1.848374E-01
3.012500E+03,1.344482E-01,5.526580E-02,8.782931E-02,1.228282E+00,-1.313717E-01,-1.629603E-01
3.013000E+03,9.972357E-02,5.759528E-02,8.189687E-02,1.354195E+00,-1.285309E-01,-1.398055E-01
3.013500E+03,6.333294E-02,5.876853E-02,7.488481E-02,1.467118E+00,-1.236852E-01,-1.157429E-01
3.014000E+03,2.581753E-02,5.880719E-02,6.690527E-02,1.565488E+00,-1.169348E-01,-9.114882E-02
3.014500E+03,-1.226217E-02,5.775189E-02,5.808095E-02,1.647905E+00,-1.084102E-01,-6.640025E-02
3.015000E+03,-5.033571E-02,5.566091E-02,4.854300E-02,1.713158E+00,-9.826994E-02,-4.186813E-02
3.015500E+03,-8.783205E-02,5.260851E-02,3.842877E-02,1.760239E+00,-8.669715E-02,-1.791154E-02
3.016000E+03,-1.241889E-01,4.868301E-02,2.787966E-02,1.788367E+00,-7.389652E-02,5.128031E-03
3.016500E+03,-1.588621E-01,4.398454E-02,1.703887E-02,1.796999E+00,-6.009024E-02,2.693189E-02
3.017000E+03,-1.913341E-01,3.862268E-02,6.049350E-03,1.785842E+00,-4.551403E-02,4.720885E-02
3.017500E+03,-2.211229E-01,3.271391E-02,-4.948230E-03,1.754861E+00,-3.041289E-02,6.569940E-02
3.018000E+03,-2.477892E-01,2.637896E-02,-1.581737E-02,1.704285E+00,-1.503681E-02,8.217910E-02
3.018500E+03,-2.709437E-01,1.974021E-02,-2.642745E-02,1.634599E+00,3.636228E-04,9.646147E-02
3.019000E+03,-2.902531E-01,1.291902E-02,-3.665522E-02,1.546548E+00,1.554151E-02,1.084000E-01
3.019500E+03,-3.054451E-01,6.033309E-03,-4.638617E-02,1.441125E+00,3.025783E-02,1.178895E-01
3.020000E+03,-3.163125E-01,-8.048885E-04,-5.551560E-02,1.319558E+00,4.428543E-02,1.248667E-01
3.020500E+03,-3.227159E-01,-7.491493E-03,-6.394951E-02,1.183292E+00,5.741268E-02,1.293103E-01
3.021000E+03,-3.245854E-01,-1.393229E-02,-7.160523E-02,1.033974E+00,6.944695E-02,1.312399E-01
3.021500E+03,-3.219213E-01,-2.004451E-02,-7.841188E-02,8.734281E-01,8.021748E-02,1.307146E-01
3.022000E+03,-3.147930E-01,-2.575806E-02,-8.431053E-02,7.036253E-01,8.957805E-02,1.278310E-01
3.022500E+03,-3.033377E-01,-3.101643E-02,-8.925423E-02,5.266609E-01,9.740899E-02,1.227203E-01
3.023000E+03,-2.877566E-01,-3.577721E-02,-9.320782E-02,3.447207E-01,1.036188E-01,1.155452E-01
3.023500E+03,-2.683116E-01,-4.001218E-02,-9.614755E-02,1.600501E-01,1.081450E-01,1.064964E-01
3.024000E+03,-2.453198E-01,-4.370709E-02,-9.806061E-02,-2.507885E-02,1.109552E-01,9.578833E-02
3.024500E+03,-2.191480E-01,-4.686106E-02,-9.894445E-02,-2.084007E-01,1.120462E-01,8.365495E-02
3.025000E+03,-1.902056E-01,-4.948556E-02,-9.880613E-02,-3.876896E-01,1.114442E-01,7.034523E-02
3.025500E+03,-1.589377E-01,-5.160317E-02,-9.766145E-02,-5.607915E-01,1.092033E-01,5.611852E-02
3.026000E+03,-1.258172E-01,-5.324601E-02,-9.553419E-02,-7.256547E-01,1.054039E-01,4.123979E-02
3.026500E+03,-9.133693E-02,-5.445398E-02,-9.245522E-02,-8.803593E-01,1.001510E-01,2.597502E-02
3.027000E+03,-5.600114E-02,-5.527275E-02,-8.846165E-02,-1.023143E+00,9.357131E-02,1.058664E-02
3.027500E+03,-2.031743E-02,-5.575172E-02,-8.359610E-02,-1.152427E+00,8.581076E-02,-4.670792E-03
3.028000E+03,1.521150E-02,-5.594187E-02,-7.790587E-02,-1.266832E+00,7.703124E-02,-1.955474E-02
3.028500E+03,5.009573E-02,-5.589360E-02,-7.144229E-02,-1.365200E+00,6.740732E-02,-3.383838E-02
3.029000E+03,8.386556E-02,-5.565468E-02,-6.426016E-02,-1.446605E+00,5.712265E-02,-4.731401E-02
3.029500E+03,1.160785E-01,-5.526829E-02,-5.641720E-02,-1.510362E+00,4.636642E-02,-5.979596E-02
3.030000E+03,1.463256E-01,-5.477126E-02,-4.797368E-02,-1.556035E+00,3.532962E-02,-7.112305E-02
3.030500E+03,1.742370E-01,-5.419253E-02,-3.899212E-02,-1.583431E+00,2.420148E-02,-8.116050E-02
3.031000E+03,1.994865E-01,-5.355190E-02,-2.953710E-02,-1.592605E+00,1.316590E-02,-8.980134E-02
3.031500E+03,2.217959E-01,-5.285914E-02,-1.967515E-02,-1.583848E+00,2.398197E-03,-9.696726E-02
3.032000E+03,2.409372E-01,-5.211339E-02,-9.474738E-03,-1.557677E+00,-7.938054E-03,-1.026088E-01
3.032500E+03,2.567350E-01,-5.130299E-02,9.936899E-04,-1.514821E+00,-1.769376E-02,-1.067053E-01
3.033000E+03,2.690675E-01,-5.040564E-02,1.165758E-02,-1.456202E+00,-2.673678E-02,-1.092638E-01
3.033500E+03,2.778662E-01,-4.938903E-02,2.244214E-02,-1.382919E+00,-3.495392E-02,-1.103178E-01
3.034000E+03,2.831148E-01,-4.821180E-02,3.327019E-02,-1.296222E+00,-4.225254E-02,-1.099257E-01
3.034500E+03,2.848481E-01,-4.682484E-02,4.406202E-02,-1.197487E+00,-4.856175E-02,-1.081682E-01
3.035000E+03,2.831484E-01,-4.517296E-02,5.473524E-02,-1.088193E+00,-5.383296E-02,-1.051461E-01
3.035500E+03,2.781427E-01,-4.319685E-02,6.520476E-02,-9.698979E-01,-5.804014E-02,-1.009769E-01
3.036000E+03,2.699987E-01,-4.083527E-02,7.538282E-02,-8.442053E-01,-6.117948E-02,-9.579218E-02
3.036500E+03,2.589194E-01,-3.802738E-02,8.517904E-02,-7.127445E-01,-6.326859E-02,-8.973377E-02
3.037000E+03,2.451391E-01,-3.471531E-02,9.450072E-02,-5.771424E-01,-6.434527E-02,-8.295057E-02
3.037500E+03,2.289172E-01,-3.084665E-02,1.032532E-01,-4.390004E-01,-6.446590E-02,-7.559494E-02
3.038000E+03,2.105330E-01,-2.637701E-02,1.113403E-01,-2.998712E-01,-6.370339E-02,-6.781929E-02
3.038500E+03,1.902802E-01,-2.127249E-02,1.186651E-01,-1.612391E-01,-6.214485E-02,-5.977272E-02
3.039000E+03,1.684609E-01,-1.551192E-02,1.251307E-01,-2.450179E-02,-5.988902E-02,-5.159789E-02
3.039500E+03,1.453804E-01,-9.088982E-03,1.306413E-01,1.090452E-01,-5.704343E-02,-4.342814E-02
3.040000E+03,1.213420E-01,-2.013954E-03,1.351031E-01,2.382210E-01,-5.372150E-02,-3.538491E-02
3.040500E+03,9.664218E-02,5.684884E-03,1.384259E-01,3.619691E-01,-5.003956E-02,-2.757552E-02
3.041000E+03,7.156613E-02,1.396023E-02,1.405243E-01,4.793640E-01,-4.611381E-02,-2.009146E-02
3.041500E+03,4.638409E-02,2.274518E-02,1.413193E-01,5.896150E-01,-4.205749E-02,-1.300698E-02
3.042000E+03,2.134794E-02,3.195320E-02,1.407401E-01,6.920674E-01,-3.797807E-02,-6.378308E-03
3.042500E+03,-3.311372E-03,4.147850E-02,1.387253E-01,7.862002E-01,-3.397473E-02,-2.432649E-04
3.043000E+03,-2.738581E-02,5.119701E-02,1.352251E-01,8.716223E-01,-3.013612E-02,5.378586E-03
3.043500E+03,-5.069158E-02,6.096784E-02,1.302027E-01,9.480658E-01,-2.653835E-02,1.048532E-02
3.044000E+03,-7.306980E-02,7.063524E-02,1.236359E-01,1.015377E+00,-2.324350E-02,1.509157E-02
3.044500E+03,-9.438649E-02,8.003102E-02,1.155191E-01,1.073509E+00,-2.029840E-02,1.922702E-02
3.045000E+03,-1.145320E-01,8.897747E-02,1.058639E-01,1.122504E+00,-1.773393E-02,2.293448E-02
3.045500E+03,-1.334199E-01,9.729057E-02,9.470109E-02,1.162489E+00,-1.556472E-02,2.626773E-02
3.046000E+03,-1.509853E-01,1.047836E-01,8.208136E-02,1.193658E+00,-1.378931E-02,2.928895E-02
3.046500E+03,-1.671829E-01,1.112709E-01,6.807604E-02,1.216259E+00,-1.239078E-02,3.206614E-02
3.047000E+03,-1.819846E-01,1.165721E-01,5.277768E-02,1.230586E+00,-1.133775E-02,3.467021E-02
3.047500E+03,-1.953767E-01,1.205160E-01,3.630020E-02,1.236961E+00,-1.058584E-02,3.717222E-02
3.048000E+03,-2.073574E-01,1.229447E-01,1.877871E-02,1.235724E+00,-1.007939E-02,3.964054E-02
3.048500E+03,-2.179339E-01,1.237178E-01,3.689865E-04,1.227227E+00,-9.753600E-03,4.213818E-02
3.049000E+03,-2.271194E-01,1.227161E-01,-1.875348E-02,1.211821E+00,-9.536812E-03,4.472026E-02
3.049500E+03,-2.349307E-01,1.198450E-01,-3.839476E-02,1.189848E+00,-9.353039E-03,4.743184E-02
3.050000E+03,-2.413855E-01,1.150383E-01,-5.834421E-02,1.161638E+00,-9.124582E-03,5.030599E-02
3.050500E+03,-2.465003E-01,1.082603E-01,-7.837655E-02,1.127505E+00,-8.774700E-03,5.336230E-02
3.051000E+03,-2.502885E-01,9.950841E-02,-9.825430E-02,1.087740E+00,-8.230247E-03,5.660577E-02
3.051500E+03,-2.527591E-01,8.881473E-02,-1.177306E-01,1.042616E+00,-7.424210E-03,6.002627E-02
3.052000E+03,-2.539156E-01,7.624724E-02,-1.365523E-01,9.923861E-01,-6.298077E-03,6.359835E-02
3.052500E+03,-2.537552E-01,6.191005E-02,-1.544633E-01,9.372852E-01,-4.803960E-03,6.728165E-02
3.053000E+03,-2.522693E-01,4.594313E-02,-1.712084E-01,8.775346E-01,-2.906431E-03,7.102177E-02
3.053500E+03,-2.494435E-01,2.852129E-02,-1.865365E-01,8.133469E-01,-5.840082E-04,7.475161E-02
3.054000E+03,-2.452586E-01,9.852409E-03,-2.002054E-01,7.449309E-01,2.169755E-03,7.839312E-02
3.054500E+03,-2.396922E-01,-9.824987E-03,-2.119847E-01,6.724981E-01,5.345596E-03,8.185949E-02
3.055000E+03,-2.327200E-01,-3.024484E-02,-2.216608E-01,5.962695E-01,8.918324E-03,8.505763E-02
3.055500E+03,-2.243184E-01,-5.111731E-02,-2.290399E-01,5.164822E-01,1.284704E-02,8.789095E-02
3.056000E+03,-2.144666E-01,-7.213305E-02,-2.339520E-01,4.333957E-01,1.707585E-02,9.026228E-02
3.056500E+03,-2.031492E-01,-9.296805E-02,-2.362546E-01,3.472985E-01,2.153494E-02,9.207695E-02
3.057000E+03,-1.903588E-01,-1.132888E-01,-2.358354E-01,2.585135E-01,2.614216E-02,9.324585E-02
3.057500E+03,-1.760991E-01,-1.327579E-01,-2.326157E-01,1.674027E-01,3.080490E-02,9.368843E-02
3.058000E+03,-1.603872E-01,-1.510397E-01,-2.265520E-01,7.437105E-02,3.542236E-02,9.333554E-02
3.058500E+03,-1.432565E-01,-1.678065E-01,-2.176387E-01,-2.013116E-02,3.988802E-02,9.213201E-02
3.059000E+03,-1.247585E-01,-1.827438E-01,-2.059088E-01,-1.156069E-01,4.409242E-02,9.003896E-02
3.059500E+03,-1.049653E-01,-1.955569E-01,-1.914351E-01,-2.115124E-01,4.792594E-02,8.703563E-02
3.060000E+03,-8.397095E-02,-2.059759E-01,-1.743302E-01,-3.072589E-01,5.128178E-02,8.312084E-02
3.060500E+03,-6.189267E-02,-2.137613E-01,-1.547459E-01,-4.022156E-01,5.405885E-02,7.831388E-02
3.061000E+03,-3.887135E-02,-2.187086E-01,-1.328725E-01,-4.957134E-01,5.616456E-02,7.265489E-02
3.061500E+03,-1.507167E-02,-2.206528E-01,-1.089366E-01,-5.870511E-01,5.751751E-02,6.620469E-02
3.062000E+03,9.318445E-03,-2.194722E-01,-8.319907E-02,-6.755020E-01,5.804988E-02,5.904401E-02
3.062500E+03,3.408902E-02,-2.150909E-01,-5.595176E-02,-7.603216E-01,5.770955E-02,5.127219E-02
3.063000E+03,5.900981E-02,-2.074821E-01,-2.751426E-02,-8.407566E-01,5.646188E-02,4.300530E-02
3.063500E+03,8.383265E-02,-1.966685E-01,1.770421E-03,-9.160543E-01,5.429101E-02,3.437389E-02
3.064000E+03,1.082945E-01,-1.827238E-01,3.154028E-02,-9.854726E-01,5.120080E-02,2.552016E-02
3.064500E+03,1.321208E-01,-1.657720E-01,6.141935E-02,-1.048291E+00,4.721527E-02,1.659484E-02
3.065000E+03,1.550297E-01,-1.459866E-01,9.102291E-02,-1.103819E+00,4.237848E-02,7.753808E-03
3.065500E+03,1.767361E-01,-1.235885E-01,1.199631E-01,-1.151411E+00,3.675403E-02,-8.455696E-04
3.066000E+03,1.969565E-01,-9.884327E-02,1.478544E-01,-1.190472E+00,3.042400E-02,-9.048116E-03
3.066500E+03,2.154139E-01,-7.205788E-02,1.743197E-01,-1.220468E+00,2.348745E-02,-1.670458E-02
3.067000E+03,2.318430E-01,-4.357605E-02,1.989958E-01,-1.240938E+00,1.605849E-02,-2.367527E-02
3.067500E+03,2.459948E-01,-1.377349E-02,2.215388E-01,-1.251499E+00,8.263977E-03,-2.983348E-02
3.068000E+03,2.576420E-01,1.694765E-02,2.416299E-01,-1.251856E+00,2.408848E-04,-3.506863E-02
3.068500E+03,2.665838E-01,4.816486E-02,2.589800E-01,-1.241806E+00,-7.866624E-03,-3.928903E-02
3.069000E+03,2.726498E-01,7.944165E-02,2.733347E-01,-1.221245E+00,-1.591028E-02,-4.242425E-02
3.069500E+03,2.757048E-01,1.103343E-01,2.844781E-01,-1.190168E+00,-2.374095E-02,-4.442685E-02
3.070000E+03,2.756517E-01,1.403987E-01,2.922366E-01,-1.148678E+00,-3.121189E-02,-4.527367E-02
3.070500E+03,2.724349E-01,1.691974E-01,2.964818E-01,-1.096981E+00,-3.818197E-02,-4.496643E-02
3.071000E+03,2.660425E-01,1.963064E-01,2.971324E-01,-1.035391E+00,-4.451884E-02,-4.353178E-02
3.071500E+03,2.565075E-01,2.213219E-01,2.941565E-01,-9.643218E-01,-5.010184E-02,-4.102058E-02
3.072000E+03,2.439091E-01,2.438669E-01,2.875716E-01,-8.842929E-01,-5.482465E-02,-3.750678E-02
3.072500E+03,2.283722E-01,2.635969E-01,2.774450E-01,-7.959187E-01,-5.859775E-02,-3.308547E-02
3.073000E+03,2.100671E-01,2.802058E-01,2.638928E-01,-6.999064E-01,-6.135029E-02,-2.787063E-02
3.073500E+03,1.892069E-01,2.934305E-01,2.470787E-01,-5.970494E-01,-6.303177E-02,-2.199221E-02
3.074000E+03,1.660461E-01,3.030554E-01,2.272113E-01,-4.882199E-01,-6.361308E-02,-1.559289E-02
3.074500E+03,1.408764E-01,3.089160E-01,2.045414E-01,-3.743609E-01,-6.308715E-02,-8.824583E-03
3.075000E+03,1.140229E-01,3.109014E-01,1.793580E-01,-2.564773E-01,-6.146911E-02,-1.844567E-03
3.075500E+03,8.583987E-02,3.089564E-01,1.519845E-01,-1.356266E-01,-5.879593E-02,5.188359E-03
3.076000E+03,5.670488E-02,3.030822E-01,1.227738E-01,-1.290818E-02,-5.512557E-02,1.211782E-02
3.076500E+03,2.701337E-02,2.933370E-01,9.210267E-02,1.105470E-01,-5.053571E-02,1.879371E-02
3.077000E+03,-2.827586E-03,2.798348E-01,6.036675E-02,2.335875E-01,-4.512200E-02,2.507580E-02
3.077500E+03,-3.240572E-02,2.627438E-01,2.797444E-02,3.550530E-01,-3.899598E-02,3.083717E-02
3.078000E+03,-6.131016E-02,2.422842E-01,-4.659085E-03,4.737857E-01,-3.228266E-02,3.596710E-02
3.078500E+03,-8.913802E-02,2.187245E-01,-3.711783E-02,5.886421E-01,-2.511775E-02,4.037371E-02
3.079000E+03,-1.155010E-01,1.923779E-01,-6.899106E-02,6.985047E-01,-1.764480E-02,4.398589E-02
3.079500E+03,-1.400318E-01,1.635969E-01,-9.987912E-02,8.022934E-01,-1.001213E-02,4.675480E-02
3.080000E+03,-1.623899E-01,1.327688E-01,-1.293991E-01,8.989771E-01,-2.369658E-03,4.865472E-02
3.080500E+03,-1.822675E-01,1.003091E-01,-1.571902E-01,9.875849E-01,5.134173E-03,4.968322E-02
3.081000E+03,-1.993943E-01,6.665600E-02,-1.829184E-01,1.067216E+00,1.235550E-02,4.986080E-02
3.081500E+03,-2.135422E-01,3.226304E-02,-2.062813E-01,1.137053E+00,1.915797E-02,4.922988E-02
3.082000E+03,-2.245287E-01,-2.407083E-03,-2.270114E-01,1.196365E+00,2.541542E-02,4.785318E-02
3.082500E+03,-2.322201E-01,-3.688961E-02,-2.448800E-01,1.244524E+00,3.101443E-02,4.581162E-02
3.083000E+03,-2.365336E-01,-7.072454E-02,-2.596992E-01,1.281009E+00,3.585643E-02,4.320173E-02
3.083500E+03,-2.374382E-01,-1.034633E-01,-2.713245E-01,1.305413E+00,3.985957E-02,4.013268E-02
3.084000E+03,-2.349558E-01,-1.346754E-01,-2.796554E-01,1.317453E+00,4.296015E-02,3.672295E-02
3.084500E+03,-2.291598E-01,-1.639542E-01,-2.846363E-01,1.316967E+00,4.511368E-02,3.309688E-02
3.085000E+03,-2.201740E-01,-1.909233E-01,-2.862562E-01,1.303929E+00,4.629553E-02,2.938099E-02
3.085500E+03,-2.081708E-01,-2.152411E-01,-2.845480E-01,1.278442E+00,4.650112E-02,2.570036E-02
3.086000E+03,-1.933671E-01,-2.366056E-01,-2.795869E-01,1.240744E+00,4.574573E-02,2.217509E-02
3.086500E+03,-1.760215E-01,-2.547589E-01,-2.714884E-01,1.191205E+00,4.406390E-02,1.891682E-02
3.087000E+03,-1.564288E-01,-2.694896E-01,-2.604054E-01,1.130328E+00,4.150848E-02,1.602571E-02
3.087500E+03,-1.349156E-01,-2.806359E-01,-2.465255E-01,1.058745E+00,3.814922E-02,1.358759E-02
3.088000E+03,-1.118344E-01,-2.880872E-01,-2.300672E-01,9.772065E-01,3.407120E-02,1.167163E-02
3.088500E+03,-8.755736E-02,-2.917849E-01,-2.112757E-01,8.865833E-01,2.937288E-02,1.032844E-02
3.089000E+03,-6.247015E-02,-2.917224E-01,-1.904193E-01,7.878512E-01,2.416391E-02,9.588762E-03
3.089500E+03,-3.696544E-02,-2.879447E-01,-1.677846E-01,6.820844E-01,1.856284E-02,9.462628E-03
3.090000E+03,-1.143625E-02,-2.805467E-01,-1.436720E-01,5.704426E-01,1.269465E-02,9.939155E-03
3.090500E+03,1.373054E-02,-2.696712E-01,-1.183916E-01,4.541589E-01,6.688155E-03,1.098689E-02
3.091000E+03,3.816058E-02,-2.555058E-01,-9.225804E-02,3.345253E-01,6.734809E-04,1.255472E-02
3.091500E+03,6.149812E-02,-2.382792E-01,-6.558652E-02,2.128772E-01,-5.220531E-03,1.457328E-02
3.092000E+03,8.341168E-02,-2.182577E-01,-3.868858E-02,9.057766E-02,-1.086880E-02,1.695691E-02
3.092500E+03,1.035993E-01,-1.957400E-01,-1.186807E-02,-3.099952E-02,-1.615240E-02,1.960593E-02
3.093000E+03,1.217931E-01,-1.710527E-01,1.458246E-02,-1.504874E-01,-2.096078E-02,2.240940E-02
3.093500E+03,1.377633E-01,-1.445445E-01,4.038507E-02,-2.665433E-01,-2.519380E-02,2.524807E-02
3.094000E+03,1.513217E-01,-1.165812E-01,6.527933E-02,-3.778663E-01,-2.876359E-02,2.799758E-02
3.094500E+03,1.623238E-01,-8.753986E-02,8.902479E-02,-4.832141E-01,-3.159609E-02,3.053176E-02
3.095000E+03,1.706707E-01,-5.780288E-02,1.114030E-01,-5.814201E-01,-3.363239E-02,3.272598E-02
3.095500E+03,1.763101E-01,-2.775283E-02,1.322193E-01,-6.714086E-01,-3.482975E-02,3.446042E-02
3.096000E+03,1.792361E-01,2.233221E-03,1.513035E-01,-7.522092E-01,-3.516232E-02,3.562328E-02
3.096500E+03,1.794887E-01,3.178886E-02,1.685112E-01,-8.229700E-01,-3.462161E-02,3.611365E-02
3.097000E+03,1.771516E-01,6.056314E-02,1.837235E-01,-8.829689E-01,-3.321657E-02,3.584425E-02
3.097500E+03,1.723508E-01,8.822509E-02,1.968471E-01,-9.316227E-01,-3.097349E-02,3.474368E-02
3.098000E+03,1.652504E-01,1.144677E-01,2.078140E-01,-9.684948E-01,-2.793546E-02,3.275842E-02
3.098500E+03,1.560497E-01,1.390113E-01,2.165803E-01,-9.933001E-01,-2.416167E-02,2.985433E-02
3.099000E+03,1.449784E-01,1.616066E-01,2.231252E-01,-1.005908E+00,-1.972640E-02,2.601766E-02
3.099500E+03,1.322918E-01,1.820370E-01,2.274498E-01,-1.006343E+00,-1.471771E-02,2.125564E-02
3.100000E+03,1.182656E-01,2.001201E-01,2.295753E-01,-9.947808E-01,-9.235989E-03,1.559663E-02
3.100500E+03,1.031903E-01,2.157090E-01,2.295414E-01,-9.715477E-01,-3.392185E-03,9.089686E-03
3.101000E+03,8.736558E-02,2.286926E-01,2.274044E-01,-9.371102E-01,2.694047E-03,1.803808E-03
3.101500E+03,7.109394E-02,2.389956E-01,2.232357E-01,-8.920682E-01,8.896434E-03,-6.173309E-03
3.102000E+03,5.467534E-02,2.465777E-01,2.171195E-01,-8.371435E-01,1.508427E-02,-1.473688E-02
3.102500E+03,3.840119E-02,2.514321E-01,2.091512E-01,-7.731675E-01,2.112471E-02,-2.376694E-02
3.103000E+03,2.254892E-02,2.535844E-01,1.994356E-01,-7.010667E-01,2.688515E-02,-3.313061E-02
3.103500E+03,7.376795E-03,2.530899E-01,1.880856E-01,-6.218478E-01,3.223562E-02,-4.268450E-02
3.104000E+03,-6.880828E-03,2.500312E-01,1.752205E-01,-5.365807E-01,3.705118E-02,-5.227733E-02
3.104500E+03,-2.001768E-02,2.445153E-01,1.609648E-01,-4.463821E-01,4.121433E-02,-6.175267E-02
3.105000E+03,-3.185920E-02,2.366710E-01,1.454470E-01,-3.523980E-01,4.461728E-02,-7.095170E-02
3.105500E+03,-4.226543E-02,2.266452E-01,1.287989E-01,-2.557866E-01,4.716417E-02,-7.971603E-02
3.106000E+03,-5.113322E-02,2.145998E-01,1.111549E-01,-1.577010E-01,4.877315E-02,-8.789038E-02
3.106500E+03,-5.839763E-02,2.007086E-01,9.265136E-02,-5.927366E-02,4.937820E-02,-9.532523E-02
3.107000E+03,-6.403249E-02,1.851542E-01,7.342647E-02,3.839900E-02,4.893084E-02,-1.018793E-01
3.107500E+03,-6.805026E-02,1.681245E-01,5.361986E-02,1.342706E-01,4.740155E-02,-1.074220E-01
3.108000E+03,-7.050092E-02,1.498105E-01,3.337274E-02,2.273573E-01,4.478084E-02,-1.118353E-01
3.108500E+03,-7.147018E-02,1.304035E-01,1.282790E-02,3.167480E-01,4.108011E-02,-1.150157E-01
3.109000E+03,-7.107688E-02,1.100928E-01,-7.870104E-03,4.016139E-01,3.633210E-02,-1.168761E-01
3.109500E+03,-6.946966E-02,8.906393E-02,-2.857484E-02,4.812147E-01,3.059098E-02,-1.173469E-01
3.110000E+03,-6.682307E-02,6.749693E-02,-4.913777E-02,5.549041E-01,2.393207E-02,-1.163773E-01
3.110500E+03,-6.333299E-02,4.556545E-02,-6.940815E-02,6.221325E-01,1.645116E-02,-1.139361E-01
3.111000E+03,-5.921169E-02,2.343583E-02,-8.923301E-02,6.824475E-01,8.263406E-03,-1.100122E-01
3.111500E+03,-5.468247E-02,1.266704E-03,-1.084572E-01,7.354937E-01,-4.981501E-04,-1.046154E-01
3.112000E+03,-4.997400E-02,-2.079108E-02,-1.269236E-01,7.810092E-01,-9.684487E-03,-9.777572E-02
3.112500E+03,-4.531460E-02,-4.259420E-02,-1.444737E-01,8.188221E-01,-1.913287E-02,-8.954417E-02
3.113000E+03,-4.092647E-02,-6.400634E-02,-1.609479E-01,8.488440E-01,-2.866947E-02,-7.999172E-02
3.113500E+03,-3.702000E-02,-8.489744E-02,-1.761869E-01,8.710641E-01,-3.811233E-02,-6.920899E-02
3.114000E+03,-3.378831E-02,-1.051428E-01,-1.900321E-01,8.855412E-01,-4.727457E-02,-5.730539E-02
3.114500E+03,-3.140224E-02,-1.246223E-01,-2.023277E-01,8.923952E-01,-5.596785E-02,-4.440815E-02
3.115000E+03,-3.000566E-02,-1.432187E-01,-2.129219E-01,8.917993E-01,-6.400599E-02,-3.066103E-02
3.115500E+03,-2.971150E-02,-1.608175E-01,-2.216685E-01,8.839710E-01,-7.120872E-02,-1.622296E-02
3.116000E+03,-3.059836E-02,-1.773053E-01,-2.284296E-01,8.691639E-01,-7.740540E-02,-1.266432E-03
3.116500E+03,-3.270796E-02,-1.925696E-01,-2.330774E-01,8.476600E-01,-8.243878E-02,1.402434E-02
3.117000E+03,-3.604334E-02,-2.064976E-01,-2.354966E-01,8.197626E-01,-8.616856E-02,2.945535E-02
3.117500E+03,-4.056801E-02,-2.189767E-01,-2.355872E-01,7.857901E-01,-8.847485E-02,4.482504E-02
3.118000E+03,-4.620604E-02,-2.298938E-01,-2.332667E-01,7.460707E-01,-8.926119E-02,5.992658E-02
3.118500E+03,-5.284297E-02,-2.391360E-01,-2.284731E-01,7.009386E-01,-8.845740E-02,7.455040E-02
3.119000E+03,-6.032783E-02,-2.465917E-01,-2.211670E-01,6.507314E-01,-8.602183E-02,8.848687E-02
3.119500E+03,-6.847591E-02,-2.521509E-01,-2.113342E-01,5.957882E-01,-8.194322E-02,1.015291E-01
3.120000E+03,-7.707246E-02,-2.557074E-01,-1.989883E-01,5.364495E-01,-7.624190E-02,1.134757E-01
3.120500E+03,-8.587720E-02,-2.571606E-01,-1.841718E-01,4.730584E-01,-6.897051E-02,1.241341E-01
3.121000E+03,-9.462951E-02,-2.564171E-01,-1.669586E-01,4.059618E-01,-6.021392E-02,1.333233E-01
3.121500E+03,-1.030543E-01,-2.533941E-01,-1.474549E-01,3.355139E-01,-5.008857E-02,1.408770E-01
3.122000E+03,-1.108680E-01,-2.480215E-01,-1.257999E-01,2.620792E-01,-3.874110E-02,1.466466E-01
3.122500E+03,-1.177858E-01,-2.402448E-01,-1.021664E-01,1.860367E-01,-2.634629E-02,1.505041E-01
3.123000E+03,-1.235280E-01,-2.300287E-01,-7.676032E-02,1.077843E-01,-1.310436E-02,1.523452E-01
3.123500E+03,-1.278271E-01,-2.173595E-01,-4.982020E-02,2.774264E-02,7.624039E-04,1.520913E-01
3.124000E+03,-1.304346E-01,-2.022481E-01,-2.161553E-02,-5.364073E-02,1.501354E-02,1.496923E-01
3.124500E+03,-1.311277E-01,-1.847332E-01,7.555183E-03,-1.358878E-01,2.939484E-02,1.451283E-01
3.125000E+03,-1.297154E-01,-1.648834E-01,3.736710E-02,-2.184873E-01,4.364318E-02,1.384112E-01
3.125500E+03,-1.260442E-01,-1.427995E-01,6.747230E-02,-3.008934E-01,5.749168E-02,1.295862E-01
3.126000E+03,-1.200029E-01,-1.186163E-01,9.750373E-02,-3.825243E-01,7.067513E-02,1.187319E-01
3.126500E+03,-1.115267E-01,-9.250338E-02,1.270796E-01,-4.627635E-01,8.293544E-02,1.059605E-01
3.127000E+03,-1.006006E-01,-6.466590E-02,1.558082E-01,-5.409619E-01,9.402715E-02,9.141740E-02
3.127500E+03,-8.726136E-02,-3.534442E-02,1.832938E-01,-6.164412E-01,1.037227E-01,7.528007E-02
3.128000E+03,-7.159857E-02,-4.813937E-03,2.091417E-01,-6.884993E-01,1.118178E-01,5.775598E-02
3.128500E+03,-5.375466E-02,2.661778E-02,2.329648E-01,-7.564166E-01,1.181355E-01,3.908027E-02
3.129000E+03,-3.392353E-02,5.861266E-02,2.543896E-01,-8.194649E-01,1.225311E-01,1.951262E-02
3.129500E+03,-1.234823E-02,9.080559E-02,2.730626E-01,-8.769163E-01,1.248953E-01,-6.665027E-04
3.130000E+03,1.068268E-02,1.228085E-01,2.886567E-01,-9.280540E-01,1.251571E-01,-2.116011E-02
3.130500E+03,3.483968E-02,1.542150E-01,3.008768E-01,-9.721841E-01,1.232861E-01,-4.165955E-02
3.131000E+03,5.975802E-02,1.846062E-01,3.094664E-01,-1.008648E+00,1.192936E-01,-6.184969E-02
3.131500E+03,8.504417E-02,2.135562E-01,3.142123E-01,-1.036835E+00,1.132326E-01,-8.141456E-02
3.132000E+03,1.102832E-01,2.406394E-01,3.149501E-01,-1.056196E+00,1.051981E-01,-1.000431E-01
3.132500E+03,1.350465E-01,2.654368E-01,3.115681E-01,-1.066254E+00,9.532453E-02,-1.174352E-01
3.133000E+03,1.589006E-01,2.875439E-01,3.040110E-01,-1.066619E+00,8.378422E-02,-1.333074E-01
3.133500E+03,1.814152E-01,3.065775E-01,2.922828E-01,-1.056999E+00,7.078355E-02,-1.473991E-01
3.134000E+03,2.021726E-01,3.221836E-01,2.764485E-01,-1.037209E+00,5.655911E-02,-1.594775E-01
3.134500E+03,2.207756E-01,3.340441E-01,2.566349E-01,-1.007181E+00,4.137287E-02,-1.693433E-01
3.135000E+03,2.368566E-01,3.418845E-01,2.330307E-01,-9.669691E-01,2.550673E-02,-1.768347E-01
3.135500E+03,2.500852E-01,3.454794E-01,2.058849E-01,-9.167572E-01,9.256638E-03,-1.818319E-01
3.136000E+03,2.601753E-01,3.446589E-01,1.755050E-01,-8.568603E-01,-7.073694E-03,-1.842596E-01
3.136500E+03,2.668916E-01,3.393135E-01,1.422533E-01,-7.877257E-01,-2.317928E-02,-1.840897E-01
3.137000E+03,2.700553E-01,3.293983E-01,1.065427E-01,-7.099308E-01,-3.876039E-02,-1.813424E-01
3.137500E+03,2.695482E-01,3.149358E-01,6.883144E-02,-6.241788E-01,-5.352908E-02,-1.760866E-01
3.138000E+03,2.653159E-01,2.960182E-01,2.961673E-02,-5.312925E-01,-6.721532E-02,-1.684391E-01
3.138500E+03,2.573697E-01,2.728081E-01,-1.057226E-02,-4.322043E-01,-7.957291E-02,-1.585625E-01
3.139000E+03,2.457872E-01,2.455377E-01,-5.118213E-02,-3.279457E-01,-9.038472E-02,-1.466628E-01
3.139500E+03,2.307111E-01,2.145075E-01,-9.164360E-02,-2.196333E-01,-9.946730E-02,-1.329852E-01
3.140000E+03,2.123476E-01,1.800831E-01,-1.313803E-01,-1.084540E-01,-1.066748E-01,-1.178092E-01
3.140500E+03,1.909623E-01,1.426905E-01,-1.698179E-01,4.352386E-03,-1.119017E-01,-1.014432E-01
3.141000E+03,1.668759E-01,1.028109E-01,-2.063931E-01,1.175104E-01,-1.150852E-01,-8.421786E-02
3.141500E+03,1.404581E-01,6.097391E-02,-2.405633E-01,2.297284E-01,-1.162058E-01,-6.647913E-02
3.142000E+03,1.121205E-01,1.774969E-02,-2.718150E-01,3.397177E-01,-1.152876E-01,-4.858090E-02
3.142500E+03,8.230930E-02,-2.625967E-02,-2.996727E-01,4.462119E-01,-1.123970E-01,-3.087716E-02
3.143000E+03,5.149618E-02,-7.042965E-02,-3.237069E-01,5.479865E-01,-1.076408E-01,-1.371428E-02
3.143500E+03,2.016978E-02,-1.141233E-01,-3.435416E-01,6.438772E-01,-1.011629E-01,2.576757E-03
3.144000E+03,-1.117386E-02,-1.567018E-01,-3.588608E-01,7.327974E-01,-9.314089E-02,1.768773E-02
3.144500E+03,-4.204076E-02,-1.975349E-01,-3.694140E-01,8.137544E-01,-8.378078E-02,3.134011E-02
3.145000E+03,-7.194829E-02,-2.360122E-01,-3.750207E-01,8.858642E-01,-7.331207E-02,4.329139E-02
3.145500E+03,-1.004343E-01,-2.715529E-01,-3.755738E-01,9.483633E-01,-6.198174E-02,5.334048E-02
3.146000E+03,-1.270657E-01,-3.036167E-01,-3.710419E-01,1.000620E+00,-5.004803E-02,6.133225E-02
3.146500E+03,-1.514464E-01,-3.317128E-01,-3.614698E-01,1.042141E+00,-3.777401E-02,6.716092E-02
3.147000E+03,-1.732241E-01,-3.554089E-01,-3.469780E-01,1.072578E+00,-2.542112E-02,7.077228E-02
3.147500E+03,-1.920966E-01,-3.743388E-01,-3.277612E-01,1.091730E+00,-1.324279E-02,7.216463E-02
3.148000E+03,-2.078167E-01,-3.882093E-01,-3.040850E-01,1.099545E+00,-1.478426E-03,7.138851E-02
3.148500E+03,-2.201957E-01,-3.968052E-01,-2.762814E-01,1.096114E+00,9.652244E-03,6.854500E-02
3.149000E+03,-2.291062E-01,-3.999940E-01,-2.447438E-01,1.081672E+00,1.995414E-02,6.378288E-02
3.149500E+03,-2.344826E-01,-3.977274E-01,-2.099201E-01,1.056585E+00,2.926111E-02,5.729453E-02
3.150000E+03,-2.363212E-01,-3.900432E-01,-1.723054E-01,1.021345E+00,3.743941E-02,4.931067E-02
3.150500E+03,-2.346787E-01,-3.770644E-01,-1.324338E-01,9.765601E-01,4.439017E-02,4.009426E-02
3.151000E+03,-2.296693E-01,-3.589971E-01,-9.086946E-02,9.229367E-01,5.005098E-02,2.993342E-02
3.151500E+03,-2.214607E-01,-3.361269E-01,-4.819741E-02,8.612711E-01,5.439637E-02,1.913382E-02
3.152000E+03,-2.102688E-01,-3.088139E-01,-5.013902E-03,7.924330E-01,5.743728E-02,8.010526E-03
3.152500E+03,-1.963525E-01,-2.774862E-01,3.808328E-02,7.173498E-01,5.921957E-02,-3.120325E-03
3.153000E+03,-1.800065E-01,-2.426326E-01,8.050442E-02,6.369921E-01,5.982149E-02,-1.394991E-02
3.153500E+03,-1.615542E-01,-2.047935E-01,1.216772E-01,5.523578E-01,5.935031E-02,-2.418490E-02
3.154000E+03,-1.413399E-01,-1.645516E-01,1.610555E-01,4.644571E-01,5.793816E-02,-3.355520E-02
3.154500E+03,-1.197216E-01,-1.225217E-01,1.981280E-01,3.742984E-01,5.573720E-02,-4.182108E-02
3.155000E+03,-9.706250E-02,-7.933978E-02,2.324254E-01,2.828747E-01,5.291425E-02,-4.877947E-02
3.155500E+03,-7.372397E-02,-3.565186E-02,2.635272E-01,1.911515E-01,4.964507E-02,-5.426927E-02
3.156000E+03,-5.005811E-02,7.896889E-03,2.910672E-01,1.000555E-01,4.610841E-02,-5.817546E-02
3.156500E+03,-2.640121E-02,5.067322E-02,3.147386E-01,1.046592E-02,4.248006E-02,-6.043202E-02
3.157000E+03,-3.067819E-03,9.206643E-02,3.342967E-01,-7.679417E-02,3.892700E-02,-6.102342E-02
3.157500E+03,1.965425E-02,1.314983E-01,3.495616E-01,-1.609635E-01,3.560192E-02,-5.998474E-02
3.158000E+03,4.150806E-02,1.684326E-01,3.604192E-01,-2.413473E-01,3.263814E-02,-5.740038E-02
3.158500E+03,6.227059E-02,2.023829E-01,3.668206E-01,-3.173204E-01,3.014518E-02,-5.340134E-02
3.159000E+03,8.175473E-02,2.329206E-01,3.687813E-01,-3.883283E-01,2.820512E-02,-4.816122E-02
3.159500E+03,9.981008E-02,2.596801E-01,3.663783E-01,-4.538874E-01,2.686977E-02,-4.189100E-02
3.160000E+03,1.163228E-01,2.823642E-01,3.597466E-01,-5.135840E-01,2.615881E-02,-3.483263E-02
3.160500E+03,1.312143E-01,3.007471E-01,3.490753E-01,-5.670712E-01,2.605895E-02,-2.725188E-02
3.161000E+03,1.444391E-01,3.146765E-01,3.346016E-01,-6.140666E-01,2.652416E-02,-1.943027E-02
3.161500E+03,1.559813E-01,3.240738E-01,3.166055E-01,-6.543478E-01,2.747688E-02,-1.165664E-02
3.162000E+03,1.658512E-01,3.289337E-01,2.954031E-01,-6.877480E-01,2.881031E-02,-4.218357E-03
3.162500E+03,1.740806E-01,3.293213E-01,2.713401E-01,-7.141520E-01,3.039166E-02,2.607476E-03
3.163000E+03,1.807178E-01,3.253690E-01,2.447842E-01,-7.334912E-01,3.206627E-02,8.562614E-03
3.163500E+03,1.858223E-01,3.172717E-01,2.161187E-01,-7.457391E-01,3.366249E-02,1.341582E-02
3.164000E+03,1.894598E-01,3.052809E-01,1.857353E-01,-7.509074E-01,3.499728E-02,1.697031E-02
3.164500E+03,1.916967E-01,2.896983E-01,1.540271E-01,-7.490429E-01,3.588215E-02,1.907033E-02
3.165000E+03,1.925953E-01,2.708681E-01,1.213827E-01,-7.402238E-01,3.612959E-02,1.960661E-02
3.165500E+03,1.922092E-01,2.491695E-01,8.818031E-02,-7.245582E-01,3.555957E-02,1.852061E-02
3.166000E+03,1.905793E-01,2.250081E-01,5.478228E-02,-7.021827E-01,3.400595E-02,1.580728E-02
3.166500E+03,1.877310E-01,1.988074E-01,2.153080E-02,-6.732614E-01,3.132278E-02,1.151648E-02
3.167000E+03,1.836715E-01,1.710007E-01,-1.125587E-02,-6.379870E-01,2.739011E-02,5.752732E-03
3.167500E+03,1.783887E-01,1.420227E-01,-4.328633E-02,-5.965812E-01,2.211925E-02,-1.326517E-03
3.168000E+03,1.718507E-01,1.123014E-01,-7.429815E-02,-5.492965E-01,1.545730E-02,-9.514181E-03
3.168500E+03,1.640064E-01,8.225125E-02,-1.040591E-01,-4.964187E-01,7.390802E-03,-1.855827E-02
3.169000E+03,1.547879E-01,5.226603E-02,-1.323676E-01,-4.382696E-01,-2.051617E-03,-2.816800E-02
3.169500E+03,1.441124E-01,2.271323E-02,-1.590523E-01,-3.752095E-01,-1.279769E-02,-3.802105E-02
3.170000E+03,1.318866E-01,-6.070999E-03,-1.839711E-01,-3.076405E-01,-2.473110E-02,-4.777193E-02
3.170500E+03,1.180110E-01,-3.378581E-02,-2.070094E-01,-2.360094E-01,-3.769229E-02,-5.706108E-02
3.171000E+03,1.023857E-01,-6.016866E-02,-2.280780E-01,-1.608096E-01,-5.148043E-02,-6.552459E-02
3.171500E+03,8.491560E-02,-8.499725E-02,-2.471101E-01,-8.258404E-02,-6.585660E-02,-7.280426E-02
3.172000E+03,6.551769E-02,-1.080904E-01,-2.640586E-01,-1.925363E-03,-8.054808E-02,-7.855771E-02
3.172500E+03,4.412709E-02,-1.293078E-01,-2.788926E-01,8.052311E-02,-9.525364E-02,-8.246827E-02
3.173000E+03,2.070401E-02,-1.485493E-01,-2.915944E-01,1.640684E-01,-1.096498E-01,-8.425445E-02
3.173500E+03,-4.759773E-03,-1.657523E-01,-3.021561E-01,2.479697E-01,-1.233978E-01,-8.367868E-02
3.174000E+03,-3.223474E-02,-1.808895E-01,-3.105763E-01,3.314419E-01,-1.361512E-01,-8.055508E-02
3.174500E+03,-6.164804E-02,-1.939653E-01,-3.168575E-01,4.136599E-01,-1.475642E-01,-7.475604E-02
3.175000E+03,-9.287866E-02,-2.050116E-01,-3.210035E-01,4.937647E-01,-1.572993E-01,-6.621750E-02
3.175500E+03,-1.257536E-01,-2.140834E-01,-3.230173E-01,5.708713E-01,-1.650366E-01,-5.494266E-02
3.176000E+03,-1.600452E-01,-2.212542E-01,-3.228997E-01,6.440767E-01,-1.704810E-01,-4.100412E-02
3.176500E+03,-1.954694E-01,-2.266112E-01,-3.206482E-01,7.124708E-01,-1.733709E-01,-2.454423E-02
3.177000E+03,-2.316862E-01,-2.302500E-01,-3.162565E-01,7.751470E-01,-1.734849E-01,-5.773810E-03
3.177500E+03,-2.683003E-01,-2.322703E-01,-3.097152E-01,8.312149E-01,-1.706487E-01,1.503092E-02
3.178000E+03,-3.048647E-01,-2.327714E-01,-3.010119E-01,8.798129E-01,-1.647406E-01,3.753308E-02
3.178500E+03,-3.408848E-01,-2.318482E-01,-2.901336E-01,9.201222E-01,-1.556961E-01,6.134141E-02
3.179000E+03,-3.758239E-01,-2.295874E-01,-2.770677E-01,9.513805E-01,-1.435115E-01,8.601802E-02
3.179500E+03,-4.091114E-01,-2.260652E-01,-2.618050E-01,9.728961E-01,-1.282460E-01,1.110874E-01
3.180000E+03,-4.401504E-01,-2.213444E-01,-2.443426E-01,9.840620E-01,-1.100224E-01,1.360463E-01
3.180500E+03,-4.683285E-01,-2.154736E-01,-2.246865E-01,9.843689E-01,-8.902690E-02,1.603749E-01
3.181000E+03,-4.930280E-01,-2.084858E-01,-2.028558E-01,9.734178E-01,-6.550691E-02,1.835482E-01
3.181500E+03,-5.136376E-01,-2.003991E-01,-1.788852E-01,9.509318E-01,-3.976798E-02,2.050474E-01
3.182000E+03,-5.295651E-01,-1.912168E-01,-1.528294E-01,9.167661E-01,-1.216922E-02,2.243723E-01
3.182500E+03,-5.402496E-01,-1.809296E-01,-1.247656E-01,8.709168E-01,1.688242E-02,2.410521E-01
3.183000E+03,-5.451744E-01,-1.695174E-01,-9.479695E-02,8.135277E-01,4.693899E-02,2.546572E-01
3.183500E+03,-5.438794E-01,-1.569521E-01,-6.305526E-02,7.448948E-01,7.751931E-02,2.648089E-01
3.184000E+03,-5.359733E-01,-1.432009E-01,-2.970301E-02,6.654696E-01,1.081175E-01,2.711887E-01
3.184500E+03,-5.211448E-01,-1.282302E-01,5.064948E-03,5.758589E-01,1.382123E-01,2.735465E-01
3.185000E+03,-4.991733E-01,-1.120092E-01,4.102042E-02,4.768230E-01,1.672765E-01,2.717070E-01
3.185500E+03,-4.699375E-01,-9.451442E-02,7.790163E-02,3.692712E-01,1.947870E-01,2.655746E-01
3.186000E+03,-4.334237E-01,-7.573358E-02,1.154138E-01,2.542547E-01,2.202346E-01,2.551370E-01
3.186500E+03,-3.897311E-01,-5.566984E-02,1.532305E-01,1.329578E-01,2.431337E-01,2.404665E-01
3.187000E+03,-3.390765E-01,-3.434564E-02,1.909959E-01,6.685383E-03,2.630316E-01,2.217197E-01
3.187500E+03,-2.817963E-01,-1.180621E-02,2.283277E-01,-1.231503E-01,2.795177E-01,1.991357E-01
3.188000E+03,-2.183464E-01,1.187732E-02,2.648209E-01,-2.550459E-01,2.922309E-01,1.730322E-01
3.188500E+03,-1.493002E-01,3.660543E-02,3.000528E-01,-3.874247E-01,3.008676E-01,1.437998E-01
3.189000E+03,-7.534411E-02,6.224831E-02,3.335879E-01,-5.186559E-01,3.051872E-01,1.118954E-01
3.189500E+03,2.728476E-03,8.864473E-02,3.649838E-01,-6.470753E-01,3.050174E-01,7.783335E-02
3.190000E+03,8.402626E-02,1.156017E-01,3.937980E-01,-7.710075E-01,3.002583E-01,4.217641E-02
3.190500E+03,1.675704E-01,1.428948E-01,4.195945E-01,-8.887878E-01,2.908843E-01,5.524727E-03
3.191000E+03,2.523070E-01,1.702697E-01,4.419509E-01,-9.987856E-01,2.769458E-01,-3.149531E-02
3.191500E+03,3.371215E-01,1.974441E-01,4.604658E-01,-1.099427E+00,2.585689E-01,-6.824294E-02
3.192000E+03,4.208537E-01,2.241107E-01,4.747661E-01,-1.189218E+00,2.359538E-01,-1.040752E-01
3.192500E+03,5.023156E-01,2.499412E-01,4.845143E-01,-1.266767E+00,2.093720E-01,-1.383589E-01
3.193000E+03,5.803082E-01,2.745904E-01,4.894154E-01,-1.330803E+00,1.791622E-01,-1.704828E-01
3.193500E+03,6.536410E-01,2.977017E-01,4.892230E-01,-1.380199E+00,1.457254E-01,-1.998690E-01
3.194000E+03,7.211499E-01,3.189123E-01,4.837461E-01,-1.413991E+00,1.095182E-01,-2.259833E-01
3.194500E+03,7.817172E-01,3.378599E-01,4.728537E-01,-1.431389E+00,7.104618E-02,-2.483457E-01
3.195000E+03,8.342891E-01,3.541890E-01,4.564797E-01,-1.431796E+00,3.085533E-02,-2.665387E-01
3.195500E+03,8.778948E-01,3.675574E-01,4.346266E-01,-1.414819E+00,-1.047617E-02,-2.802150E-01
3.196000E+03,9.116629E-01,3.776431E-01,4.073680E-01,-1.380277E+00,-5.234719E-02,-2.891036E-01
3.196500E+03,9.348379E-01,3.841513E-01,3.748503E-01,-1.328209E+00,-9.414312E-02,-2.930145E-01
3.197000E+03,9.467942E-01,3.868205E-01,3.372933E-01,-1.258875E+00,-1.352455E-01,-2.918421E-01
3.197500E+03,9.470489E-01,3.854291E-01,2.949896E-01,-1.172762E+00,-1.750415E-01,-2.855666E-01
3.198000E+03,9.352729E-01,3.798011E-01,2.483028E-01,-1.070576E+00,-2.129337E-01,-2.742539E-01
3.198500E+03,9.112990E-01,3.698113E-01,1.976648E-01,-9.532402E-01,-2.483493E-01,-2.580545E-01
3.199000E+03,8.751280E-01,3.553898E-01,1.435715E-01,-8.218849E-01,-2.807484E-01,-2.372003E-01
3.199500E+03,8.269329E-01,3.365257E-01,8.657801E-02,-6.778380E-01,-3.096329E-01,-2.120000E-01
3.200000E+03,7.670594E-01,3.132701E-01,2.729244E-02,-5.226100E-01,-3.345536E-01,-1.828342E-01
3.200500E+03,6.960250E-01,2.857380E-01,-3.363117E-02,-3.578777E-01,-3.551172E-01,-1.501477E-01
3.201000E+03,6.145141E-01,2.541092E-01,-9.550061E-02,-1.854648E-01,-3.709920E-01,-1.144422E-01
3.201500E+03,5.233721E-01,2.186278E-01,-1.575942E-01,-7.321596E-03,-3.819129E-01,-7.626766E-02
3.202000E+03,4.235957E-01,1.796017E-01,-2.191698E-01,1.744992E-01,-3.876854E-01,-3.621259E-02
3.202500E+03,3.163209E-01,1.373997E-01,-2.794748E-01,3.578666E-01,-3.881885E-01,5.105493E-03
3.203000E+03,2.028101E-01,9.244846E-02,-3.377558E-01,5.405981E-01,-3.833764E-01,4.705041E-02
3.203500E+03,8.443489E-02,4.522787E-02,-3.932691E-01,7.204865E-01,-3.732791E-01,8.897766E-02
3.204000E+03,-3.734075E-02,-3.733967E-03,-4.452908E-01,8.953280E-01,-3.580025E-01,1.302447E-01
3.204500E+03,-1.609804E-01,-5.386723E-02,-4.931270E-01,1.062951E+00,-3.377264E-01,1.702213E-01
3.205000E+03,-2.848958E-01,-1.045674E-01,-5.361236E-01,1.221242E+00,-3.127024E-01,2.082989E-01
3.205500E+03,-4.074685E-01,-1.552030E-01,-5.736759E-01,1.368179E+00,-2.832503E-01,2.439005E-01
3.206000E+03,-5.270723E-01,-2.051242E-01,-6.052374E-01,1.501850E+00,-2.497537E-01,2.764891E-01
3.206500E+03,-6.420961E-01,-2.536716E-01,-6.303282E-01,1.620487E+00,-2.126546E-01,3.055755E-01
3.207000E+03,-7.509669E-01,-3.001855E-01,-6.485425E-01,1.722486E+00,-1.724475E-01,3.307256E-01
3.207500E+03,-8.521721E-01,-3.440154E-01,-6.595547E-01,1.806430E+00,-1.296727E-01,3.515669E-01
3.208000E+03,-9.442814E-01,-3.845299E-01,-6.631255E-01,1.871111E+00,-8.490820E-02,3.677931E-01
3.208500E+03,-1.025968E+00,-4.211259E-01,-6.591062E-01,1.915543E+00,-3.876257E-02,3.791687E-01
3.209000E+03,-1.096029E+00,-4.532379E-01,-6.474414E-01,1.938986E+00,8.133955E-03,3.855321E-01
3.209500E+03,-1.153402E+00,-4.803474E-01,-6.281717E-01,1.940948E+00,5.513807E-02,3.867972E-01
3.210000E+03,-1.197182E+00,-5.019907E-01,-6.014340E-01,1.921200E+00,1.016023E-01,3.829548E-01
3.210500E+03,-1.226638E+00,-5.177676E-01,-5.674612E-01,1.879782E+00,1.468840E-01,3.740718E-01
3.211000E+03,-1.241219E+00,-5.273477E-01,-5.265799E-01,1.817001E+00,1.903544E-01,3.602903E-01
3.211500E+03,-1.240573E+00,-5.304771E-01,-4.792079E-01,1.733432E+00,2.314074E-01,3.418248E-01
3.212000E+03,-1.224542E+00,-5.269834E-01,-4.258492E-01,1.629915E+00,2.694681E-01,3.189592E-01
3.212500E+03,-1.193178E+00,-5.167801E-01,-3.670886E-01,1.507542E+00,3.040014E-01,2.920424E-01
3.213000E+03,-1.146734E+00,-4.998691E-01,-3.035850E-01,1.367648E+00,3.345189E-01,2.614825E-01
3.213500E+03,-1.085670E+00,-4.763429E-01,-2.360633E-01,1.211796E+00,3.605869E-01,2.277414E-01
3.214000E+03,-1.010643E+00,-4.463849E-01,-1.653061E-01,1.041757E+00,3.818322E-01,1.913278E-01
3.214500E+03,-9.225029E-01,-4.102684E-01,-9.214339E-02,8.594895E-01,3.979482E-01,1.527894E-01
3.215000E+03,-8.222819E-01,-3.683548E-01,-1.744253E-02,6.671157E-01,4.086992E-01,1.127055E-01
3.215500E+03,-7.111799E-01,-3.210900E-01,5.790282E-02,4.668944E-01,4.139243E-01,7.167783E-02
3.216000E+03,-5.905510E-01,-2.689993E-01,1.329842E-01,2.611933E-01,4.135401E-01,3.032240E-02
3.216500E+03,-4.618853E-01,-2.126821E-01,2.068903E-01,5.245852E-02,4.075427E-01,-1.073991E-02
3.217000E+03,-3.267894E-01,-1.528040E-01,2.787184E-01,-1.568165E-01,3.960075E-01,-5.089234E-02
3.217500E+03,-1.869652E-01,-9.008921E-02,3.475870E-01,-3.641231E-01,3.790892E-01,-8.953141E-02
3.218000E+03,-4.418707E-02,-2.531106E-02,4.126470E-01,-5.669696E-01,3.570195E-01,-1.260759E-01
3.218500E+03,9.972229E-02,4.071816E-02,4.730933E-01,-7.629140E-01,3.301043E-01,-1.599754E-01
3.219000E+03,2.429164E-01,1.071579E-01,5.281756E-01,-9.495956E-01,2.987196E-01,-1.907191E-01
3.219500E+03,3.835505E-01,1.731507E-01,5.772089E-01,-1.124765E+00,2.633065E-01,-2.178431E-01
3.220000E+03,5.198064E-01,2.378342E-01,6.195826E-01,-1.286316E+00,2.243642E-01,-2.409378E-01
3.220500E+03,6.499182E-01,3.003530E-01,6.547691E-01,-1.432309E+00,1.824437E-01,-2.596545E-01
3.221000E+03,7.721962E-01,3.598708E-01,6.823312E-01,-1.560999E+00,1.381393E-01,-2.737107E-01
3.221500E+03,8.850507E-01,4.155828E-01,7.019281E-01,-1.670859E+00,9.207988E-02,-2.828951E-01
3.222000E+03,9.870138E-01,4.667270E-01,7.133208E-01,-1.760595E+00,4.491945E-02,-2.870710E-01
3.222500E+03,1.076760E+00,5.125958E-01,7.163747E-01,-1.829167E+00,-2.672494E-03,-2.861787E-01
3.223000E+03,1.153126E+00,5.525467E-01,7.110626E-01,-1.875801E+00,-5.002127E-02,-2.802369E-01
3.223500E+03,1.215122E+00,5.860118E-01,6.974646E-01,-1.899996E+00,-9.645727E-02,-2.693432E-01
3.224000E+03,1.261954E+00,6.125071E-01,6.757675E-01,-1.901530E+00,-1.413262E-01,-2.536720E-01
3.224500E+03,1.293026E+00,6.316399E-01,6.462621E-01,-1.880465E+00,-1.839993E-01,-2.334732E-01
3.225000E+03,1.307954E+00,6.431154E-01,6.093395E-01,-1.837137E+00,-2.238827E-01,-2.090676E-01
3.225500E+03,1.306568E+00,6.467420E-01,5.654856E-01,-1.772160E+00,-2.604271E-01,-1.808428E-01
3.226000E+03,1.288915E+00,6.424344E-01,5.152744E-01,-1.686406E+00,-2.931358E-01,-1.492467E-01
3.226500E+03,1.255260E+00,6.302161E-01,4.593601E-01,-1.580998E+00,-3.215726E-01,-1.147805E-01
3.227000E+03,1.206076E+00,6.102196E-01,3.984677E-01,-1.457293E+00,-3.453684E-01,-7.799088E-02
3.227500E+03,1.142045E+00,5.826856E-01,3.333832E-01,-1.316859E+00,-3.642266E-01,-3.946109E-02
3.228000E+03,1.064041E+00,5.479596E-01,2.649422E-01,-1.161455E+00,-3.779274E-01,1.987993E-04
3.228500E+03,9.731189E-01,5.064878E-01,1.940183E-01,-9.930043E-01,-3.863312E-01,4.036189E-02
3.229000E+03,8.705007E-01,4.588112E-01,1.215109E-01,-8.135710E-01,-3.893799E-01,8.039495E-02
3.229500E+03,7.575561E-01,4.055581E-01,4.833236E-02,-6.253285E-01,-3.870972E-01,1.196691E-01
3.230000E+03,6.357827E-01,3.474350E-01,-2.460438E-02,-4.305315E-01,-3.795880E-01,1.575705E-01
3.230500E+03,5.067846E-01,2.852167E-01,-9.639891E-02,-2.314859E-01,-3.670353E-01,1.935107E-01
3.231000E+03,3.722494E-01,2.197354E-01,-1.661756E-01,-3.051878E-02,-3.496967E-01,2.269371E-01
3.231500E+03,2.339238E-01,1.518683E-01,-2.330955E-01,1.700519E-01,-3.278995E-01,2.573418E-01
3.232000E+03,9.358883E-02,8.252468E-02,-2.963680E-01,3.679459E-01,-3.020343E-01,2.842710E-01
3.232500E+03,-4.696480E-02,1.263293E-02,-3.552612E-01,5.609492E-01,-2.725481E-01,3.073323E-01
3.233000E+03,-1.859622E-01,-5.687337E-02,-4.091114E-01,7.469402E-01,-2.399358E-01,3.262017E-01
3.233500E+03,-3.216683E-01,-1.250691E-01,-4.573318E-01,9.239142E-01,-2.047313E-01,3.406287E-01
3.234000E+03,-4.524118E-01,-1.910514E-01,-4.994196E-01,1.090006E+00,-1.674987E-01,3.504407E-01
3.234500E+03,-5.766075E-01,-2.539525E-01,-5.349617E-01,1.243510E+00,-1.288218E-01,3.555456E-01
3.235000E+03,-6.927769E-01,-3.129531E-01,-5.636393E-01,1.382896E+00,-8.929442E-02,3.559329E-01
3.235500E+03,-7.995676E-01,-3.672937E-01,-5.852309E-01,1.506825E+00,-4.951039E-02,3.516735E-01
3.236000E+03,-8.957695E-01,-4.162858E-01,-5.996134E-01,1.614161E+00,-1.005354E-02,3.429174E-01
3.236500E+03,-9.803301E-01,-4.593217E-01,-6.067624E-01,1.703975E+00,2.851163E-02,3.298909E-01
3.237000E+03,-1.052366E+00,-4.958829E-01,-6.067500E-01,1.775556E+00,6.564898E-02,3.128916E-01
3.237500E+03,-1.111171E+00,-5.255472E-01,-5.997421E-01,1.828408E+00,1.008589E-01,2.922820E-01
3.238000E+03,-1.156227E+00,-5.479943E-01,-5.859940E-01,1.862252E+00,1.336859E-01,2.684829E-01
3.238500E+03,-1.187200E+00,-5.630091E-01,-5.658441E-01,1.877020E+00,1.637247E-01,2.419642E-01
3.239000E+03,-1.203948E+00,-5.704846E-01,-5.397077E-01,1.872851E+00,1.906261E-01,2.132362E-01
3.239500E+03,-1.206516E+00,-5.704214E-01,-5.080684E-01,1.850079E+00,2.141005E-01,1.828397E-01
3.240000E+03,-1.195130E+00,-5.629272E-01,-4.714695E-01,1.809223E+00,2.339218E-01,1.513352E-01
3.240500E+03,-1.170194E+00,-5.482132E-01,-4.305047E-01,1.750977E+00,2.499284E-01,1.192925E-01
3.241000E+03,-1.132273E+00,-5.265898E-01,-3.858076E-01,1.676190E+00,2.620243E-01,8.727996E-02
3.241500E+03,-1.082090E+00,-4.984601E-01,-3.380416E-01,1.585853E+00,2.701780E-01,5.585371E-02
3.242000E+03,-1.020504E+00,-4.643129E-01,-2.878890E-01,1.481085E+00,2.744210E-01,2.554767E-02
3.242500E+03,-9.485018E-01,-4.247132E-01,-2.360409E-01,1.363107E+00,2.748451E-01,-3.136154E-03
3.243000E+03,-8.671739E-01,-3.802929E-01,-1.831866E-01,1.233234E+00,2.715980E-01,-2.973652E-02
3.243500E+03,-7.777020E-01,-3.317397E-01,-1.300035E-01,1.092851E+00,2.648788E-01,-5.384082E-02
3.244000E+03,-6.813380E-01,-2.797858E-01,-7.714786E-02,9.433956E-01,2.549325E-01,-7.509194E-02
3.244500E+03,-5.793852E-01,-2.251957E-01,-2.524589E-02,7.863433E-01,2.420442E-01,-9.319379E-02
3.245000E+03,-4.731789E-01,-1.687539E-01,2.511402E-02,6.231897E-01,2.265317E-01,-1.079156E-01
3.245500E+03,-3.640674E-01,-1.112530E-01,7.338850E-02,4.554353E-01,2.087393E-01,-1.190949E-01
3.246000E+03,-2.533934E-01,-5.348080E-02,1.190851E-01,2.845710E-01,1.890305E-01,-1.266390E-01
3.246500E+03,-1.424762E-01,3.790789E-03,1.617675E-01,1.120657E-01,1.677809E-01,-1.305249E-01
3.247000E+03,-3.259453E-02,5.981753E-02,2.010590E-01,-6.064626E-02,1.453713E-01,-1.307985E-01
3.247500E+03,7.502861E-02,1.138932E-01,2.366456E-01,-2.321745E-01,1.221808E-01,-1.275716E-01
3.248000E+03,1.792405E-01,1.653594E-01,2.682771E-01,-4.011818E-01,9.858089E-02,-1.210181E-01
3.248500E+03,2.789711E-01,2.136140E-01,2.957683E-01,-5.663914E-01,7.492920E-02,-1.113696E-01
3.249000E+03,3.732440E-01,2.581185E-01,3.189976E-01,-7.265928E-01,5.156460E-02,-9.890869E-02
3.249500E+03,4.611854E-01,2.984045E-01,3.379059E-01,-8.806466E-01,2.880247E-02,-8.396304E-02
3.250000E+03,5.420316E-01,3.340786E-01,3.524941E-01,-1.027488E+00,6.930884E-03,-6.689754E-02
3.250500E+03,6.151338E-01,3.648255E-01,3.628193E-01,-1.166127E+00,-1.379252E-02,-4.810661E-02
3.251000E+03,6.799618E-01,3.904105E-01,3.689912E-01,-1.295655E+00,-3.314286E-02,-2.800604E-02
3.251500E+03,7.361056E-01,4.106801E-01,3.711672E-01,-1.415239E+00,-5.092965E-02,-7.024707E-03
3.252000E+03,7.832749E-01,4.255611E-01,3.695471E-01,-1.524125E+00,-6.699764E-02,1.440366E-02
3.252500E+03,8.212977E-01,4.350593E-01,3.643675E-01,-1.621637E+00,-8.122695E-02,3.584847E-02
3.253000E+03,8.501163E-01,4.392560E-01,3.558964E-01,-1.707176E+00,-9.353262E-02,5.688988E-02
3.253500E+03,8.697829E-01,4.383038E-01,3.444267E-01,-1.780216E+00,-1.038635E-01,7.712591E-02
3.254000E+03,8.804530E-01,4.324215E-01,3.302706E-01,-1.840307E+00,-1.122007E-01,9.617891E-02
3.254500E+03,8.823788E-01,4.218880E-01,3.137534E-01,-1.887073E+00,-1.185556E-01,1.137013E-01
3.255000E+03,8.759005E-01,4.070358E-01,2.952082E-01,-1.920207E+00,-1.229672E-01,1.293804E-01
3.255500E+03,8.614376E-01,3.882433E-01,2.749702E-01,-1.939474E+00,-1.254999E-01,1.429427E-01
3.256000E+03,8.394797E-01,3.659270E-01,2.533718E-01,-1.944711E+00,-1.262401E-01,1.541566E-01
3.256500E+03,8.105761E-01,3.405342E-01,2.307378E-01,-1.935824E+00,-1.252940E-01,1.628351E-01
3.257000E+03,7.753264E-01,3.125340E-01,2.073814E-01,-1.912791E+00,-1.227839E-01,1.688367E-01
3.257500E+03,7.343700E-01,2.824097E-01,1.836007E-01,-1.875660E+00,-1.188455E-01,1.720663E-01
3.258000E+03,6.883762E-01,2.506509E-01,1.596752E-01,-1.824553E+00,-1.136251E-01,1.724745E-01
3.258500E+03,6.380341E-01,2.177457E-01,1.358633E-01,-1.759666E+00,-1.072770E-01,1.700566E-01
3.259000E+03,5.840437E-01,1.841738E-01,1.124006E-01,-1.681271E+00,-9.996033E-02,1.648511E-01
3.259500E+03,5.271066E-01,1.503993E-01,8.949808E-02,-1.589717E+00,-9.183750E-02,1.569370E-01
3.260000E+03,4.679173E-01,1.168651E-01,6.734113E-02,-1.485432E+00,-8.307146E-02,1.464313E-01
3.260500E+03,4.071559E-01,8.398724E-02,4.608909E-02,-1.368924E+00,-7.382400E-02,1.334856E-01
3.261000E+03,3.454806E-01,5.215008E-02,2.587512E-02,-1.240786E+00,-6.425400E-02,1.182830E-01
3.261500E+03,2.835215E-01,2.170252E-02,6.806532E-03,-1.101693E+00,-5.451590E-02,1.010339E-01
3.262000E+03,2.218746E-01,-7.045323E-03,-1.103455E-02,-9.524030E-01,-4.475842E-02,8.197288E-02
3.262500E+03,1.610972E-01,-3.382458E-02,-2.759022E-02,-7.937604E-01,-3.512338E-02,6.135426E-02
3.263000E+03,1.017039E-01,-5.840928E-02,-4.282553E-02,-6.266916E-01,-2.574469E-02,3.944883E-02
3.263500E+03,4.416291E-02,-8.061732E-02,-5.672703E-02,-4.522056E-01,-1.674745E-02,1.654004E-02
3.264000E+03,-1.110616E-02,-1.003107E-01,-6.930115E-02,-2.713905E-01,-8.247143E-03,-7.079534E-03
3.264500E+03,-6.373436E-02,-1.173953E-01,-8.057235E-02,-8.541044E-02,-3.488654E-04,-3.111153E-02
3.265000E+03,-1.134044E-01,-1.318195E-01,-9.058131E-02,1.044991E-01,6.853369E-03,-5.525495E-02
3.265500E+03,-1.598510E-01,-1.435729E-01,-9.938291E-02,2.970370E-01,1.327731E-02,-7.920915E-02
3.266000E+03,-2.028608E-01,-1.526844E-01,-1.070442E-01,4.908436E-01,1.885316E-02,-1.026766E-01
3.266500E+03,-2.422714E-01,-1.592194E-01,-1.136425E-01,6.845084E-01,2.352420E-02,-1.253657E-01
3.267000E+03,-2.779699E-01,-1.632771E-01,-1.192632E-01,8.765794E-01,2.724744E-02,-1.469930E-01
3.267500E+03,-3.098911E-01,-1.649876E-01,-1.239977E-01,1.065574E+00,2.999423E-02,-1.672857E-01
3.268000E+03,-3.380150E-01,-1.645083E-01,-1.279416E-01,1.249988E+00,3.175080E-02,-1.859840E-01
3.268500E+03,-3.623639E-01,-1.620201E-01,-1.311926E-01,1.428310E+00,3.251878E-02,-2.028434E-01
3.269000E+03,-3.829990E-01,-1.577245E-01,-1.338484E-01,1.599034E+00,3.231556E-02,-2.176366E-01
3.269500E+03,-4.000169E-01,-1.518391E-01,-1.360053E-01,1.760673E+00,3.117456E-02,-2.301560E-01
3.270000E+03,-4.135460E-01,-1.445942E-01,-1.377555E-01,1.911770E+00,2.914533E-02,-2.402157E-01
3.270500E+03,-4.237416E-01,-1.362287E-01,-1.391863E-01,2.050916E+00,2.629339E-02,-2.476538E-01
3.271000E+03,-4.307824E-01,-1.269870E-01,-1.403778E-01,2.176765E+00,2.269990E-02,-2.523346E-01
3.271500E+03,-4.348651E-01,-1.171145E-01,-1.414013E-01,2.288043E+00,1.846104E-02,-2.541507E-01
3.272000E+03,-4.362007E-01,-1.068547E-01,-1.423179E-01,2.383568E+00,1.368706E-02,-2.530252E-01
3.272500E+03,-4.350092E-01,-9.644543E-02,-1.431774E-01,2.462261E+00,8.501015E-03,-2.489135E-01
3.273000E+03,-4.315155E-01,-8.611565E-02,-1.440166E-01,2.523161E+00,3.037236E-03,-2.418057E-01
3.273500E+03,-4.259444E-01,-7.608233E-02,-1.448584E-01,2.565433E+00,-2.560641E-03,-2.317280E-01
3.274000E+03,-4.185170E-01,-6.654748E-02,-1.457111E-01,2.588385E+00,-8.141892E-03,-2.187439E-01
3.274500E+03,-4.094459E-01,-5.769544E-02,-1.465674E-01,2.591474E+00,-1.355127E-02,-2.029560E-01
3.275000E+03,-3.989321E-01,-4.969038E-02,-1.474045E-01,2.574317E+00,-1.863182E-02,-1.845060E-01
3.275500E+03,-3.871608E-01,-4.267406E-02,-1.481836E-01,2.536699E+00,-2.322796E-02,-1.635754E-01
3.276000E+03,-3.742993E-01,-3.676383E-02,-1.488501E-01,2.478576E+00,-2.718874E-02,-1.403848E-01
3.276500E+03,-3.604938E-01,-3.205095E-02,-1.493344E-01,2.400084E+00,-3.037120E-02,-1.151934E-01
3.277000E+03,-3.458676E-01,-2.859926E-02,-1.495525E-01,2.301537E+00,-3.264376E-02,-8.829681E-02
3.277500E+03,-3.305199E-01,-2.644410E-02,-1.494075E-01,2.183432E+00,-3.388966E-02,-6.002517E-02
3.278000E+03,-3.145248E-01,-2.559172E-02,-1.487909E-01,2.046443E+00,-3.401017E-02,-3.073979E-02
3.278500E+03,-2.979314E-01,-2.601896E-02,-1.475848E-01,1.891425E+00,-3.292768E-02,-8.294119E-04
3.279000E+03,-2.807641E-01,-2.767346E-02,-1.456642E-01,1.719404E+00,-3.058847E-02,2.929445E-02
3.279500E+03,-2.630241E-01,-3.047418E-02,-1.428994E-01,1.531572E+00,-2.696507E-02,5.920275E-02
3.280000E+03,-2.446911E-01,-3.431251E-02,-1.391595E-01,1.329281E+00,-2.205819E-02,8.845496E-02
3.280500E+03,-2.257257E-01,-3.905369E-02,-1.343151E-01,1.114032E+00,-1.589812E-02,1.166055E-01
3.281000E+03,-2.060730E-01,-4.453881E-02,-1.282421E-01,8.874618E-01,-8.545478E-03,1.432110E-01
3.281500E+03,-1.856659E-01,-5.058725E-02,-1.208251E-01,6.513328E-01,-9.138003E-05,1.678373E-01
3.282000E+03,-1.644294E-01,-5.699947E-02,-1.119612E-01,4.075181E-01,9.343151E-03,1.900677E-01
3.282500E+03,-1.422850E-01,-6.356038E-02,-1.015637E-01,1.579858E-01,1.960845E-02,2.095101E-01
3.283000E+03,-1.191560E-01,-7.004305E-02,-8.956586E-02,-9.521747E-02,3.052819E-02,2.258049E-01
3.283500E+03,-9.497215E-02,-7.621268E-02,-7.592401E-02,-3.499838E-01,4.190210E-02,2.386327E-01
3.284000E+03,-6.967506E-02,-8.183110E-02,-6.062118E-02,-6.041624E-01,5.350931E-02,2.477208E-01
3.284500E+03,-4.322320E-02,-8.666128E-02,-4.366979E-02,-8.555786E-01,6.511232E-02,2.528501E-01
3.285000E+03,-1.559696E-02,-9.047223E-02,-2.511412E-02,-1.102053E+00,7.646156E-02,2.538603E-01
3.285500E+03,1.319679E-02,-9.304383E-02,-5.032283E-03,-1.341421E+00,8.730035E-02,2.506550E-01
3.286000E+03,4.312040E-02,-9.417181E-02,1.646241E-02,-1.571554E+00,9.737025E-02,2.432055E-01
3.286500E+03,7.410184E-02,-9.367257E-02,3.922081E-02,-1.790377E+00,1.064167E-01,2.315529E-01
3.287000E+03,1.060317E-01,-9.138784E-02,6.305788E-02,-1.995887E+00,1.141946E-01,2.158095E-01
3.287500E+03,1.387609E-01,-8.718912E-02,8.775357E-02,-2.186178E+00,1.204742E-01,1.961590E-01
3.288000E+03,1.720995E-01,-8.098164E-02,1.130543E-01,-2.359451E+00,1.250467E-01,1.728547E-01
3.288500E+03,2.058164E-01,-7.270793E-02,1.386754E-01,-2.514041E+00,1.277292E-01,1.462165E-01
3.289000E+03,2.396397E-01,-6.235080E-02,1.643044E-01,-2.648424E+00,1.283698E-01,1.166268E-01
3.289500E+03,2.732587E-01,-4.993561E-02,1.896046E-01,-2.761240E+00,1.268522E-01,8.452482E-02
3.290000E+03,3.063266E-01,-3.553189E-02,2.142202E-01,-2.851303E+00,1.230988E-01,5.039959E-02
3.290500E+03,3.384642E-01,-1.925407E-02,2.377814E-01,-2.917619E+00,1.170741E-01,1.478198E-02
3.291000E+03,3.692652E-01,-1.261415E-03,2.599102E-01,-2.959389E+00,1.087864E-01,-2.176437E-02
3.291500E+03,3.983016E-01,1.824299E-02,2.802272E-01,-2.976029E+00,9.828953E-02,-5.865290E-02
3.292000E+03,4.251305E-01,3.901412E-02,2.983580E-01,-2.967170E+00,8.568236E-02,-9.528456E-02
3.292500E+03,4.493020E-01,6.076784E-02,3.139403E-01,-2.932668E+00,7.110850E-02,-1.310588E-01
3.293000E+03,4.703668E-01,8.318465E-02,3.266313E-01,-2.872607E+00,5.475438E-02,-1.653844E-01
3.293500E+03,4.878852E-01,1.059142E-01,3.361145E-01,-2.787301E+00,3.684650E-02,-1.976910E-01
3.294000E+03,5.014358E-01,1.285807E-01,3.421066E-01,-2.677294E+00,1.764783E-02,-2.274389E-01
3.294500E+03,5.106252E-01,1.507892E-01,3.443645E-01,-2.543362E+00,-2.546726E-03,-2.541304E-01
3.295000E+03,5.150961E-01,1.721318E-01,3.426908E-01,-2.386500E+00,-2.341558E-02,-2.773182E-01
3.295500E+03,5.145371E-01,1.921955E-01,3.369397E-01,-2.207923E+00,-4.461637E-02,-2.966146E-01
3.296000E+03,5.086903E-01,2.105694E-01,3.270218E-01,-2.009057E+00,-6.579244E-02,-3.116984E-01
3.296500E+03,4.973598E-01,2.268528E-01,3.129073E-01,-1.791524E+00,-8.657965E-02,-3.223211E-01
3.297000E+03,4.804180E-01,2.406631E-01,2.946295E-01,-1.557132E+00,-1.066134E-01,-3.283115E-01
3.297500E+03,4.578119E-01,2.516432E-01,2.722865E-01,-1.307863E+00,-1.255360E-01,-3.295787E-01
3.298000E+03,4.295677E-01,2.594702E-01,2.460413E-01,-1.045850E+00,-1.430036E-01,-3.261134E-01
3.298500E+03,3.957945E-01,2.638613E-01,2.161220E-01,-7.733670E-01,-1.586928E-01,-3.179878E-01
3.299000E+03,3.566863E-01,2.645817E-01,1.828194E-01,-4.928017E-01,-1.723077E-01,-3.053539E-01
3.299500E+03,3.125227E-01,2.614497E-01,1.464843E-01,-2.066388E-01,-1.835856E-01,-2.884398E-01
3.300000E+03,2.636678E-01,2.543426E-01,1.075235E-01,8.256366E-02,-1.923021E-01,-2.675447E-01
3.300500E+03,2.105679E-01,2.432001E-01,6.639450E-02,3.721976E-01,-1.982758E-01,-2.430332E-01
3.301000E+03,1.537473E-01,2.280280E-01,2.359891E-02,6.596295E-01,-2.013720E-01,-2.153271E-01
3.301500E+03,9.380275E-02,2.088999E-01,-2.032432E-02,9.422247E-01,-2.015056E-01,-1.848971E-01
3.302000E+03,3.139650E-02,1.859580E-01,-6.480715E-02,1.217373E+00,-1.986423E-01,-1.522534E-01
3.302500E+03,-3.275229E-02,1.594125E-01,-1.092611E-01,1.482513E+00,-1.927997E-01,-1.179358E-01
3.303000E+03,-9.787705E-02,1.295397E-01,-1.530863E-01,1.735159E+00,-1.840469E-01,-8.250262E-02
3.303500E+03,-1.631746E-01,9.667914E-02,-1.956812E-01,1.972924E+00,-1.725030E-01,-4.652087E-02
3.304000E+03,-2.278166E-01,6.122899E-02,-2.364522E-01,2.193544E+00,-1.583347E-01,-1.055510E-02
3.304500E+03,-2.909622E-01,2.364077E-02,-2.748234E-01,2.394901E+00,-1.417534E-01,2.484266E-02
3.305000E+03,-3.517702E-01,-1.558736E-02,-3.102458E-01,2.575045E+00,-1.230107E-01,5.914273E-02
3.305500E+03,-4.094126E-01,-5.591808E-02,-3.422068E-01,2.732213E+00,-1.023936E-01,9.184679E-02
3.306000E+03,-4.630874E-01,-9.678331E-02,-3.702382E-01,2.864851E+00,-8.021924E-02,1.224961E-01
3.306500E+03,-5.120313E-01,-1.375933E-01,-3.939246E-01,2.971626E+00,-5.682875E-02,1.506786E-01
3.307000E+03,-5.555324E-01,-1.777461E-01,-4.129101E-01,3.051445E+00,-3.258104E-02,1.760349E-01
3.307500E+03,-5.929413E-01,-2.166376E-01,-4.269042E-01,3.103465E+00,-7.846193E-03,1.982630E-01
3.308000E+03,-6.236824E-01,-2.536717E-01,-4.356869E-01,3.127101E+00,1.700112E-02,2.171215E-01
3.308500E+03,-6.472632E-01,-2.882700E-01,-4.391121E-01,3.122038E+00,4.158820E-02,2.324318E-01
3.309000E+03,-6.632829E-01,-3.198820E-01,-4.371103E-01,3.088232E+00,6.555068E-02,2.440789E-01
3.309500E+03,-6.714395E-01,-3.479944E-01,-4.296898E-01,3.025913E+00,8.853854E-02,2.520106E-01
3.310000E+03,-6.715351E-01,-3.721399E-01,-4.169362E-01,2.935586E+00,1.102217E-01,2.562355E-01
3.310500E+03,-6.634795E-01,-3.919051E-01,-3.990113E-01,2.818024E+00,1.302952E-01,2.568205E-01
3.311000E+03,-6.472931E-01,-4.069380E-01,-3.761505E-01,2.674263E+00,1.484835E-01,2.538867E-01
3.311500E+03,-6.231066E-01,-4.169541E-01,-3.486584E-01,2.505593E+00,1.645442E-01,2.476044E-01
3.312000E+03,-5.911600E-01,-4.217412E-01,-3.169045E-01,2.313549E+00,1.782712E-01,2.381875E-01
3.312500E+03,-5.517996E-01,-4.211634E-01,-2.813168E-01,2.099890E+00,1.894969E-01,2.258879E-01
3.313000E+03,-5.054735E-01,-4.151636E-01,-2.423750E-01,1.866591E+00,1.980938E-01,2.109885E-01
3.313500E+03,-4.527252E-01,-4.037643E-01,-2.006029E-01,1.615816E+00,2.039751E-01,1.937972E-01
3.314000E+03,-3.941862E-01,-3.870680E-01,-1.565604E-01,1.349903E+00,2.070945E-01,1.746396E-01
3.314500E+03,-3.305672E-01,-3.652552E-01,-1.108345E-01,1.071337E+00,2.074462E-01,1.538530E-01
3.315000E+03,-2.626478E-01,-3.385818E-01,-6.403061E-02,7.827314E-01,2.050626E-01,1.317801E-01
3.315500E+03,-1.912660E-01,-3.073753E-01,-1.676334E-02,4.867950E-01,2.000132E-01,1.087629E-01
3.316000E+03,-1.173060E-01,-2.720292E-01,3.035252E-02,1.863113E-01,1.924019E-01,8.513784E-02
3.316500E+03,-4.168638E-02,-2.329970E-01,7.671087E-02,-1.158919E-01,1.823640E-01,6.123094E-02
3.317000E+03,3.465287E-02,-1.907853E-01,1.217229E-01,-4.169694E-01,1.700634E-01,3.735372E-02
3.317500E+03,1.107631E-01,-1.459457E-01,1.648251E-01,-7.140874E-01,1.556891E-01,1.380004E-02
3.318000E+03,1.856999E-01,-9.906629E-02,2.054869E-01,-1.004451E+00,1.394516E-01,-9.156509E-03
3.318500E+03,2.585354E-01,-5.076273E-02,2.432176E-01,-1.285334E+00,1.215793E-01,-3.126450E-02
3.319000E+03,3.283710E-01,-1.669024E-03,2.775721E-01,-1.554102E+00,1.023151E-01,-5.229584E-02
3.319500E+03,3.943485E-01,4.757200E-02,3.081568E-01,-1.808243E+00,8.191249E-02,-7.204636E-02
3.320000E+03,4.556614E-01,9.631807E-02,3.346332E-01,-2.045390E+00,6.063265E-02,-9.033585E-02
3.320500E+03,5.115648E-01,1.439367E-01,3.567220E-01,-2.263346E+00,3.874084E-02,-1.070077E-01
3.321000E+03,5.613847E-01,1.898143E-01,3.742052E-01,-2.460105E+00,1.650354E-02,-1.219278E-01
3.321500E+03,6.045258E-01,2.333644E-01,3.869280E-01,-2.633870E+00,-5.814355E-03,-1.349842E-01
3.322000E+03,6.404787E-01,2.740356E-01,3.947991E-01,-2.783075E+00,-2.795209E-02,-1.460850E-01
3.322500E+03,6.688253E-01,3.113193E-01,3.977908E-01,-2.906400E+00,-4.965533E-02,-1.551576E-01
3.323000E+03,6.892437E-01,3.447554E-01,3.959376E-01,-3.002779E+00,-7.067821E-02,-1.621477E-01
3.323500E+03,7.015109E-01,3.739386E-01,3.893346E-01,-3.071415E+00,-9.078519E-02,-1.670173E-01
3.324000E+03,7.055050E-01,3.985226E-01,3.781348E-01,-3.111788E+00,-1.097526E-01,-1.697446E-01
3.324500E+03,7.012059E-01,4.182243E-01,3.625455E-01,-3.123657E+00,-1.273704E-01,-1.703231E-01
3.325000E+03,6.886945E-01,4.328263E-01,3.428252E-01,-3.107064E+00,-1.434429E-01,-1.687609E-01
3.325500E+03,6.681512E-01,4.421791E-01,3.192784E-01,-3.062329E+00,-1.577908E-01,-1.650806E-01
3.326000E+03,6.398529E-01,4.462014E-01,2.922514E-01,-2.990054E+00,-1.702516E-01,-1.593200E-01
3.326500E+03,6.041687E-01,4.448805E-01,2.621270E-01,-2.891106E+00,-1.806810E-01,-1.515317E-01
3.327000E+03,5.615555E-01,4.382715E-01,2.293191E-01,-2.766615E+00,-1.889540E-01,-1.417846E-01
3.327500E+03,5.125516E-01,4.264947E-01,1.942671E-01,-2.617959E+00,-1.949660E-01,-1.301641E-01
3.328000E+03,4.577700E-01,4.097339E-01,1.574304E-01,-2.446746E+00,-1.986337E-01,-1.167735E-01
3.328500E+03,3.978912E-01,3.882324E-01,1.192825E-01,-2.254801E+00,-1.998960E-01,-1.017348E-01
3.329000E+03,3.336542E-01,3.622895E-01,8.030516E-02,-2.044143E+00,-1.987155E-01,-8.518933E-02
3.329500E+03,2.658486E-01,3.322555E-01,4.098321E-02,-1.816963E+00,-1.950792E-01,-6.729909E-02
3.330000E+03,1.953046E-01,2.985270E-01,1.798494E-03,-1.575601E+00,-1.889995E-01,-4.824672E-02
3.330500E+03,1.228835E-01,2.615412E-01,-3.677523E-02,-1.322519E+00,-1.805151E-01,-2.823579E-02
3.331000E+03,4.946778E-02,2.217701E-01,-7.427753E-02,-1.060277E+00,-1.696918E-01,-7.490482E-03
3.331500E+03,-2.404935E-02,1.797146E-01,-1.102663E-01,-7.915011E-01,-1.566229E-01,1.374534E-02
3.332000E+03,-9.677427E-02,1.358979E-01,-1.443222E-01,-5.188588E-01,-1.414299E-01,3.520952E-02
3.332500E+03,-1.678233E-01,9.085953E-02,-1.760536E-01,-2.450268E-01,-1.242621E-01,5.662373E-02
3.333000E+03,-2.363332E-01,4.514843E-02,-2.051000E-01,2.733597E-02,-1.052967E-01,7.769620E-02
3.333500E+03,-3.014711E-01,-6.831139E-04,-2.311361E-01,2.956179E-01,-8.473783E-02,9.812510E-02
3.334000E+03,-3.624447E-01,-4.608598E-02,-2.538753E-01,5.572822E-01,-6.281588E-02,1.176026E-01
3.334500E+03,-4.185116E-01,-9.052041E-02,-2.730723E-01,8.098941E-01,-3.978558E-02,1.358193E-01
3.335000E+03,-4.689886E-01,-1.334621E-01,-2.885262E-01,1.051146E+00,-1.592413E-02,1.524698E-01
3.335500E+03,-5.132602E-01,-1.744079E-01,-3.000822E-01,1.278882E+00,8.471348E-03,1.672578E-01
3.336000E+03,-5.507862E-01,-2.128815E-01,-3.076335E-01,1.491119E+00,3.308693E-02,1.799022E-01
3.336500E+03,-5.811094E-01,-2.484387E-01,-3.111225E-01,1.686066E+00,5.759539E-02,1.901431E-01
3.337000E+03,-6.038612E-01,-2.806722E-01,-3.105419E-01,1.862143E+00,8.166033E-02,1.977480E-01
3.337500E+03,-6.187675E-01,-3.092159E-01,-3.059343E-01,2.017993E+00,1.049406E-01,2.025177E-01
3.338000E+03,-6.256527E-01,-3.337495E-01,-2.973924E-01,2.152495E+00,1.270952E-01,2.042919E-01
3.338500E+03,-6.244429E-01,-3.540015E-01,-2.850582E-01,2.264771E+00,1.477886E-01,2.029546E-01
3.339000E+03,-6.151680E-01,-3.697528E-01,-2.691212E-01,2.354190E+00,1.666958E-01,1.984385E-01
3.339500E+03,-5.979624E-01,-3.808387E-01,-2.498170E-01,2.420375E+00,1.835084E-01,1.907291E-01
3.340000E+03,-5.730642E-01,-3.871517E-01,-2.274245E-01,2.463194E+00,1.979399E-01,1.798677E-01
3.340500E+03,-5.408136E-01,-3.886421E-01,-2.022626E-01,2.482763E+00,2.097312E-01,1.659529E-01
3.341000E+03,-5.016495E-01,-3.853191E-01,-1.746871E-01,2.479432E+00,2.186557E-01,1.491416E-01
3.341500E+03,-4.561047E-01,-3.772511E-01,-1.450863E-01,2.453778E+00,2.245251E-01,1.296486E-01
3.342000E+03,-4.048001E-01,-3.645650E-01,-1.138759E-01,2.406590E+00,2.271928E-01,1.077449E-01
3.342500E+03,-3.484372E-01,-3.474450E-01,-8.149489E-02,2.338855E+00,2.265586E-01,8.375434E-02
3.343000E+03,-2.877897E-01,-3.261307E-01,-4.839886E-02,2.251738E+00,2.225718E-01,5.804973E-02
3.343500E+03,-2.236935E-01,-3.009144E-01,-1.505486E-02,2.146563E+00,2.152337E-01,3.104703E-02
3.344000E+03,-1.570360E-01,-2.721381E-01,1.806511E-02,2.024789E+00,2.045992E-01,3.198757E-03
3.344500E+03,-8.874425E-02,-2.401893E-01,5.049051E-02,1.887991E+00,1.907773E-01,-2.501373E-02
3.345000E+03,-1.977232E-02,-2.054966E-01,8.175877E-02,1.737833E+00,1.739313E-01,-5.308887E-02
3.345500E+03,4.891197E-02,-1.685242E-01,1.114219E-01,1.576047E+00,1.542770E-01,-8.051423E-02
3.346000E+03,1.163408E-01,-1.297666E-01,1.390532E-01,1.404406E+00,1.320806E-01,-1.067765E-01
3.346500E+03,1.815603E-01,-8.974186E-02,1.642534E-01,1.224701E+00,1.076552E-01,-1.313714E-01
3.347000E+03,2.436447E-01,-4.898513E-02,1.866569E-01,1.038719E+00,8.135675E-02,-1.538147E-01
3.347500E+03,3.017103E-01,-8.041615E-03,2.059376E-01,8.482224E-01,5.357840E-02,-1.736516E-01
3.348000E+03,3.549287E-01,3.254082E-02,2.218142E-01,6.549250E-01,2.474462E-02,-1.904671E-01
3.348500E+03,4.025399E-01,7.221914E-02,2.340547E-01,4.604769E-01,-4.695661E-03,-2.038953E-01
3.349000E+03,4.438647E-01,1.104627E-01,2.424807E-01,2.664470E-01,-3.427655E-02,-2.136275E-01
3.349500E+03,4.783151E-01,1.467608E-01,2.469706E-01,7.430891E-02,-6.352310E-02,-2.194200E-01
3.350000E+03,5.054045E-01,1.806301E-01,2.474621E-01,-1.145702E-01,-9.195956E-02,-2.211002E-01
3.350500E+03,5.247561E-01,2.116213E-01,2.439536E-01,-2.989389E-01,-1.191178E-01,-2.185713E-01
3.351000E+03,5.361093E-01,2.393266E-01,2.365052E-01,-4.776674E-01,-1.445457E-01,-2.118160E-01
3.351500E+03,5.393251E-01,2.633849E-01,2.252381E-01,-6.497513E-01,-1.678155E-01,-2.008980E-01
3.352000E+03,5.343889E-01,2.834882E-01,2.103333E-01,-8.143123E-01,-1.885315E-01,-1.859625E-01
3.352500E+03,5.214118E-01,2.993860E-01,1.920294E-01,-9.705969E-01,-2.063377E-01,-1.672340E-01
3.353000E+03,5.006298E-01,3.108892E-01,1.706194E-01,-1.117972E+00,-2.209242E-01,-1.450135E-01
3.353500E+03,4.724008E-01,3.178733E-01,1.464464E-01,-1.255919E+00,-2.320335E-01,-1.196738E-01
3.354000E+03,4.372000E-01,3.202809E-01,1.198984E-01,-1.384025E+00,-2.394651E-01,-9.165247E-02
3.354500E+03,3.956127E-01,3.181219E-01,9.140285E-02,-1.501975E+00,-2.430798E-01,-6.144464E-02
3.355000E+03,3.483259E-01,3.114743E-01,6.141974E-02,-1.609540E+00,-2.428021E-01,-2.959364E-02
3.355500E+03,2.961178E-01,3.004829E-01,3.043463E-02,-1.706563E+00,-2.386225E-01,3.319057E-03
3.356000E+03,2.398458E-01,2.853570E-01,-1.049045E-03,-1.792951E+00,-2.305971E-01,3.668478E-02
3.356500E+03,1.804330E-01,2.663674E-01,-3.251797E-02,-1.868657E+00,-2.188474E-01,6.987930E-02
3.357000E+03,1.188539E-01,2.438421E-01,-6.345714E-02,-1.933673E+00,-2.035580E-01,1.022748E-01
3.357500E+03,5.611845E-02,2.181610E-01,-9.335820E-02,-1.988016E+00,-1.849733E-01,1.332518E-01
3.358000E+03,-6.743778E-03,1.897503E-01,-1.217276E-01,-2.031714E+00,-1.633936E-01,1.622114E-01
3.358500E+03,-6.870033E-02,1.590753E-01,-1.480948E-01,-2.064802E+00,-1.391693E-01,1.885868E-01
3.359000E+03,-1.287326E-01,1.266331E-01,-1.720196E-01,-2.087309E+00,-1.126947E-01,2.118538E-01
3.359500E+03,-1.858523E-01,9.294439E-02,-1.930998E-01,-2.099255E+00,-8.440145E-02,2.315416E-01
3.360000E+03,-2.391177E-01,5.854548E-02,-2.109775E-01,-2.100643E+00,-5.475020E-02,2.472410E-01
3.360500E+03,-2.876489E-01,2.397925E-02,-2.253450E-01,-2.091459E+00,-2.422296E-02,2.586131E-01
3.361000E+03,-3.306423E-01,-1.021339E-02,-2.359500E-01,-2.071670E+00,6.685540E-03,2.653947E-01
3.361500E+03,-3.673838E-01,-4.350225E-02,-2.425996E-01,-2.041229E+00,3.747647E-02,2.674040E-01
3.362000E+03,-3.972604E-01,-7.537637E-02,-2.451636E-01,-2.000073E+00,6.765545E-02,2.645431E-01
3.362500E+03,-4.197701E-01,-1.053521E-01,-2.435765E-01,-1.948133E+00,9.674094E-02,2.568003E-01
3.363000E+03,-4.345306E-01,-1.329808E-01,-2.378389E-01,-1.885341E+00,1.242723E-01,2.442493E-01
3.363500E+03,-4.412848E-01,-1.578559E-01,-2.280171E-01,-1.811638E+00,1.498175E-01,2.270481E-01
3.364000E+03,-4.399057E-01,-1.796190E-01,-2.142424E-01,-1.726987E+00,1.729798E-01,2.054354E-01
3.364500E+03,-4.303981E-01,-1.979654E-01,-1.967091E-01,-1.631380E+00,1.934040E-01,1.797256E-01
3.365000E+03,-4.128982E-01,-2.126487E-01,-1.756707E-01,-1.524856E+00,2.107820E-01,1.503029E-01
3.365500E+03,-3.876718E-01,-2.234841E-01,-1.514369E-01,-1.407507E+00,2.248569E-01,1.176140E-01
3.366000E+03,-3.551099E-01,-2.303508E-01,-1.243680E-01,-1.279498E+00,2.354267E-01,8.215913E-02
3.366500E+03,-3.157221E-01,-2.331937E-01,-9.486950E-02,-1.141073E+00,2.423466E-01,4.448323E-02
3.367000E+03,-2.701284E-01,-2.320230E-01,-6.338567E-02,-9.925710E-01,2.455303E-01,5.165709E-03
3.367500E+03,-2.190493E-01,-2.269140E-01,-3.039278E-02,-8.344329E-01,2.449504E-01,-3.518994E-02
3.368000E+03,-1.632945E-01,-2.180047E-01,3.608323E-03,-6.672124E-01,2.406377E-01,-7.596677E-02
3.368500E+03,-1.037496E-01,-2.054933E-01,3.809984E-02,-4.915821E-01,2.326796E-01,-1.165451E-01
3.369000E+03,-4.136225E-02,-1.896339E-01,7.255492E-02,-3.083387E-01,2.212176E-01,-1.563129E-01
3.369500E+03,2.287261E-02,-1.707323E-01,1.064456E-01,-1.184059E-01,2.064439E-01,-1.946762E-01
3.370000E+03,8.792840E-02,-1.491403E-01,1.392506E-01,7.716568E-02,1.885976E-01,-2.310681E-01
3.370500E+03,1.527628E-01,-1.252494E-01,1.704632E-01,2.772009E-01,1.679595E-01,-2.649580E-01
3.371000E+03,2.163338E-01,-9.948440E-02,1.995985E-01,4.804052E-01,1.448475E-01,-2.958594E-01
3.371500E+03,2.776156E-01,-7.229643E-02,2.262007E-01,6.853720E-01,1.196105E-01,-3.233368E-01
3.372000E+03,3.356140E-01,-4.415530E-02,2.498493E-01,8.905934E-01,9.262306E-02,-3.470116E-01
3.372500E+03,3.893816E-01,-1.554216E-02,2.701657E-01,1.094473E+00,6.427895E-02,-3.665667E-01
3.373000E+03,4.380319E-01,1.305809E-02,2.868179E-01,1.295340E+00,3.498523E-02,-3.817502E-01
3.373500E+03,4.807520E-01,4.116427E-02,2.995254E-01,1.491467E+00,5.156195E-03,-3.923776E-01
3.374000E+03,5.168149E-01,6.830621E-02,3.080635E-01,1.681092E+00,-2.479255E-02,-3.983327E-01
3.374500E+03,5.455896E-01,9.403171E-02,3.122657E-01,1.862431E+00,-5.444975E-02,-3.995681E-01
3.375000E+03,5.665506E-01,1.179131E-01,3.120263E-01,2.033707E+00,-8.341388E-02,-3.961039E-01
3.375500E+03,5.792849E-01,1.395534E-01,3.073021E-01,2.193170E+00,-1.112982E-01,-3.880253E-01
3.376000E+03,5.834979E-01,1.585919E-01,2.981125E-01,2.339117E+00,-1.377352E-01,-3.754797E-01
3.376500E+03,5.790175E-01,1.747086E-01,2.845397E-01,2.469918E+00,-1.623810E-01,-3.586731E-01
3.377000E+03,5.657961E-01,1.876292E-01,2.667272E-01,2.584035E+00,-1.849187E-01,-3.378654E-01
3.377500E+03,5.439114E-01,1.971281E-01,2.448783E-01,2.680046E+00,-2.050621E-01,-3.133650E-01
3.378000E+03,5.135651E-01,2.030312E-01,2.192535E-01,2.756662E+00,-2.225575E-01,-2.855233E-01
3.378500E+03,4.750798E-01,2.052182E-01,1.901668E-01,2.812748E+00,-2.371869E-01,-2.547292E-01
3.379000E+03,4.288949E-01,2.036238E-01,1.579822E-01,2.847337E+00,-2.487689E-01,-2.214023E-01
3.379500E+03,3.755603E-01,1.982379E-01,1.231086E-01,2.859646E+00,-2.571604E-01,-1.859869E-01
3.380000E+03,3.157289E-01,1.891062E-01,8.599519E-02,2.849089E+00,-2.622575E-01,-1.489456E-01
3.380500E+03,2.501481E-01,1.763284E-01,4.712520E-02,2.815284E+00,-2.639955E-01,-1.107533E-01
3.381000E+03,1.796497E-01,1.600576E-01,7.010222E-03,2.758058E+00,-2.623494E-01,-7.189102E-02
3.381500E+03,1.051392E-01,1.404973E-01,-3.381640E-02,2.677460E+00,-2.573334E-01,-3.283996E-02
3.382000E+03,2.758375E-02,1.178991E-01,-7.480631E-02,2.573751E+00,-2.490005E-01,5.923847E-03
3.382500E+03,-5.200038E-02,9.255954E-02,-1.154031E-01,2.447412E+00,-2.374414E-01,4.393480E-02
3.383000E+03,-1.325608E-01,6.481588E-02,-1.550495E-01,2.299135E+00,-2.227834E-01,8.074254E-02
3.383500E+03,-2.130225E-01,3.504213E-02,-1.931944E-01,2.129817E+00,-2.051892E-01,1.159164E-01
3.384000E+03,-2.923020E-01,3.644353E-03,-2.293002E-01,1.940556E+00,-1.848550E-01,1.490496E-01
3.384500E+03,-3.693207E-01,-2.894440E-02,-2.628499E-01,1.732636E+00,-1.620090E-01,1.797625E-01
3.385000E+03,-4.430193E-01,-6.226937E-02,-2.933539E-01,1.507514E+00,-1.369091E-01,2.077065E-01
3.385500E+03,-5.123710E-01,-9.585965E-02,-3.203569E-01,1.266810E+00,-1.098404E-01,2.325665E-01
3.386000E+03,-5.763949E-01,-1.292340E-01,-3.434442E-01,1.012291E+00,-8.111322E-02,2.540633E-01
3.386500E+03,-6.341690E-01,-1.619068E-01,-3.622477E-01,7.458500E-01,-5.105996E-02,2.719565E-01
3.387000E+03,-6.848421E-01,-1.933941E-01,-3.764514E-01,4.694943E-01,-2.003225E-02,2.860456E-01
3.387500E+03,-7.276452E-01,-2.232199E-01,-3.857964E-01,1.853249E-01,1.160226E-02,2.961720E-01
3.388000E+03,-7.619021E-01,-2.509218E-01,-3.900854E-01,-1.044809E-01,4.346337E-02,3.022204E-01
3.388500E+03,-7.870389E-01,-2.760578E-01,-3.891861E-01,-3.976878E-01,7.516199E-02,3.041193E-01
3.389000E+03,-8.025920E-01,-2.982117E-01,-3.830344E-01,-6.920206E-01,1.063041E-01,3.018419E-01
3.389500E+03,-8.082158E-01,-3.169995E-01,-3.716363E-01,-9.851822E-01,1.364949E-01,2.954069E-01
3.390000E+03,-8.036880E-01,-3.320744E-01,-3.550694E-01,-1.274871E+00,1.653432E-01,2.848780E-01
3.390500E+03,-7.889141E-01,-3.431326E-01,-3.334827E-01,-1.558799E+00,1.924659E-01,2.703638E-01
3.391000E+03,-7.639305E-01,-3.499181E-01,-3.070969E-01,-1.834705E+00,2.174926E-01,2.520176E-01
3.391500E+03,-7.289056E-01,-3.522274E-01,-2.762018E-01,-2.100377E+00,2.400707E-01,2.300363E-01
3.392000E+03,-6.841397E-01,-3.499133E-01,-2.411545E-01,-2.353661E+00,2.598699E-01,2.046589E-01
3.392500E+03,-6.300633E-01,-3.428887E-01,-2.023754E-01,-2.592478E+00,2.765872E-01,1.761651E-01
3.393000E+03,-5.672332E-01,-3.311294E-01,-1.603438E-01,-2.814840E+00,2.899516E-01,1.448732E-01
3.393500E+03,-4.963278E-01,-3.146761E-01,-1.155928E-01,-3.018863E+00,2.997290E-01,1.111372E-01
3.394000E+03,-4.181401E-01,-2.936362E-01,-6.870209E-02,-3.202777E+00,3.057258E-01,7.534415E-02
3.394500E+03,-3.335696E-01,-2.681837E-01,-2.029161E-02,-3.364943E+00,3.077938E-01,3.791052E-02
3.395000E+03,-2.436119E-01,-2.385597E-01,2.898697E-02,-3.503861E+00,3.058333E-01,-7.219134E-04
3.395500E+03,-1.493482E-01,-2.050704E-01,7.845871E-02,-3.618186E+00,2.997964E-01,-4.009040E-02
3.396000E+03,-5.193168E-02,-1.680855E-01,1.274347E-01,-3.706736E+00,2.896892E-01,-7.971621E-02
3.396500E+03,4.742555E-02,-1.280347E-01,1.752216E-01,-3.768502E+00,2.755743E-01,-1.191100E-01
3.397000E+03,1.474680E-01,-8.540353E-02,2.211319E-01,-3.802664E+00,2.575711E-01,-1.577775E-01
3.397500E+03,2.469124E-01,-4.072823E-02,2.644939E-01,-3.808593E+00,2.358568E-01,-1.952258E-01
3.398000E+03,3.444646E-01,5.410280E-03,3.046619E-01,-3.785866E+00,2.106652E-01,-2.309694E-01
3.398500E+03,4.388365E-01,5.239353E-02,3.410266E-01,-3.734273E+00,1.822855E-01,-2.645374E-01
3.399000E+03,5.287640E-01,9.957331E-02,3.730242E-01,-3.653821E+00,1.510601E-01,-2.954793E-01
3.399500E+03,6.130239E-01,1.462803E-01,4.001466E-01,-3.544746E+00,1.173805E-01,-3.233726E-01
3.400000E+03,6.904520E-01,1.918335E-01,4.219493E-01,-3.407514E+00,8.168352E-02,-3.478289E-01
3.400500E+03,7.599598E-01,2.355498E-01,4.380597E-01,-3.242827E+00,4.444605E-02,-3.685003E-01
3.401000E+03,8.205509E-01,2.767546E-01,4.481840E-01,-3.051623E+00,6.178666E-03,-3.850858E-01
3.401500E+03,8.713365E-01,3.147918E-01,4.521129E-01,-2.835078E+00,-3.258105E-02,-3.973364E-01
3.402000E+03,9.115495E-01,3.490349E-01,4.497266E-01,-2.594604E+00,-7.127617E-02,-4.050606E-01
3.402500E+03,9.405575E-01,3.788975E-01,4.409978E-01,-2.331843E+00,-1.093385E-01,-4.081287E-01
3.403000E+03,9.578740E-01,4.038429E-01,4.259941E-01,-2.048663E+00,-1.461975E-01,-4.064758E-01
3.403500E+03,9.631673E-01,4.233948E-01,4.048777E-01,-1.747147E+00,-1.812888E-01,-4.001054E-01
3.404000E+03,9.562685E-01,4.371457E-01,3.779054E-01,-1.429581E+00,-2.140639E-01,-3.890901E-01
3.404500E+03,9.371755E-01,4.447658E-01,3.454250E-01,-1.098441E+00,-2.439987E-01,-3.735729E-01
3.405000E+03,9.060566E-01,4.460099E-01,3.078719E-01,-7.563719E-01,-2.706034E-01,-3.537663E-01
3.405500E+03,8.632501E-01,4.407238E-01,2.657633E-01,-4.061722E-01,-2.934304E-01,-3.299508E-01
3.406000E+03,8.092620E-01,4.288493E-01,2.196910E-01,-5.076607E-02,-3.120830E-01,-3.024720E-01
3.406500E+03,7.447613E-01,4.104269E-01,1.703131E-01,3.068200E-01,-3.262227E-01,-2.717365E-01
3.407000E+03,6.705723E-01,3.855988E-01,1.183448E-01,6.634861E-01,-3.355765E-01,-2.382069E-01
3.407500E+03,5.876646E-01,3.546078E-01,6.454701E-02,1.016089E+00,-3.399420E-01,-2.023955E-01
3.408000E+03,4.971411E-01,3.177970E-01,9.715422E-03,1.361473E+00,-3.391928E-01,-1.648572E-01
3.408500E+03,4.002231E-01,2.756056E-01,-4.533214E-02,1.696507E+00,-3.332817E-01,-1.261811E-01
3.409000E+03,2.982334E-01,2.285647E-01,-9.976846E-02,2.018115E+00,-3.222430E-01,-8.698158E-02
3.409500E+03,1.925787E-01,1.772901E-01,-1.527701E-01,2.323313E+00,-3.061935E-01,-4.788898E-02
3.410000E+03,8.472858E-02,1.224747E-01,-2.035308E-01,2.609246E+00,-2.853317E-01,-9.539230E-03
3.410500E+03,-2.380536E-02,6.487827E-02,-2.512742E-01,2.873217E+00,-2.599363E-01,2.743651E-02
3.411000E+03,-1.314918E-01,5.316604E-03,-2.952671E-01,3.112727E+00,-2.303624E-01,6.242242E-02
3.411500E+03,-2.368028E-01,-5.535073E-02,-3.348314E-01,3.325504E+00,-1.970368E-01,9.482862E-02
3.412000E+03,-3.382367E-01,-1.162337E-01,-3.693553E-01,3.509531E+00,-1.604520E-01,1.241015E-01
3.412500E+03,-4.343414E-01,-1.764257E-01,-3.983039E-01,3.663077E+00,-1.211591E-01,1.497335E-01
3.413000E+03,-5.237369E-01,-2.350184E-01,-4.212283E-01,3.784717E+00,-7.975854E-02,1.712729E-01
3.413500E+03,-6.051369E-01,-2.911164E-01,-4.377733E-01,3.873354E+00,-3.689151E-02,1.883316E-01
3.414000E+03,-6.773690E-01,-3.438523E-01,-4.476836E-01,3.928235E+00,6.770896E-03,2.005933E-01
3.414500E+03,-7.393939E-01,-3.924010E-01,-4.508086E-01,3.948964E+00,5.053846E-02,2.078198E-01
3.415000E+03,-7.903224E-01,-4.359943E-01,-4.471050E-01,3.935506E+00,9.371328E-02,2.098561E-01
3.415500E+03,-8.294295E-01,-4.739339E-01,-4.366383E-01,3.888190E+00,1.356015E-01,2.066345E-01
3.416000E+03,-8.561672E-01,-5.056040E-01,-4.195814E-01,3.807710E+00,1.755249E-01,1.981766E-01
3.416500E+03,-8.701736E-01,-5.304821E-01,-3.962128E-01,3.695111E+00,2.128327E-01,1.845946E-01
3.417000E+03,-8.712797E-01,-5.481488E-01,-3.669117E-01,3.551779E+00,2.469127E-01,1.660900E-01
3.417500E+03,-8.595126E-01,-5.582955E-01,-3.321519E-01,3.379425E+00,2.772019E-01,1.429522E-01
3.418000E+03,-8.350964E-01,-5.607307E-01,-2.924947E-01,3.180061E+00,3.031962E-01,1.155536E-01
3.418500E+03,-7.984491E-01,-5.553837E-01,-2.485790E-01,2.955972E+00,3.244597E-01,8.434500E-02
3.419000E+03,-7.501766E-01,-5.423071E-01,-2.011113E-01,2.709689E+00,3.406321E-01,4.984848E-02
3.419500E+03,-6.910640E-01,-5.216761E-01,-1.508541E-01,2.443953E+00,3.514354E-01,1.264918E-02
3.420000E+03,-6.220637E-01,-4.937870E-01,-9.861273E-02,2.161682E+00,3.566791E-01,-2.661395E-02
3.420500E+03,-5.442806E-01,-4.590522E-01,-4.522284E-02,1.865928E+00,3.562636E-01,-6.725865E-02
3.421000E+03,-4.589552E-01,-4.179942E-01,8.463934E-03,1.559839E+00,3.501821E-01,-1.085707E-01
3.421500E+03,-3.674439E-01,-3.712374E-01,6.159383E-02,1.246620E+00,3.385218E-01,-1.498157E-01
3.422000E+03,-2.711980E-01,-3.194975E-01,1.133250E-01,9.294894E-01,3.214617E-01,-1.902521E-01
3.422500E+03,-1.717403E-01,-2.635702E-01,1.628415E-01,6.116379E-01,2.992705E-01,-2.291433E-01
3.423000E+03,-7.064165E-02,-2.043182E-01,2.093662E-01,2.961908E-01,2.723020E-01,-2.657710E-01
3.423500E+03,3.050449E-02,-1.426564E-01,2.521740E-01,-1.383089E-02,2.409894E-01,-2.994475E-01
3.424000E+03,1.301072E-01,-7.953702E-02,2.906030E-01,-3.155461E-01,2.058376E-01,-3.295280E-01
3.424500E+03,2.266034E-01,-1.593392E-02,3.240656E-01,-6.062464E-01,1.674154E-01,-3.554221E-01
3.425000E+03,3.184827E-01,4.717398E-02,3.520573E-01,-8.834252E-01,1.263455E-01,-3.766049E-01
3.425500E+03,4.043113E-01,1.088188E-01,3.741648E-01,-1.144803E+00,8.329389E-02,-3.926261E-01
3.426000E+03,4.827552E-01,1.680596E-01,3.900723E-01,-1.388351E+00,3.895889E-02,-4.031188E-01
3.426500E+03,5.526004E-01,2.239983E-01,3.995662E-01,-1.612305E+00,-5.940874E-03,-4.078064E-01
3.427000E+03,6.127729E-01,2.757939E-01,4.025375E-01,-1.815182E+00,-5.067855E-02,-4.065084E-01
3.427500E+03,6.623551E-01,3.226766E-01,3.989834E-01,-1.995784E+00,-9.453134E-02,-3.991440E-01
3.428000E+03,7.006001E-01,3.639599E-01,3.890063E-01,-2.153206E+00,-1.367927E-01,-3.857343E-01
3.428500E+03,7.269432E-01,3.990515E-01,3.728116E-01,-2.286832E+00,-1.767841E-01,-3.664030E-01
3.429000E+03,7.410102E-01,4.274628E-01,3.507030E-01,-2.396332E+00,-2.138665E-01,-3.413746E-01
3.429500E+03,7.426230E-01,4.488157E-01,3.230776E-01,-2.481653E+00,-2.474508E-01,-3.109717E-01
3.430000E+03,7.318017E-01,4.628484E-01,2.904179E-01,-2.543002E+00,-2.770078E-01,-2.756097E-01
3.430500E+03,7.087634E-01,4.694188E-01,2.532837E-01,-2.580837E+00,-3.020767E-01,-2.357906E-01
3.431000E+03,6.739181E-01,4.685052E-01,2.123018E-01,-2.595840E+00,-3.222723E-01,-1.920949E-01
3.431500E+03,6.278612E-01,4.602063E-01,1.681557E-01,-2.588902E+00,-3.372914E-01,-1.451719E-01
3.432000E+03,5.713633E-01,4.447376E-01,1.215738E-01,-2.561096E+00,-3.469177E-01,-9.572890E-02
3.432500E+03,5.053574E-01,4.224271E-01,7.331692E-02,-2.513652E+00,-3.510242E-01,-4.451995E-02
3.433000E+03,4.309227E-01,3.937082E-01,2.416590E-02,-2.447931E+00,-3.495754E-01,7.667415E-03
3.433500E+03,3.492671E-01,3.591116E-01,-2.509127E-02,-2.365403E+00,-3.426272E-01,6.002517E-02
3.434000E+03,2.617071E-01,3.192554E-01,-7.367231E-02,-2.267613E+00,-3.303251E-01,1.117386E-01
3.434500E+03,1.696467E-01,2.748335E-01,-1.208131E-01,-2.156161E+00,-3.129015E-01,1.620000E-01
3.435000E+03,7.455394E-02,2.266033E-01,-1.657799E-01,-2.032676E+00,-2.906708E-01,2.100230E-01
3.435500E+03,-2.206201E-02,1.753725E-01,-2.078807E-01,-1.898790E+00,-2.640240E-01,2.550551E-01
3.436000E+03,-1.186755E-01,1.219850E-01,-2.464757E-01,-1.756119E+00,-2.334209E-01,2.963915E-01
3.436500E+03,-2.137686E-01,6.730656E-02,-2.809871E-01,-1.606243E+00,-1.993825E-01,3.333866E-01
3.437000E+03,-3.058547E-01,1.221031E-02,-3.109077E-01,-1.450686E+00,-1.624815E-01,3.654654E-01
3.437500E+03,-3.935024E-01,-4.243770E-02,-3.358076E-01,-1.290905E+00,-1.233319E-01,3.921333E-01
3.438000E+03,-4.753569E-01,-9.579239E-02,-3.553403E-01,-1.128270E+00,-8.257918E-02,4.129842E-01
3.438500E+03,-5.501617E-01,-1.470432E-01,-3.692475E-01,-9.640645E-01,-4.088859E-02,4.277081E-01
3.439000E+03,-6.167770E-01,-1.954266E-01,-3.773611E-01,-7.994673E-01,1.065812E-03,4.360959E-01
3.439500E+03,-6.741971E-01,-2.402375E-01,-3.796055E-01,-6.355542E-01,4.261257E-02,4.380430E-01
3.440000E+03,-7.215650E-01,-2.808401E-01,-3.759969E-01,-4.732933E-01,8.309388E-02,4.335510E-01
3.440500E+03,-7.581849E-01,-3.166762E-01,-3.666419E-01,-3.135444E-01,1.218764E-01,4.227274E-01
3.441000E+03,-7.835315E-01,-3.472733E-01,-3.517346E-01,-1.570616E-01,1.583615E-01,4.057839E-01
3.441500E+03,-7.972574E-01,-3.722502E-01,-3.315520E-01,-4.496260E-03,1.919947E-01,3.830320E-01
3.442000E+03,-7.991962E-01,-3.913213E-01,-3.064486E-01,1.435972E-01,2.222744E-01,3.548778E-01
3.442500E+03,-7.893645E-01,-4.042993E-01,-2.768495E-01,2.867547E-01,2.487591E-01,3.218149E-01
3.443000E+03,-7.679594E-01,-4.110961E-01,-2.432426E-01,4.245948E-01,2.710748E-01,2.844151E-01
3.443500E+03,-7.353541E-01,-4.117219E-01,-2.061703E-01,5.568095E-01,2.889192E-01,2.433190E-01
3.444000E+03,-6.920908E-01,-4.062832E-01,-1.662198E-01,6.831554E-01,3.020665E-01,1.992240E-01
3.444500E+03,-6.388702E-01,-3.949782E-01,-1.240135E-01,8.034440E-01,3.103693E-01,1.528729E-01
3.445000E+03,-5.765396E-01,-3.780924E-01,-8.019884E-02,9.175316E-01,3.137607E-01,1.050404E-01
3.445500E+03,-5.060784E-01,-3.559910E-01,-3.543764E-02,1.025310E+00,3.122534E-01,5.652007E-02
3.446000E+03,-4.285817E-01,-3.291120E-01,9.604027E-03,1.126698E+00,3.059384E-01,8.110485E-03
3.446500E+03,-3.452423E-01,-2.979567E-01,5.426620E-02,1.221632E+00,2.949824E-01,-3.939831E-02
3.447000E+03,-2.573314E-01,-2.630809E-01,9.790491E-02,1.310056E+00,2.796237E-01,-8.523816E-02
3.447500E+03,-1.661787E-01,-2.250838E-01,1.399016E-01,1.391920E+00,2.601667E-01,-1.286757E-01
3.448000E+03,-7.315115E-02,-1.845980E-01,1.796722E-01,1.467169E+00,2.369763E-01,-1.690246E-01
3.448500E+03,2.036823E-02,-1.422783E-01,2.166746E-01,1.535740E+00,2.104701E-01,-2.056565E-01
3.449000E+03,1.130013E-01,-9.879102E-02,2.504167E-01,1.597557E+00,1.811110E-01,-2.380112E-01
3.449500E+03,2.033956E-01,-5.480271E-02,2.804620E-01,1.652530E+00,1.493982E-01,-2.656056E-01
3.450000E+03,2.902447E-01,-1.097002E-02,3.064353E-01,1.700551E+00,1.158589E-01,-2.880406E-01
3.450500E+03,3.723070E-01,3.207052E-02,3.280264E-01,1.741496E+00,8.103844E-02,-3.050070E-01
3.451000E+03,4.484239E-01,7.371189E-02,3.449936E-01,1.775224E+00,4.549139E-02,-3.162895E-01
3.451500E+03,5.175357E-01,1.133853E-01,3.571654E-01,1.801577E+00,9.771959E-03,-3.217688E-01
3.452000E+03,5.786966E-01,1.505677E-01,3.644412E-01,1.820385E+00,-2.557498E-02,-3.214223E-01
3.452500E+03,6.310868E-01,1.847891E-01,3.667910E-01,1.831469E+00,-6.002257E-02,-3.153230E-01
3.453000E+03,6.740233E-01,2.156377E-01,3.642538E-01,1.834645E+00,-9.307023E-02,-3.036364E-01
3.453500E+03,7.069679E-01,2.427647E-01,3.569354E-01,1.829724E+00,-1.242511E-01,-2.866159E-01
3.454000E+03,7.295332E-01,2.658877E-01,3.450050E-01,1.816527E+00,-1.531389E-01,-2.645971E-01
3.454500E+03,7.414860E-01,2.847931E-01,3.286906E-01,1.794880E+00,-1.793537E-01,-2.379904E-01
3.455000E+03,7.427484E-01,2.993367E-01,3.082744E-01,1.764627E+00,-2.025668E-01,-2.072721E-01
3.455500E+03,7.333964E-01,3.094438E-01,2.840867E-01,1.725635E+00,-2.225049E-01,-1.729754E-01
3.456000E+03,7.136569E-01,3.151079E-01,2.565003E-01,1.677798E+00,-2.389526E-01,-1.356796E-01
3.456500E+03,6.839010E-01,3.163884E-01,2.259234E-01,1.621044E+00,-2.517542E-01,-9.599901E-02
3.457000E+03,6.446372E-01,3.134074E-01,1.927929E-01,1.555345E+00,-2.608146E-01,-5.457213E-02
3.457500E+03,5.965011E-01,3.063452E-01,1.575673E-01,1.480714E+00,-2.660984E-01,-1.204969E-02
3.458000E+03,5.402442E-01,2.954355E-01,1.207199E-01,1.397223E+00,-2.676290E-01,3.091662E-02
3.458500E+03,4.767214E-01,2.809598E-01,8.273153E-02,1.304997E+00,-2.654857E-01,7.368526E-02
3.459000E+03,4.068762E-01,2.632413E-01,4.408387E-02,1.204225E+00,-2.598007E-01,1.156355E-01
3.459500E+03,3.317263E-01,2.426378E-01,5.253049E-03,1.095162E+00,-2.507549E-01,1.561774E-01
3.460000E+03,2.523477E-01,2.195355E-01,-3.329648E-02,9.781334E-01,-2.385731E-01,1.947608E-01
3.460500E+03,1.698581E-01,1.943413E-01,-7.111751E-02,8.535365E-01,-2.235184E-01,2.308833E-01
3.461000E+03,8.540074E-02,1.674763E-01,-1.077852E-01,7.218439E-01,-2.058868E-01,2.640972E-01
3.461500E+03,1.279169E-04,1.393682E-01,-1.429013E-01,5.836036E-01,-1.860007E-01,2.940153E-01
3.462000E+03,-8.481525E-02,1.104451E-01,-1.760983E-01,4.394397E-01,-1.642028E-01,3.203148E-01
3.462500E+03,-1.683063E-01,8.112879E-02,-2.070422E-01,2.900512E-01,-1.408494E-01,3.427406E-01
3.463000E+03,-2.492604E-01,5.182867E-02,-2.354353E-01,1.362109E-01,-1.163042E-01,3.611066E-01
3.463500E+03,-3.266441E-01,2.293642E-02,-2.610177E-01,-2.123792E-02,-9.093219E-02,3.752959E-01
3.464000E+03,-3.994881E-01,-5.178990E-03,-2.835685E-01,-1.813849E-01,-6.509377E-02,3.852599E-01
3.464500E+03,-4.668988E-01,-3.217559E-02,-3.029064E-01,-3.432572E-01,-3.913916E-02,3.910158E-01
3.465000E+03,-5.280685E-01,-5.774195E-02,-3.188897E-01,-5.058257E-01,-1.340352E-02,3.926426E-01
3.465500E+03,-5.822836E-01,-8.160008E-02,-3.314153E-01,-6.680111E-01,1.179745E-02,3.902775E-01
3.466000E+03,-6.289320E-01,-1.035075E-01,-3.404182E-01,-8.286919E-01,3.617132E-02,3.841097E-01
3.466500E+03,-6.675080E-01,-1.232589E-01,-3.458693E-01,-9.867127E-01,5.945205E-02,3.743745E-01
3.467000E+03,-6.976165E-01,-1.406862E-01,-3.477742E-01,-1.140894E+00,8.140239E-02,3.613467E-01
3.467500E+03,-7.189749E-01,-1.556595E-01,-3.461710E-01,-1.290040E+00,1.018156E-01,3.453332E-01
3.468000E+03,-7.314138E-01,-1.680855E-01,-3.411275E-01,-1.432952E+00,1.205165E-01,3.266660E-01
3.468500E+03,-7.348757E-01,-1.779070E-01,-3.327397E-01,-1.568439E+00,1.373618E-01,3.056948E-01
3.469000E+03,-7.294130E-01,-1.851009E-01,-3.211284E-01,-1.695326E+00,1.522397E-01,2.827795E-01
3.469500E+03,-7.151840E-01,-1.896761E-01,-3.064376E-01,-1.812471E+00,1.650692E-01,2.582835E-01
3.470000E+03,-6.924485E-01,-1.916709E-01,-2.888314E-01,-1.918771E+00,1.757987E-01,2.325670E-01
3.470500E+03,-6.615609E-01,-1.911501E-01,-2.684924E-01,-2.013177E+00,1.844040E-01,2.059813E-01
3.471000E+03,-6.229643E-01,-1.882024E-01,-2.456192E-01,-2.094707E+00,1.908861E-01,1.788632E-01
3.471500E+03,-5.771821E-01,-1.829369E-01,-2.204244E-01,-2.162452E+00,1.952691E-01,1.515307E-01
3.472000E+03,-5.248099E-01,-1.754803E-01,-1.931331E-01,-2.215591E+00,1.975969E-01,1.242789E-01
3.472500E+03,-4.665068E-01,-1.659733E-01,-1.639814E-01,-2.253402E+00,1.979310E-01,9.737751E-02
3.473000E+03,-4.029860E-01,-1.545684E-01,-1.332148E-01,-2.275267E+00,1.963472E-01,7.106872E-02
3.473500E+03,-3.350054E-01,-1.414265E-01,-1.010872E-01,-2.280681E+00,1.929333E-01,4.556586E-02
3.474000E+03,-2.633587E-01,-1.267146E-01,-6.785986E-02,-2.269265E+00,1.877863E-01,2.105327E-02
3.474500E+03,-1.888653E-01,-1.106037E-01,-3.380067E-02,-2.240764E+00,1.810099E-01,-2.313342E-03
3.475000E+03,-1.123613E-01,-9.326649E-02,8.168871E-04,-2.195061E+00,1.727127E-01,-2.440570E-02
3.475500E+03,-3.469089E-02,-7.487637E-02,3.571431E-02,-2.132170E+00,1.630060E-01,-4.512121E-02
3.476000E+03,4.330286E-02,-5.560570E-02,7.060884E-02,-2.052251E+00,1.520024E-01,-6.438069E-02
3.476500E+03,1.207859E-01,-3.562515E-02,1.052143E-01,-1.955600E+00,1.398150E-01,-8.212563E-02
3.477000E+03,1.969409E-01,-1.510310E-02,1.392418E-01,-1.842657E+00,1.265564E-01,-9.831529E-02
3.477500E+03,2.709751E-01,5.794593E-03,1.724011E-01,-1.713999E+00,1.123379E-01,-1.129235E-01
3.478000E+03,3.421263E-01,2.690462E-02,2.044015E-01,-1.570341E+00,9.727013E-02,-1.259357E-01
3.478500E+03,4.096697E-01,4.806598E-02,2.349534E-01,-1.412529E+00,8.146286E-02,-1.373454E-01
3.479000E+03,4.729235E-01,6.911959E-02,2.637699E-01,-1.241539E+00,6.502548E-02,-1.471520E-01
3.479500E+03,5.312535E-01,8.990782E-02,2.905690E-01,-1.058463E+00,4.806776E-02,-1.553575E-01
3.480000E+03,5.840787E-01,1.102739E-01,3.150753E-01,-8.645122E-01,3.070066E-02,-1.619650E-01
3.480500E+03,6.308747E-01,1.300616E-01,3.370232E-01,-6.609984E-01,1.303722E-02,-1.669762E-01
3.481000E+03,6.711772E-01,1.491146E-01,3.561589E-01,-4.493312E-01,-4.806503E-03,-1.703910E-01
3.481500E+03,7.045859E-01,1.672762E-01,3.722438E-01,-2.310052E-01,-2.271060E-02,-1.722062E-01
3.482000E+03,7.307665E-01,1.843896E-01,3.850577E-01,-7.590278E-03,-4.055055E-02,-1.724156E-01
3.482500E+03,7.494532E-01,2.002978E-01,3.944019E-01,2.192803E-01,-5.819669E-02,-1.710107E-01
3.483000E+03,7.604504E-01,2.148439E-01,4.001027E-01,4.479214E-01,-7.551385E-02,-1.679814E-01
3.483500E+03,7.636342E-01,2.278726E-01,4.020148E-01,6.766083E-01,-9.236142E-02,-1.633174E-01
3.484000E+03,7.589534E-01,2.392305E-01,4.000246E-01,9.035894E-01,-1.085936E-01,-1.570104E-01
3.484500E+03,7.464298E-01,2.487682E-01,3.940538E-01,1.127099E+00,-1.240600E-01,-1.490564E-01
3.485000E+03,7.261586E-01,2.563418E-01,3.840616E-01,1.345369E+00,-1.386070E-01,-1.394579E-01
3.485500E+03,6.983076E-01,2.618153E-01,3.700483E-01,1.556645E+00,-1.520786E-01,-1.282267E-01
3.486000E+03,6.631170E-01,2.650628E-01,3.520568E-01,1.759197E+00,-1.643189E-01,-1.153869E-01
3.486500E+03,6.208976E-01,2.659712E-01,3.301750E-01,1.951333E+00,-1.751737E-01,-1.009775E-01
3.487000E+03,5.720291E-01,2.644430E-01,3.045366E-01,2.131412E+00,-1.844931E-01,-8.505475E-02
3.487500E+03,5.169576E-01,2.603993E-01,2.753221E-01,2.297858E+00,-1.921343E-01,-6.769447E-02
3.488000E+03,4.561929E-01,2.537829E-01,2.427585E-01,2.449173E+00,-1.979644E-01,-4.899415E-02
3.488500E+03,3.903047E-01,2.445608E-01,2.071187E-01,2.583949E+00,-2.018634E-01,-2.907418E-02
3.489000E+03,3.199184E-01,2.327272E-01,1.687196E-01,2.700879E+00,-2.037272E-01,-8.078742E-03
3.489500E+03,2.457102E-01,2.183060E-01,1.279202E-01,2.798773E+00,-2.034708E-01,1.382388E-02
3.490000E+03,1.684021E-01,2.013527E-01,8.511824E-02,2.876568E+00,-2.010310E-01,3.644174E-02
3.490500E+03,8.875514E-02,1.819567E-01,4.074651E-02,2.933337E+00,-1.963692E-01,5.956035E-02
3.491000E+03,7.563003E-03,1.602418E-01,-4.731926E-03,2.968304E+00,-1.894737E-01,8.294445E-02
3.491500E+03,-7.435532E-02,1.363675E-01,-5.082887E-02,2.980853E+00,-1.803617E-01,1.063405E-01
3.492000E+03,-1.561634E-01,1.105286E-01,-9.703690E-02,2.970535E+00,-1.690809E-01,1.294799E-01
3.492500E+03,-2.370160E-01,8.295487E-02,-1.428357E-01,2.937079E+00,-1.557103E-01,1.520827E-01
3.493000E+03,-3.160672E-01,5.390937E-02,-1.876991E-01,2.880400E+00,-1.403611E-01,1.738619E-01
3.493500E+03,-3.924803E-01,2.368653E-02,-2.311017E-01,2.800602E+00,-1.231758E-01,1.945281E-01
3.494000E+03,-4.654367E-01,-7.390786E-03,-2.725268E-01,2.697986E+00,-1.043280E-01,2.137950E-01
3.494500E+03,-5.341453E-01,-3.897479E-02,-3.114733E-01,2.573052E+00,-8.402047E-02,2.313842E-01
3.495000E+03,-5.978521E-01,-7.069707E-02,-3.474633E-01,2.426503E+00,-6.248322E-02,2.470310E-01
3.495500E+03,-6.558494E-01,-1.021734E-01,-3.800490E-01,2.259241E+00,-3.997055E-02,2.604899E-01
3.496000E+03,-7.074849E-01,-1.330091E-01,-4.088197E-01,2.072367E+00,-1.675765E-02,2.715394E-01
3.496500E+03,-7.521703E-01,-1.628052E-01,-4.334078E-01,1.867176E+00,6.863292E-03,2.799876E-01
3.497000E+03,-7.893889E-01,-1.911641E-01,-4.534948E-01,1.645154E+00,3.058757E-02,2.856762E-01
3.497500E+03,-8.187033E-01,-2.176965E-01,-4.688159E-01,1.407964E+00,5.410279E-02,2.884850E-01
3.498000E+03,-8.397617E-01,-2.420278E-01,-4.791649E-01,1.157437E+00,7.709396E-02,2.883348E-01
3.498500E+03,-8.523032E-01,-2.638044E-01,-4.843965E-01,8.955616E-01,9.924884E-02,2.851906E-01
3.499000E+03,-8.561622E-01,-2.827003E-01,-4.844297E-01,6.244631E-01,1.202633E-01,2.790629E-01
3.499500E+03,-8.512714E-01,-2.984231E-01,-4.792485E-01,3.463893E-01,1.398469E-01,2.700088E-01
3.500000E+03,-8.376639E-01,-3.107193E-01,-4.689022E-01,6.368876E-02,1.577276E-01,2.581320E-01
3.500500E+03,-8.154732E-01,-3.193798E-01,-4.535052E-01,-2.212108E-01,1.736572E-01,2.435818E-01
3.501000E+03,-7.849327E-01,-3.242437E-01,-4.332345E-01,-5.058266E-01,1.874159E-01,2.265516E-01
3.501500E+03,-7.463732E-01,-3.252022E-01,-4.083277E-01,-7.876462E-01,1.988158E-01,2.072752E-01
3.502000E+03,-7.002190E-01,-3.222010E-01,-3.790787E-01,-1.064154E+00,2.077053E-01,1.860240E-01
3.502500E+03,-6.469831E-01,-3.152419E-01,-3.458336E-01,-1.332858E+00,2.139709E-01,1.631021E-01
3.503000E+03,-5.872606E-01,-3.043838E-01,-3.089851E-01,-1.591320E+00,2.175403E-01,1.388413E-01
3.503500E+03,-5.217210E-01,-2.897417E-01,-2.689665E-01,-1.837180E+00,2.183828E-01,1.135951E-01
3.504000E+03,-4.510996E-01,-2.714860E-01,-2.262454E-01,-2.068187E+00,2.165105E-01,8.773274E-02
3.504500E+03,-3.761879E-01,-2.498393E-01,-1.813163E-01,-2.282226E+00,2.119776E-01,6.163244E-02
3.505000E+03,-2.978230E-01,-2.250734E-01,-1.346938E-01,-2.477341E+00,2.048793E-01,3.567461E-02
3.505500E+03,-2.168762E-01,-1.975044E-01,-8.690463E-02,-2.651761E+00,1.953497E-01,1.023507E-02
3.506000E+03,-1.342418E-01,-1.674881E-01,-3.848084E-02,-2.803923E+00,1.835593E-01,-1.432175E-02
3.506500E+03,-5.082481E-02,-1.354135E-01,1.004799E-02,-2.932487E+00,1.697113E-01,-3.764924E-02
3.507000E+03,3.247058E-02,-1.016964E-01,5.816164E-02,-3.036358E+00,1.540378E-01,-5.942482E-02
3.507500E+03,1.147532E-01,-6.677202E-02,1.053559E-01,-3.114699E+00,1.367948E-01,-7.935545E-02
3.508000E+03,1.951562E-01,-3.108823E-02,1.511487E-01,-3.166935E+00,1.182575E-01,-9.718270E-02
3.508500E+03,2.728482E-01,4.902623E-03,1.950860E-01,-3.192766E+00,9.871476E-02,-1.126869E-01
3.509000E+03,3.470431E-01,4.075103E-02,2.367463E-01,-3.192167E+00,7.846374E-02,-1.256905E-01
3.509500E+03,4.170101E-01,7.601777E-02,2.757450E-01,-3.165388E+00,5.780405E-02,-1.360609E-01
3.510000E+03,4.820817E-01,1.102811E-01,3.117380E-01,-3.112943E+00,3.703231E-02,-1.437114E-01
3.510500E+03,5.416607E-01,1.431431E-01,3.444239E-01,-3.035612E+00,1.643677E-02,-1.486027E-01
3.511000E+03,5.952268E-01,1.742364E-01,3.735461E-01,-2.934415E+00,-3.707779E-03,-1.507416E-01
3.511500E+03,6.423408E-01,2.032286E-01,3.988936E-01,-2.810606E+00,-2.314465E-02,-1.501805E-01
3.512000E+03,6.826479E-01,2.298275E-01,4.203014E-01,-2.665650E+00,-4.163942E-02,-1.470149E-01
3.512500E+03,7.158797E-01,2.537842E-01,4.376494E-01,-2.501200E+00,-5.898353E-02,-1.413802E-01
3.513000E+03,7.418548E-01,2.748962E-01,4.508619E-01,-2.319073E+00,-7.499710E-02,-1.334486E-01
3.513500E+03,7.604777E-01,2.930083E-01,4.599052E-01,-2.121222E+00,-8.953115E-02,-1.234239E-01
3.514000E+03,7.717368E-01,3.080139E-01,4.647857E-01,-1.909712E+00,-1.024690E-01,-1.115371E-01
3.514500E+03,7.757013E-01,3.198539E-01,4.655467E-01,-1.686686E+00,-1.137269E-01,-9.804113E-02
3.515000E+03,7.725165E-01,3.285157E-01,4.622657E-01,-1.454340E+00,-1.232540E-01,-8.320480E-02
3.515500E+03,7.623983E-01,3.340307E-01,4.550510E-01,-1.214889E+00,-1.310314E-01,-6.730738E-02
3.516000E+03,7.456277E-01,3.364709E-01,4.440383E-01,-9.705438E-01,-1.370705E-01,-5.063274E-02
3.516500E+03,7.225433E-01,3.359455E-01,4.293869E-01,-7.234795E-01,-1.414110E-01,-3.346366E-02
3.517000E+03,6.935343E-01,3.325958E-01,4.112769E-01,-4.758113E-01,-1.441181E-01,-1.607652E-02
3.517500E+03,6.590329E-01,3.265904E-01,3.899057E-01,-2.295715E-01,-1.452792E-01,1.263812E-03
3.518000E+03,6.195066E-01,3.181200E-01,3.654852E-01,1.331221E-02,-1.450002E-01,1.830847E-02
3.518500E+03,5.754502E-01,3.073917E-01,3.382385E-01,2.510347E-01,-1.434017E-01,3.482862E-02
3.519000E+03,5.273786E-01,2.946232E-01,3.083986E-01,4.819285E-01,-1.406150E-01,5.061875E-02
3.519500E+03,4.758192E-01,2.800378E-01,2.762053E-01,7.044752E-01,-1.367778E-01,6.549941E-02
3.520000E+03,4.213054E-01,2.638589E-01,2.419044E-01,9.173146E-01,-1.320304E-01,7.931902E-02
3.520500E+03,3.643705E-01,2.463052E-01,2.057461E-01,1.119249E+00,-1.265117E-01,9.195513E-02
3.521000E+03,3.055415E-01,2.275865E-01,1.679844E-01,1.309246E+00,-1.203555E-01,1.033147E-01
3.521500E+03,2.453350E-01,2.078999E-01,1.288763E-01,1.486435E+00,-1.136873E-01,1.133341E-01
3.522000E+03,1.842528E-01,1.874267E-01,8.868191E-02,1.650106E+00,-1.066219E-01,1.219776E-01
3.522500E+03,1.227783E-01,1.663305E-01,4.766431E-02,1.799699E+00,-9.926038E-02,1.292362E-01
3.523000E+03,6.137474E-02,1.447557E-01,6.089953E-03,1.934797E+00,-9.168915E-02,1.351252E-01
3.523500E+03,4.826066E-04,1.228265E-01,-3.577105E-02,2.055115E+00,-8.397834E-02,1.396816E-01
3.524000E+03,-5.948081E-02,1.006479E-01,-7.764448E-02,2.160484E+00,-7.618143E-02,1.429610E-01
3.524500E+03,-1.181221E-01,7.830589E-02,-1.192516E-01,2.250842E+00,-6.833541E-02,1.450346E-01
3.525000E+03,-1.750713E-01,5.586972E-02,-1.603090E-01,2.326214E+00,-6.046140E-02,1.459849E-01
3.525500E+03,-2.299818E-01,3.339414E-02,-2.005284E-01,2.386702E+00,-5.256590E-02,1.459032E-01
3.526000E+03,-2.825287E-01,1.092233E-02,-2.396167E-01,2.432467E+00,-4.464258E-02,1.448854E-01
3.526500E+03,-3.324080E-01,-1.151066E-02,-2.772770E-01,2.463719E+00,-3.667439E-02,1.430285E-01
3.527000E+03,-3.793351E-01,-3.387422E-02,-3.132086E-01,2.480702E+00,-2.863615E-02,1.404283E-01
3.527500E+03,-4.230433E-01,-5.613822E-02,-3.471093E-01,2.483682E+00,-2.049731E-02,1.371756E-01
3.528000E+03,-4.632828E-01,-7.826909E-02,-3.786764E-01,2.472943E+00,-1.222496E-02,1.333546E-01
3.528500E+03,-4.998193E-01,-1.002259E-01,-4.076088E-01,2.448771E+00,-3.786876E-03,1.290404E-01
3.529000E+03,-5.324332E-01,-1.219569E-01,-4.336105E-01,2.411460E+00,4.845487E-03,1.242978E-01
3.529500E+03,-5.609196E-01,-1.433960E-01,-4.563926E-01,2.361299E+00,1.369404E-02,1.191805E-01
3.530000E+03,-5.850876E-01,-1.644601E-01,-4.756776E-01,2.298578E+00,2.277142E-02,1.137303E-01
3.530500E+03,-6.047612E-01,-1.850469E-01,-4.912025E-01,2.223586E+00,3.207858E-02,1.079777E-01
3.531000E+03,-6.197802E-01,-2.050337E-01,-5.027235E-01,2.136616E+00,4.160281E-02,1.019422E-01
3.531500E+03,-6.300015E-01,-2.242760E-01,-5.100201E-01,2.037970E+00,5.131617E-02,9.563365E-02
3.532000E+03,-6.353011E-01,-2.426086E-01,-5.128993E-01,1.927969E+00,6.117451E-02,8.905349E-02
3.532500E+03,-6.355764E-01,-2.598455E-01,-5.112004E-01,1.806956E+00,7.111689E-02,8.219694E-02
3.533000E+03,-6.307488E-01,-2.757826E-01,-5.047990E-01,1.675309E+00,8.106571E-02,7.505498E-02
3.533500E+03,-6.207671E-01,-2.901998E-01,-4.936116E-01,1.533450E+00,9.092730E-02,6.761671E-02
3.534000E+03,-6.056102E-01,-3.028647E-01,-4.775992E-01,1.381855E+00,1.005931E-01,5.987184E-02
3.534500E+03,-5.852909E-01,-3.135367E-01,-4.567709E-01,1.221065E+00,1.099416E-01,5.181312E-02
3.535000E+03,-5.598589E-01,-3.219720E-01,-4.311868E-01,1.051691E+00,1.188402E-01,4.343876E-02
3.535500E+03,-5.294041E-01,-3.279286E-01,-4.009604E-01,8.744274E-01,1.271480E-01,3.475463E-02
3.536000E+03,-4.940599E-01,-3.311724E-01,-3.662604E-01,6.900556E-01,1.347190E-01,2.577626E-02
3.536500E+03,-4.540049E-01,-3.314830E-01,-3.273114E-01,4.994491E-01,1.414053E-01,1.653053E-02
3.537000E+03,-4.094661E-01,-3.286600E-01,-2.843942E-01,3.035770E-01,1.470605E-01,7.056903E-03
3.537500E+03,-3.607195E-01,-3.225293E-01,-2.378447E-01,1.035047E-01,1.515434E-01,-2.591678E-03
3.538000E+03,-3.080913E-01,-3.129485E-01,-1.880524E-01,-9.960837E-02,1.547216E-01,-1.234843E-02
3.538500E+03,-2.519577E-01,-2.998130E-01,-1.354578E-01,-3.045122E-01,1.564750E-01,-2.213283E-02
3.539000E+03,-1.927443E-01,-2.830610E-01,-8.054866E-02,-5.098733E-01,1.566993E-01,-3.185127E-02
3.539500E+03,-1.309241E-01,-2.626777E-01,-2.385572E-02,-7.142839E-01,1.553090E-01,-4.139814E-02
3.540000E+03,-6.701501E-02,-2.386995E-01,3.405279E-02,-9.162731E-01,1.522400E-01,-5.065742E-02
3.540500E+03,-1.575883E-03,-2.112162E-01,9.257706E-02,-1.114321E+00,1.474522E-01,-5.950475E-02
3.541000E+03,6.479769E-02,-1.803736E-01,1.510926E-01,-1.306872E+00,1.409310E-01,-6.780980E-02
3.541500E+03,1.314790E-01,-1.463736E-01,2.089577E-01,-1.492358E+00,1.326888E-01,-7.543906E-02
3.542000E+03,1.978165E-01,-1.094745E-01,2.655213E-01,-1.669209E+00,1.227656E-01,-8.225881E-02
3.542500E+03,2.631408E-01,-6.998927E-02,3.201310E-01,-1.835877E+00,1.112293E-01,-8.813829E-02
3.543000E+03,3.267723E-01,-2.828329E-02,3.721424E-01,-1.990857E+00,9.817496E-02,-9.295296E-02
3.543500E+03,3.880296E-01,1.522940E-02,4.209269E-01,-2.132704E+00,8.372395E-02,-9.658774E-02
3.544000E+03,4.462376E-01,6.009067E-02,4.658812E-01,-2.260055E+00,6.802224E-02,-9.894017E-02
3.544500E+03,5.007370E-01,1.058039E-01,5.064351E-01,-2.371646E+00,5.123825E-02,-9.992337E-02
3.545000E+03,5.508928E-01,1.518404E-01,5.420603E-01,-2.466334E+00,3.356029E-02,-9.946870E-02
3.545500E+03,5.961034E-01,1.976468E-01,5.722780E-01,-2.543108E+00,1.519348E-02,-9.752815E-02
3.546000E+03,6.358093E-01,2.426530E-01,5.966659E-01,-2.601110E+00,-3.643565E-03,-9.407623E-02
3.546500E+03,6.695010E-01,2.862800E-01,6.148653E-01,-2.639641E+00,-2.272238E-02,-8.911139E-02
3.547000E+03,6.967277E-01,3.279497E-01,6.265863E-01,-2.658178E+00,-4.180842E-02,-8.265699E-02
3.547500E+03,7.171033E-01,3.670926E-01,6.316131E-01,-2.656378E+00,-6.066497E-02,-7.476160E-02
3.548000E+03,7.303138E-01,4.031577E-01,6.298077E-01,-2.634085E+00,-7.905701E-02,-6.549884E-02
3.548500E+03,7.361220E-01,4.356210E-01,6.211127E-01,-2.591332E+00,-9.675501E-02,-5.496652E-02
3.549000E+03,7.343722E-01,4.639935E-01,6.055533E-01,-2.528342E+00,-1.135386E-01,-4.328537E-02
3.549500E+03,7.249935E-01,4.878303E-01,5.832379E-01,-2.445525E+00,-1.292000E-01,-3.059709E-02
3.550000E+03,7.080018E-01,5.067372E-01,5.543574E-01,-2.343474E+00,-1.435469E-01,-1.706199E-02
3.550500E+03,6.835010E-01,5.203775E-01,5.191838E-01,-2.222956E+00,-1.564057E-01,-2.856170E-03
3.551000E+03,6.516828E-01,5.284785E-01,4.780674E-01,-2.084904E+00,-1.676234E-01,1.183166E-02
3.551500E+03,6.128247E-01,5.308356E-01,4.314331E-01,-1.930409E+00,-1.770696E-01,2.680367E-02
3.552000E+03,5.672880E-01,5.273170E-01,3.797754E-01,-1.760698E+00,-1.846383E-01,4.185661E-02
3.552500E+03,5.155136E-01,5.178659E-01,3.236527E-01,-1.577132E+00,-1.902483E-01,5.678558E-02
3.553000E+03,4.580172E-01,5.025025E-01,2.636806E-01,-1.381181E+00,-1.938443E-01,7.138792E-02
3.553500E+03,3.953833E-01,4.813244E-01,2.005247E-01,-1.174412E+00,-1.953966E-01,8.546697E-02
3.554000E+03,3.282587E-01,4.545062E-01,1.348922E-01,-9.584759E-01,-1.949011E-01,9.883569E-02
3.554500E+03,2.573444E-01,4.222974E-01,6.752341E-02,-7.350840E-01,-1.923781E-01,1.113201E-01
3.555000E+03,1.833876E-01,3.850198E-01,-8.173906E-04,-5.059970E-01,-1.878715E-01,1.227621E-01
3.555500E+03,1.071730E-01,3.430635E-01,-6.935139E-02,-2.730071E-01,-1.814475E-01,1.330227E-01
3.556000E+03,2.951277E-02,2.968821E-01,-1.372948E-01,-3.792221E-02,-1.731926E-01,1.419837E-01
3.556500E+03,-4.876217E-02,2.469867E-01,-2.038687E-01,1.974487E-01,-1.632121E-01,1.495498E-01
3.557000E+03,-1.268126E-01,1.939396E-01,-2.683082E-01,4.313098E-01,-1.516277E-01,1.556495E-01
3.557500E+03,-2.038004E-01,1.383469E-01,-3.298725E-01,6.618923E-01,-1.385759E-01,1.602363E-01
3.558000E+03,-2.788985E-01,8.085058E-02,-3.878535E-01,8.874659E-01,-1.242053E-01,1.632885E-01
3.558500E+03,-3.513005E-01,2.212039E-02,-4.415845E-01,1.106351E+00,-1.086750E-01,1.648086E-01
3.559000E+03,-4.202294E-01,-3.715499E-02,-4.904489E-01,1.316931E+00,-9.215197E-02,1.648231E-01
3.559500E+03,-4.849467E-01,-9.627670E-02,-5.338868E-01,1.517656E+00,-7.480966E-02,1.633805E-01
3.560000E+03,-5.447606E-01,-1.545447E-01,-5.714026E-01,1.707061E+00,-5.682555E-02,1.605497E-01
3.560500E+03,-5.990333E-01,-2.112667E-01,-6.025707E-01,1.883765E+00,-3.837970E-02,1.564179E-01
3.561000E+03,-6.471884E-01,-2.657669E-01,-6.270403E-01,2.046484E+00,-1.965303E-02,1.510881E-01
3.561500E+03,-6.887165E-01,-3.173947E-01,-6.445400E-01,2.194039E+00,-8.258393E-04,1.446763E-01
3.562000E+03,-7.231808E-01,-3.655326E-01,-6.548810E-01,2.325356E+00,1.792347E-02,1.373088E-01
3.562500E+03,-7.502219E-01,-4.096040E-01,-6.579587E-01,2.439479E+00,3.641963E-02,1.291192E-01
3.563000E+03,-7.695606E-01,-4.490807E-01,-6.537545E-01,2.535571E+00,5.449155E-02,1.202453E-01
3.563500E+03,-7.810016E-01,-4.834890E-01,-6.423354E-01,2.612923E+00,7.197329E-02,1.108266E-01
3.564000E+03,-7.844347E-01,-5.124156E-01,-6.238531E-01,2.670956E+00,8.870494E-02,1.010014E-01
3.564500E+03,-7.798356E-01,-5.355131E-01,-5.985422E-01,2.709228E+00,1.045335E-01,9.090406E-02
3.565000E+03,-7.672666E-01,-5.525037E-01,-5.667169E-01,2.727437E+00,1.193135E-01,8.066328E-02
3.565500E+03,-7.468748E-01,-5.631831E-01,-5.287670E-01,2.725425E+00,1.329080E-01,7.039979E-02
3.566000E+03,-7.188913E-01,-5.674225E-01,-4.851531E-01,2.703183E+00,1.451893E-01,6.022494E-02
3.566500E+03,-6.836276E-01,-5.651707E-01,-4.364007E-01,2.660853E+00,1.560398E-01,5.023943E-02
3.567000E+03,-6.414731E-01,-5.564545E-01,-3.830935E-01,2.598728E+00,1.653528E-01,4.053255E-02
3.567500E+03,-5.928901E-01,-5.413782E-01,-3.258663E-01,2.517257E+00,1.730334E-01,3.118169E-02
3.568000E+03,-5.384093E-01,-5.201229E-01,-2.653969E-01,2.417041E+00,1.789995E-01,2.225225E-02
3.568500E+03,-4.786242E-01,-4.929437E-01,-2.023977E-01,2.298835E+00,1.831829E-01,1.379796E-02
3.569000E+03,-4.141844E-01,-4.601672E-01,-1.376069E-01,2.163545E+00,1.855301E-01,5.861373E-03
3.569500E+03,-3.457892E-01,-4.221872E-01,-7.177897E-02,2.012222E+00,1.860038E-01,-1.525231E-03
3.570000E+03,-2.741797E-01,-3.794600E-01,-5.675792E-03,1.846058E+00,1.845831E-01,-8.338833E-03
3.570500E+03,-2.001313E-01,-3.324991E-01,5.994318E-02,1.666378E+00,1.812654E-01,-1.456445E-02
3.571000E+03,-1.244451E-01,-2.818683E-01,1.243302E-01,1.474630E+00,1.760665E-01,-2.019379E-02
3.571500E+03,-4.793953E-02,-2.281754E-01,1.867583E-01,1.272377E+00,1.690218E-01,-2.522393E-02
3.572000E+03,2.855880E-02,-1.720642E-01,2.465306E-01,1.061280E+00,1.601867E-01,-2.965591E-02
3.572500E+03,1.042239E-01,-1.142066E-01,3.029884E-01,8.430869E-01,1.496367E-01,-3.349344E-02
3.573000E+03,1.782395E-01,-5.529412E-02,3.555194E-01,6.196140E-01,1.374682E-01,-3.674176E-02
3.573500E+03,2.498084E-01,3.970746E-03,4.035649E-01,3.927299E-01,1.237975E-01,-3.940655E-02
3.574000E+03,3.181611E-01,6.288370E-02,4.466267E-01,1.643359E-01,1.087607E-01,-4.149314E-02
3.574500E+03,3.825647E-01,1.207476E-01,4.842724E-01,-6.365365E-02,9.251280E-02,-4.300592E-02
3.575000E+03,4.423315E-01,1.768814E-01,5.161406E-01,-2.893318E-01,7.522626E-02,-4.394791E-02
3.575500E+03,4.968264E-01,2.306293E-01,5.419447E-01,-5.108204E-01,5.708962E-02,-4.432067E-02
3.576000E+03,5.454749E-01,2.813691E-01,5.614758E-01,-7.262903E-01,3.830535E-02,-4.412441E-02
3.576500E+03,5.877698E-01,3.285203E-01,5.746041E-01,-9.339830E-01,1.908757E-02,-4.335836E-02
3.577000E+03,6.232771E-01,3.715522E-01,5.812801E-01,-1.132230E+00,-3.407135E-04,-4.202126E-02
3.577500E+03,6.516410E-01,4.099906E-01,5.815336E-01,-1.319472E+00,-1.975053E-02,-4.011218E-02
3.578000E+03,6.725889E-01,4.434241E-01,5.754724E-01,-1.494276E+00,-3.891026E-02,-3.763130E-02
3.578500E+03,6.859340E-01,4.715095E-01,5.632798E-01,-1.655351E+00,-5.758902E-02,-3.458094E-02
3.579000E+03,6.915780E-01,4.939767E-01,5.452105E-01,-1.801564E+00,-7.556030E-02,-3.096652E-02
3.579500E+03,6.895118E-01,5.106313E-01,5.215863E-01,-1.931947E+00,-9.260560E-02,-2.679759E-02
3.580000E+03,6.798160E-01,5.213577E-01,4.927905E-01,-2.045709E+00,-1.085180E-01,-2.208879E-02
3.580500E+03,6.626592E-01,5.261198E-01,4.592613E-01,-2.142242E+00,-1.231058E-01,-1.686061E-02
3.581000E+03,6.382962E-01,5.249611E-01,4.214852E-01,-2.221121E+00,-1.361958E-01,-1.114018E-02
3.581500E+03,6.070638E-01,5.180034E-01,3.799887E-01,-2.282109E+00,-1.476363E-01,-4.961667E-03
3.582000E+03,5.693769E-01,5.054445E-01,3.353309E-01,-2.325150E+00,-1.573001E-01,1.633413E-03
3.582500E+03,5.257220E-01,4.875544E-01,2.880947E-01,-2.350365E+00,-1.650863E-01,8.596210E-03
3.583000E+03,4.766513E-01,4.646704E-01,2.388782E-01,-2.358045E+00,-1.709229E-01,1.587081E-02
3.583500E+03,4.227747E-01,4.371916E-01,1.882862E-01,-2.348640E+00,-1.747673E-01,2.339478E-02
3.584000E+03,3.647512E-01,4.055721E-01,1.369217E-01,-2.322744E+00,-1.766076E-01,3.109999E-02
3.584500E+03,3.032806E-01,3.703129E-01,8.537755E-02,-2.281084E+00,-1.764622E-01,3.891370E-02
3.585000E+03,2.390932E-01,3.319542E-01,3.422848E-02,-2.224500E+00,-1.743799E-01,4.675987E-02
3.585500E+03,1.729405E-01,2.910657E-01,-1.597608E-02,-2.153932E+00,-1.704379E-01,5.456068E-02
3.586000E+03,1.055846E-01,2.482379E-01,-6.471889E-02,-2.070398E+00,-1.647407E-01,6.223819E-02
3.586500E+03,3.778853E-02,2.040719E-01,-1.115208E-01,-1.974976E+00,-1.574174E-01,6.971609E-02
3.587000E+03,-2.969409E-02,1.591700E-01,-1.559461E-01,-1.868792E+00,-1.486189E-01,7.692155E-02
3.587500E+03,-9.612863E-02,1.141262E-01,-1.976064E-01,-1.752993E+00,-1.385143E-01,8.378698E-02
3.588000E+03,-1.608087E-01,6.951620E-02,-2.361647E-01,-1.628737E+00,-1.272875E-01,9.025173E-02
3.588500E+03,-2.230647E-01,2.588925E-02,-2.713368E-01,-1.497177E+00,-1.151330E-01,9.626365E-02
3.589000E+03,-2.822718E-01,-1.624056E-02,-3.028933E-01,-1.359443E+00,-1.022515E-01,1.017805E-01
3.589500E+03,-3.378570E-01,-5.640165E-02,-3.306599E-01,-1.216637E+00,-8.884542E-02,1.067708E-01
3.590000E+03,-3.893049E-01,-9.417157E-02,-3.545163E-01,-1.069816E+00,-7.511508E-02,1.112150E-01
3.590500E+03,-4.361626E-01,-1.291824E-01,-3.743952E-01,-9.199908E-01,-6.125389E-02,1.151054E-01
3.591000E+03,-4.780437E-01,-1.611254E-01,-3.902795E-01,-7.681149E-01,-4.744465E-02,1.184466E-01
3.591500E+03,-5.146309E-01,-1.897538E-01,-4.021993E-01,-6.150857E-01,-3.385580E-02,1.212547E-01
3.592000E+03,-5.456768E-01,-2.148847E-01,-4.102279E-01,-4.617416E-01,-2.063821E-02,1.235569E-01
3.592500E+03,-5.710048E-01,-2.364000E-01,-4.144774E-01,-3.088634E-01,-7.922496E-03,1.253900E-01
3.593000E+03,-5.905078E-01,-2.542451E-01,-4.150938E-01,-1.571773E-01,4.183126E-03,1.267989E-01
3.593500E+03,-6.041457E-01,-2.684274E-01,-4.122516E-01,-7.359507E-03,1.559426E-02,1.278345E-01
3.594000E+03,-6.119431E-01,-2.790125E-01,-4.061487E-01,1.399582E-01,2.625111E-02,1.285519E-01
3.594500E+03,-6.139846E-01,-2.861204E-01,-3.970007E-01,2.841813E-01,3.611852E-02,1.290075E-01
3.595000E+03,-6.104103E-01,-2.899195E-01,-3.850353E-01,4.247454E-01,4.518528E-02,1.292566E-01
3.595500E+03,-6.014101E-01,-2.906211E-01,-3.704876E-01,5.611088E-01,5.346281E-02,1.293504E-01
3.596000E+03,-5.872180E-01,-2.884716E-01,-3.535946E-01,6.927446E-01,6.098306E-02,1.293338E-01
3.596500E+03,-5.681054E-01,-2.837456E-01,-3.345913E-01,8.191342E-01,6.779592E-02,1.292424E-01
3.597000E+03,-5.443750E-01,-2.767376E-01,-3.137064E-01,9.397611E-01,7.396605E-02,1.291004E-01
3.597500E+03,-5.163540E-01,-2.677543E-01,-2.911589E-01,1.054106E+00,7.956928E-02,1.289179E-01
3.598000E+03,-4.843878E-01,-2.571063E-01,-2.671558E-01,1.161644E+00,8.468867E-02,1.286902E-01
3.598500E+03,-4.488338E-01,-2.451001E-01,-2.418900E-01,1.261841E+00,8.941036E-02,1.283953E-01
3.599000E+03,-4.100559E-01,-2.320311E-01,-2.155389E-01,1.354157E+00,9.381937E-02,1.279942E-01
3.599500E+03,-3.684194E-01,-2.181766E-01,-1.882642E-01,1.438044E+00,9.799534E-02,1.274300E-01
3.600000E+03,-3.242863E-01,-2.037894E-01,-1.602118E-01,1.512956E+00,1.020085E-01,1.266287E-01
3.600500E+03,-2.780118E-01,-1.890931E-01,-1.315131E-01,1.578346E+00,1.059161E-01,1.254999E-01
3.601000E+03,-2.299416E-01,-1.742775E-01,-1.022865E-01,1.633684E+00,1.097588E-01,1.239392E-01
3.601500E+03,-1.804092E-01,-1.594955E-01,-7.263937E-02,1.678459E+00,1.135579E-01,1.218297E-01
3.602000E+03,-1.297354E-01,-1.448615E-01,-4.267062E-02,1.712191E+00,1.173135E-01,1.190456E-01
3.602500E+03,-7.822734E-02,-1.304503E-01,-1.247386E-02,1.734446E+00,1.210026E-01,1.154555E-01
3.603000E+03,-2.617930E-02,-1.162978E-01,1.785949E-02,1.744845E+00,1.245786E-01,1.109261E-01
3.603500E+03,2.612653E-02,-1.024027E-01,4.823690E-02,1.743080E+00,1.279712E-01,1.053271E-01
3.604000E+03,7.841813E-02,-8.872919E-02,7.856127E-02,1.728923E+00,1.310877E-01,9.853520E-02
3.604500E+03,1.304315E-01,-7.521084E-02,1.087278E-01,1.702241E+00,1.338142E-01,9.043955E-02
3.605000E+03,1.819081E-01,-6.175544E-02,1.386208E-01,1.663010E+00,1.360186E-01,8.094601E-02
3.605500E+03,2.325919E-01,-4.825060E-02,1.681113E-01,1.611320E+00,1.375537E-01,6.998220E-02
3.606000E+03,2.822265E-01,-3.456993E-02,1.970548E-01,1.547386E+00,1.382609E-01,5.750182E-02
3.606500E+03,3.305523E-01,-2.057981E-02,2.252892E-01,1.471556E+00,1.379753E-01,4.348885E-02
3.607000E+03,3.773035E-01,-6.146351E-03,2.526346E-01,1.384314E+00,1.365302E-01,2.796102E-02
3.607500E+03,4.222065E-01,8.857550E-03,2.788925E-01,1.286280E+00,1.337627E-01,1.097282E-02
3.608000E+03,4.649772E-01,2.454522E-02,3.038463E-01,1.178213E+00,1.295190E-01,-7.382398E-03
3.608500E+03,5.053207E-01,4.100958E-02,3.272628E-01,1.061004E+00,1.236604E-01,-2.697106E-02
3.609000E+03,5.429302E-01,5.831699E-02,3.488942E-01,9.356687E-01,1.160686E-01,-4.761906E-02
3.609500E+03,5.774878E-01,7.650179E-02,3.684808E-01,8.033413E-01,1.066509E-01,-6.911233E-02
3.610000E+03,6.086656E-01,9.556167E-02,3.857546E-01,6.652587E-01,9.534497E-02,-9.119861E-02
3.610500E+03,6.361282E-01,1.154540E-01,4.004440E-01,5.227473E-01,8.212346E-02,-1.135901E-01
3.611000E+03,6.595354E-01,1.360933E-01,4.122778E-01,3.772053E-01,6.699737E-02,-1.359672E-01
3.611500E+03,6.785470E-01,1.573500E-01,4.209915E-01,2.300837E-01,5.001889E-02,-1.579833E-01
3.612000E+03,6.928270E-01,1.790498E-01,4.263323E-01,8.286563E-02,3.128340E-02,-1.792706E-01
3.612500E+03,7.020501E-01,2.009758E-01,4.280656E-01,-6.295573E-02,1.093026E-02,-1.994463E-01
3.613000E+03,7.059077E-01,2.228699E-01,4.259811E-01,-2.058995E-01,-1.085719E-02,-2.181200E-01
3.613500E+03,7.041153E-01,2.444370E-01,4.198986E-01,-3.445199E-01,-3.385291E-02,-2.349014E-01
3.614000E+03,6.964195E-01,2.653500E-01,4.096743E-01,-4.774287E-01,-5.779040E-02,-2.494085E-01
3.614500E+03,6.826065E-01,2.852551E-01,3.952065E-01,-6.033168E-01,-8.236603E-02,-2.612760E-01
3.615000E+03,6.625090E-01,3.037794E-01,3.764405E-01,-7.209745E-01,-1.072434E-01,-2.701636E-01
3.615500E+03,6.360143E-01,3.205378E-01,3.533734E-01,-8.293103E-01,-1.320586E-01,-2.757646E-01
3.616000E+03,6.030719E-01,3.351420E-01,3.260579E-01,-9.273672E-01,-1.564263E-01,-2.778135E-01
3.616500E+03,5.636994E-01,3.472088E-01,2.946055E-01,-1.014337E+00,-1.799468E-01,-2.760936E-01
3.617000E+03,5.179892E-01,3.563689E-01,2.591882E-01,-1.089571E+00,-2.022130E-01,-2.704434E-01
3.617500E+03,4.661133E-01,3.622765E-01,2.200399E-01,-1.152588E+00,-2.228186E-01,-2.607629E-01
3.618000E+03,4.083273E-01,3.646177E-01,1.774560E-01,-1.203081E+00,-2.413661E-01,-2.470175E-01
3.618500E+03,3.449727E-01,3.631189E-01,1.317924E-01,-1.240916E+00,-2.574750E-01,-2.292425E-01
3.619000E+03,2.764789E-01,3.575549E-01,8.346325E-02,-1.266133E+00,-2.707897E-01,-2.075443E-01
3.619500E+03,2.033620E-01,3.477559E-01,3.293688E-02,-1.278940E+00,-2.809875E-01,-1.821020E-01
3.620000E+03,1.262233E-01,3.336134E-01,-1.926830E-02,-1.279705E+00,-2.877858E-01,-1.531662E-01
3.620500E+03,4.574615E-02,3.150855E-01,-7.258980E-02,-1.268946E+00,-2.909486E-01,-1.210572E-01
3.621000E+03,-3.731006E-02,2.922007E-01,-1.264277E-01,-1.247318E+00,-2.902929E-01,-8.616131E-02
3.621500E+03,-1.221162E-01,2.650602E-01,-1.801522E-01,-1.215594E+00,-2.856932E-01,-4.892586E-02
3.622000E+03,-2.077820E-01,2.338390E-01,-2.331123E-01,-1.174655E+00,-2.770859E-01,-9.852800E-03
3.622500E+03,-2.933660E-01,1.987856E-01,-2.846445E-01,-1.125464E+00,-2.644716E-01,3.050883E-02
3.623000E+03,-3.778869E-01,1.602199E-01,-3.340824E-01,-1.069050E+00,-2.479171E-01,7.157164E-02
3.623500E+03,-4.603358E-01,1.185303E-01,-3.807666E-01,-1.006487E+00,-2.275556E-01,1.127196E-01
3.624000E+03,-5.396901E-01,7.416864E-02,-4.240551E-01,-9.388719E-01,-2.035860E-01,1.533182E-01
3.624500E+03,-6.149272E-01,2.764444E-02,-4.633325E-01,-8.673090E-01,-1.762702E-01,1.927260E-01
3.625000E+03,-6.850402E-01,-2.048241E-02,-4.980206E-01,-7.928864E-01,-1.459302E-01,2.303052E-01
3.625500E+03,-7.490523E-01,-6.960986E-02,-5.275873E-01,-7.166597E-01,-1.129433E-01,2.654335E-01
3.626000E+03,-8.060323E-01,-1.191029E-01,-5.515560E-01,-6.396357E-01,-7.773631E-02,2.975157E-01
3.626500E+03,-8.551098E-01,-1.683035E-01,-5.695135E-01,-5.627575E-01,-4.077930E-02,3.259940E-01
3.627000E+03,-8.954895E-01,-2.165409E-01,-5.811173E-01,-4.868919E-01,-2.577727E-03,3.503589E-01
3.627500E+03,-9.264650E-01,-2.631426E-01,-5.861026E-01,-4.128189E-01,3.633553E-02,3.701589E-01
3.628000E+03,-9.474318E-01,-3.074455E-01,-5.842867E-01,-3.412242E-01,7.540891E-02,3.850088E-01
3.628500E+03,-9.578985E-01,-3.488062E-01,-5.755740E-01,-2.726928E-01,1.140813E-01,3.945975E-01
3.629000E+03,-9.574969E-01,-3.866124E-01,-5.599583E-01,-2.077069E-01,1.517912E-01,3.986940E-01
3.629500E+03,-9.459908E-01,-4.202926E-01,-5.375246E-01,-1.466442E-01,1.879860E-01,3.971525E-01
3.630000E+03,-9.232822E-01,-4.493258E-01,-5.084489E-01,-8.977970E-02,2.221313E-01,3.899154E-01
3.630500E+03,-8.894157E-01,-4.732502E-01,-4.729975E-01,-3.728918E-02,2.537195E-01,3.770149E-01
3.631000E+03,-8.445818E-01,-4.916714E-01,-4.315240E-01,1.074556E-02,2.822782E-01,3.585731E-01
3.631500E+03,-7.891165E-01,-5.042684E-01,-3.844656E-01,5.432973E-02,3.073778E-01,3.348006E-01
3.632000E+03,-7.234999E-01,-5.107996E-01,-3.323379E-01,9.354736E-02,3.286383E-01,3.059930E-01
3.632500E+03,-6.483523E-01,-5.111072E-01,-2.757286E-01,1.285520E-01,3.457358E-01,2.725263E-01
3.633000E+03,-5.644279E-01,-5.051196E-01,-2.152901E-01,1.595568E-01,3.584069E-01,2.348511E-01
3.633500E+03,-4.726068E-01,-4.928529E-01,-1.517309E-01,1.868240E-01,3.664531E-01,1.934843E-01
3.634000E+03,-3.738847E-01,-4.744117E-01,-8.580660E-02,2.106542E-01,3.697436E-01,1.490015E-01
3.634500E+03,-2.693616E-01,-4.499869E-01,-1.830983E-02,2.313762E-01,3.682170E-01,1.020267E-01
3.635000E+03,-1.602274E-01,-4.198538E-01,4.994024E-02,2.493369E-01,3.618817E-01,5.322223E-02
3.635500E+03,-4.774774E-02,-3.843679E-01,1.181088E-01,2.648915E-01,3.508159E-01,3.277641E-03
3.636000E+03,6.675257E-02,-3.439600E-01,1.853565E-01,2.783951E-01,3.351655E-01,-4.710160E-02
3.636500E+03,1.819066E-01,-2.991297E-01,2.508506E-01,2.901948E-01,3.151414E-01,-9.720572E-02
3.637000E+03,2.963232E-01,-2.504386E-01,3.137764E-01,3.006226E-01,2.910160E-01,-1.463321E-01
3.637500E+03,4.086052E-01,-1.985022E-01,3.733476E-01,3.099902E-01,2.631190E-01,-1.937968E-01
3.638000E+03,5.173682E-01,-1.439810E-01,4.288172E-01,3.185842E-01,2.318311E-01,-2.389449E-01
3.638500E+03,6.212588E-01,-8.757135E-02,4.794872E-01,3.266623E-01,1.975788E-01,-2.811612E-01
3.639000E+03,7.189725E-01,-2.999578E-02,5.247177E-01,3.344514E-01,1.608276E-01,-3.198795E-01
3.639500E+03,8.092720E-01,2.800716E-02,5.639359E-01,3.421454E-01,1.220746E-01,-3.545909E-01
3.640000E+03,8.910030E-01,8.569295E-02,5.966428E-01,3.499052E-01,8.184129E-02,-3.848515E-01
3.640500E+03,9.631104E-01,1.423212E-01,6.224203E-01,3.578585E-01,4.066601E-02,-4.102882E-01
3.641000E+03,1.024652E+00,1.971655E-01,6.409365E-01,3.661003E-01,-9.039785E-04,-4.306039E-01
3.641500E+03,1.074813E+00,2.495233E-01,6.519496E-01,3.746947E-01,-4.232005E-02,-4.455812E-01
3.642000E+03,1.112913E+00,2.987250E-01,6.553116E-01,3.836758E-01,-8.303986E-02,-4.550844E-01
3.642500E+03,1.138422E+00,3.441424E-01,6.509695E-01,3.930499E-01,-1.225347E-01,-4.590604E-01
3.643000E+03,1.150962E+00,3.851971E-01,6.389663E-01,4.027970E-01,-1.602963E-01,-4.575387E-01
3.643500E+03,1.150314E+00,4.213677E-01,6.194401E-01,4.128728E-01,-1.958438E-01,-4.506289E-01
3.644000E+03,1.136422E+00,4.521962E-01,5.926224E-01,4.232104E-01,-2.287295E-01,-4.385182E-01
3.644500E+03,1.109396E+00,4.772937E-01,5.588348E-01,4.337217E-01,-2.585445E-01,-4.214674E-01
3.645000E+03,1.069507E+00,4.963450E-01,5.184849E-01,4.442989E-01,-2.849237E-01,-3.998051E-01
3.645500E+03,1.017187E+00,5.091124E-01,4.720613E-01,4.548155E-01,-3.075501E-01,-3.739220E-01
3.646000E+03,9.530209E-01,5.154384E-01,4.201266E-01,4.651275E-01,-3.261581E-01,-3.442638E-01
3.646500E+03,8.777439E-01,5.152473E-01,3.633109E-01,4.750737E-01,-3.405369E-01,-3.113233E-01
3.647000E+03,7.922285E-01,5.085460E-01,3.023034E-01,4.844771E-01,-3.505320E-01,-2.756325E-01
3.647500E+03,6.974752E-01,4.954234E-01,2.378434E-01,4.931448E-01,-3.560471E-01,-2.377538E-01
3.648000E+03,5.945997E-01,4.760493E-01,1.707117E-01,5.008692E-01,-3.570446E-01,-1.982709E-01
3.648500E+03,4.848194E-01,4.506718E-01,1.017199E-01,5.074290E-01,-3.535456E-01,-1.577802E-01
3.649000E+03,3.694375E-01,4.196142E-01,3.170071E-02,5.125900E-01,-3.456290E-01,-1.168813E-01
3.649500E+03,2.498271E-01,3.832709E-01,-3.850278E-02,5.161067E-01,-3.334300E-01,-7.616830E-02
3.650000E+03,1.274138E-01,3.421018E-01,-1.080474E-01,5.177244E-01,-3.171382E-01,-3.622124E-02
3.650500E+03,3.657686E-03,2.966271E-01,-1.761007E-01,5.171817E-01,-2.969948E-01,2.402203E-03
3.651000E+03,-1.199651E-01,2.474205E-01,-2.418510E-01,5.142130E-01,-2.732890E-01,3.917448E-02
3.651500E+03,-2.419807E-01,1.951017E-01,-3.045179E-01,5.085530E-01,-2.463540E-01,7.360532E-02
3.652000E+03,-3.609365E-01,1.403292E-01,-3.633614E-01,4.999403E-01,-2.165629E-01,1.052482E-01
3.652500E+03,-4.754193E-01,8.379143E-02,-4.176917E-01,4.881223E-01,-1.843236E-01,1.337061E-01
3.653000E+03,-5.840732E-01,2.619840E-02,-4.668771E-01,4.728607E-01,-1.500733E-01,1.586363E-01
3.653500E+03,-6.856167E-01,-3.172728E-02,-5.103521E-01,4.539375E-01,-1.142726E-01,1.797550E-01
3.654000E+03,-7.788590E-01,-8.925965E-02,-5.476243E-01,4.311606E-01,-7.740008E-02,1.968397E-01
3.654500E+03,-8.627150E-01,-1.456786E-01,-5.782801E-01,4.043709E-01,-3.994543E-02,2.097319E-01
3.655000E+03,-9.362187E-01,-2.002790E-01,-6.019900E-01,3.734481E-01,-2.403215E-03,2.183387E-01
3.655500E+03,-9.985361E-01,-2.523799E-01,-6.185121E-01,3.383174E-01,3.473371E-02,2.226325E-01
3.656000E+03,-1.048975E+00,-3.013335E-01,-6.276951E-01,2.989556E-01,7.098079E-02,2.226510E-01
3.656500E+03,-1.086993E+00,-3.465331E-01,-6.294799E-01,2.553961E-01,1.058683E-01,2.184957E-01
3.657000E+03,-1.112207E+00,-3.874219E-01,-6.238994E-01,2.077344E-01,1.389476E-01,2.103290E-01
3.657500E+03,-1.124393E+00,-4.234994E-01,-6.110786E-01,1.561315E-01,1.697976E-01,1.983718E-01
3.658000E+03,-1.123493E+00,-4.543291E-01,-5.912317E-01,1.008172E-01,1.980303E-01,1.828988E-01
3.658500E+03,-1.109613E+00,-4.795438E-01,-5.646592E-01,4.209111E-02,2.232963E-01,1.642340E-01
3.659000E+03,-1.083022E+00,-4.988509E-01,-5.317438E-01,-1.967631E-02,2.452899E-01,1.427454E-01
3.659500E+03,-1.044145E+00,-5.120362E-01,-4.929446E-01,-8.404556E-02,2.637533E-01,1.188385E-01
3.660000E+03,-9.935631E-01,-5.189672E-01,-4.487906E-01,-1.505106E-01,2.784806E-01,9.294996E-02
3.660500E+03,-9.319970E-01,-5.195950E-01,-3.998737E-01,-2.185033E-01,2.893204E-01,6.554063E-02
3.661000E+03,-8.603028E-01,-5.139548E-01,-3.468403E-01,-2.873992E-01,2.961784E-01,3.708784E-02
3.661500E+03,-7.794575E-01,-5.021657E-01,-2.903824E-01,-3.565249E-01,2.990190E-01,8.077922E-03
3.662000E+03,-6.905454E-01,-4.844290E-01,-2.312280E-01,-4.251673E-01,2.978652E-01,-2.100167E-02
3.662500E+03,-5.947428E-01,-4.610255E-01,-1.701313E-01,-4.925830E-01,2.927987E-01,-4.967020E-02
3.663000E+03,-4.933019E-01,-4.323116E-01,-1.078624E-01,-5.580102E-01,2.839587E-01,-7.746138E-02
3.663500E+03,-3.875329E-01,-3.987137E-01,-4.519697E-02,-6.206800E-01,2.715392E-01,-1.039310E-01
3.664000E+03,-2.787859E-01,-3.607228E-01,1.709461E-02,-6.798300E-01,2.557864E-01,-1.286641E-01
3.664500E+03,-1.684319E-01,-3.188868E-01,7.825707E-02,-7.347164E-01,2.369943E-01,-1.512817E-01
3.665000E+03,-5.784417E-02,-2.738027E-01,1.375605E-01,-7.846278E-01,2.155001E-01,-1.714473E-01
3.665500E+03,5.162094E-02,-2.261079E-01,1.943100E-01,-8.288978E-01,1.916786E-01,-1.888721E-01
3.666000E+03,1.586424E-01,-1.764705E-01,2.478545E-01,-8.669172E-01,1.659358E-01,-2.033203E-01
3.666500E+03,2.619526E-01,-1.255799E-01,2.975952E-01,-8.981457E-01,1.387022E-01,-2.146124E-01
3.667000E+03,3.603540E-01,-7.413590E-02,3.429930E-01,-9.221223E-01,1.104256E-01,-2.226289E-01
3.667500E+03,4.527354E-01,-2.283876E-02,3.835748E-01,-9.384740E-01,8.156304E-02,-2.273116E-01
3.668000E+03,5.380860E-01,2.762137E-02,4.189393E-01,-9.469232E-01,5.257355E-02,-2.286652E-01
3.668500E+03,6.155081E-01,7.657469E-02,4.487612E-01,-9.472935E-01,2.390981E-02,-2.267565E-01
3.669000E+03,6.842283E-01,1.233817E-01,4.727942E-01,-9.395131E-01,-3.989488E-03,-2.217135E-01
3.669500E+03,7.436063E-01,1.674424E-01,4.908731E-01,-9.236162E-01,-3.070725E-02,-2.137229E-01
3.670000E+03,7.931414E-01,2.082054E-01,5.029145E-01,-8.997428E-01,-5.585514E-02,-2.030263E-01
3.670500E+03,8.324775E-01,2.451754E-01,5.089160E-01,-8.681354E-01,-7.908028E-02,-1.899158E-01
3.671000E+03,8.614048E-01,2.779203E-01,5.089550E-01,-8.291350E-01,-1.000712E-01,-1.747283E-01
3.671500E+03,8.798600E-01,3.060772E-01,5.031849E-01,-7.831734E-01,-1.185632E-01,-1.578391E-01
3.672000E+03,8.879239E-01,3.293570E-01,4.918319E-01,-7.307657E-01,-1.343422E-01,-1.396545E-01
3.672500E+03,8.858168E-01,3.475474E-01,4.751894E-01,-6.724996E-01,-1.472489E-01,-1.206038E-01
3.673000E+03,8.738914E-01,3.605159E-01,4.536119E-01,-6.090240E-01,-1.571800E-01,-1.011306E-01
3.673500E+03,8.526247E-01,3.682096E-01,4.275087E-01,-5.410367E-01,-1.640902E-01,-8.168423E-02
3.674000E+03,8.226066E-01,3.706552E-01,3.973356E-01,-4.692712E-01,-1.679917E-01,-6.271030E-02
3.674500E+03,7.845285E-01,3.679571E-01,3.635876E-01,-3.944826E-01,-1.689532E-01,-4.464174E-02
3.675000E+03,7.391692E-01,3.602935E-01,3.267899E-01,-3.174345E-01,-1.670978E-01,-2.788974E-02
3.675500E+03,6.873802E-01,3.479128E-01,2.874892E-01,-2.388850E-01,-1.625989E-01,-1.283506E-02
3.676000E+03,6.300706E-01,3.311276E-01,2.462454E-01,-1.595738E-01,-1.556769E-01,1.800039E-04
3.676500E+03,5.681904E-01,3.103080E-01,2.036220E-01,-8.021057E-02,-1.465929E-01,1.085914E-02
3.677000E+03,5.027145E-01,2.858743E-01,1.601783E-01,-1.463681E-03,-1.356430E-01,1.895853E-02
3.677500E+03,4.346260E-01,2.582889E-01,1.164610E-01,7.604900E-02,-1.231515E-01,2.429238E-02
3.678000E+03,3.649008E-01,2.280473E-01,7.299633E-02,1.517679E-01,-1.094634E-01,2.673731E-02
3.678500E+03,2.944913E-01,1.956691E-01,3.028328E-02,2.251979E-01,-9.493675E-02,2.623546E-02
3.679000E+03,2.243128E-01,1.616885E-01,-1.121283E-02,2.959118E-01,-7.993467E-02,2.279627E-02
3.679500E+03,1.552294E-01,1.266450E-01,-5.106584E-02,3.635531E-01,-6.481742E-02,1.649681E-02
3.680000E+03,8.804252E-02,9.107425E-02,-8.889328E-02,4.278356E-01,-4.993453E-02,7.480671E-03
3.680500E+03,2.347998E-02,5.549872E-02,-1.243601E-01,4.885416E-01,-3.561732E-02,-4.044504E-03
3.681000E+03,-3.781237E-02,2.041965E-02,-1.571810E-01,5.455181E-01,-2.217189E-02,-1.781101E-02
3.681500E+03,-9.527772E-02,-1.369090E-02,-1.871226E-01,5.986714E-01,-9.872673E-03,-3.349631E-02
3.682000E+03,-1.484532E-01,-4.639709E-02,-2.140035E-01,6.479605E-01,1.043097E-03,-5.072958E-02
3.682500E+03,-1.969731E-01,-7.730537E-02,-2.376943E-01,6.933884E-01,1.038015E-02,-6.909930E-02
3.683000E+03,-2.405694E-01,-1.060696E-01,-2.581161E-01,7.349933E-01,1.798885E-02,-8.816188E-02
3.683500E+03,-2.790713E-01,-1.323953E-01,-2.752385E-01,7.728389E-01,2.376786E-02,-1.074510E-01
3.684000E+03,-3.124023E-01,-1.560419E-01,-2.890764E-01,8.070039E-01,2.766556E-02,-1.264877E-01
3.684500E+03,-3.405756E-01,-1.768256E-01,-2.996870E-01,8.375719E-01,2.968046E-02,-1.447906E-01
3.685000E+03,-3.636880E-01,-1.946189E-01,-3.071648E-01,8.646216E-01,2.986028E-02,-1.618863E-01
3.685500E+03,-3.819122E-01,-2.093506E-01,-3.116374E-01,8.882176E-01,2.830005E-02,-1.773204E-01
3.686000E+03,-3.954881E-01,-2.210042E-01,-3.132606E-01,9.084014E-01,2.513900E-02,-1.906667E-01
3.686500E+03,-4.047132E-01,-2.296152E-01,-3.122128E-01,9.251850E-01,2.055657E-02,-2.015378E-01
3.687000E+03,-4.099315E-01,-2.352672E-01,-3.086899E-01,9.385443E-01,1.476738E-02,-2.095932E-01
3.687500E+03,-4.115229E-01,-2.380881E-01,-3.028997E-01,9.484153E-01,8.015539E-03,-2.145477E-01
3.688000E+03,-4.098919E-01,-2.382446E-01,-2.950573E-01,9.546915E-01,5.682689E-04,-2.161780E-01
3.688500E+03,-4.054559E-01,-2.359367E-01,-2.853799E-01,9.572232E-01,-7.290978E-03,-2.143282E-01
3.689000E+03,-3.986344E-01,-2.313913E-01,-2.740820E-01,9.558188E-01,-1.526970E-02,-2.089140E-01
3.689500E+03,-3.898387E-01,-2.248566E-01,-2.613719E-01,9.502481E-01,-2.307367E-02,-1.999253E-01
3.690000E+03,-3.794617E-01,-2.165947E-01,-2.474477E-01,9.402471E-01,-3.041429E-02,-1.874268E-01
3.690500E+03,-3.678693E-01,-2.068757E-01,-2.324946E-01,9.255248E-01,-3.701568E-02,-1.715582E-01
3.691000E+03,-3.553926E-01,-1.959716E-01,-2.166825E-01,9.057718E-01,-4.262149E-02,-1.525311E-01
3.691500E+03,-3.423212E-01,-1.841496E-01,-2.001642E-01,8.806694E-01,-4.700114E-02,-1.306260E-01
3.692000E+03,-3.288985E-01,-1.716673E-01,-1.830749E-01,8.499013E-01,-4.995544E-02,-1.061865E-01
3.692500E+03,-3.153176E-01,-1.587672E-01,-1.655309E-01,8.131646E-01,-5.132144E-02,-7.961305E-02
3.693000E+03,-3.017196E-01,-1.456727E-01,-1.476311E-01,7.701825E-01,-5.097640E-02,-5.135481E-02
3.693500E+03,-2.881926E-01,-1.325840E-01,-1.294568E-01,7.207168E-01,-4.884077E-02,-2.190103E-02
3.694000E+03,-2.747727E-01,-1.196758E-01,-1.110738E-01,6.645805E-01,-4.488014E-02,8.228841E-03
3.694500E+03,-2.614463E-01,-1.070947E-01,-9.253393E-02,6.016499E-01,-3.910623E-02,3.849559E-02
3.695000E+03,-2.481539E-01,-9.495801E-02,-7.387751E-02,5.318760E-01,-3.157667E-02,6.835100E-02
3.695500E+03,-2.347947E-01,-8.335375E-02,-5.513585E-02,4.552952E-01,-2.239384E-02,9.724893E-02
3.696000E+03,-2.212331E-01,-7.234051E-02,-3.633404E-02,3.720384E-01,-1.170263E-02,1.246562E-01
3.696500E+03,-2.073050E-01,-6.194879E-02,-1.749386E-02,2.823385E-01,3.127034E-04,1.500635E-01
3.697000E+03,-1.928258E-01,-5.218280E-02,1.363278E-03,1.865366E-01,1.343260E-02,1.729951E-01
3.697500E+03,-1.775984E-01,-4.302286E-02,2.021349E-02,8.508568E-02,2.740696E-02,1.930188E-01
3.698000E+03,-1.614219E-01,-3.442843E-02,3.902772E-02,-2.144727E-02,4.196062E-02,2.097541E-01
3.698500E+03,-1.441001E-01,-2.634147E-02,5.776934E-02,-1.323817E-01,5.679929E-02,2.228797E-01
3.699000E+03,-1.254499E-01,-1.869023E-02,7.639196E-02,-2.469259E-01,7.161592E-02,2.321398E-01
3.699500E+03,-1.053096E-01,-1.139320E-02,9.483779E-02,-3.641821E-01,8.609724E-02,2.373486E-01
3.700000E+03,-8.354659E-02,-4.363211E-03,1.130363E-01,-4.831530E-01,9.993044E-02,2.383939E-01
3.700500E+03,-6.006422E-02,2.488473E-03,1.309035E-01,-6.027512E-01,1.128097E-01,2.352386E-01
3.701000E+03,-3.480806E-02,9.248183E-03,1.483415E-01,-7.218104E-01,1.244428E-01,2.279216E-01
3.701500E+03,-7.770941E-03,1.599607E-02,1.652389E-01,-8.390979E-01,1.345566E-01,2.165559E-01
3.702000E+03,2.100303E-02,2.280262E-02,1.814717E-01,-9.533297E-01,1.429035E-01,2.013263E-01
3.702500E+03,5.141571E-02,2.972562E-02,1.969042E-01,-1.063186E+00,1.492654E-01,1.824854E-01
3.703000E+03,8.331345E-02,3.680750E-02,2.113910E-01,-1.167330E+00,1.534589E-01,1.603483E-01
3.703500E+03,1.164869E-01,4.407324E-02,2.247794E-01,-1.264422E+00,1.553385E-01,1.352858E-01
3.704000E+03,1.506723E-01,5.152888E-02,2.369115E-01,-1.353143E+00,1.547992E-01,1.077174E-01
3.704500E+03,1.855538E-01,5.916051E-02,2.476275E-01,-1.432212E+00,1.517790E-01,7.810295E-02
3.705000E+03,2.207673E-01,6.693400E-02,2.567687E-01,-1.500402E+00,1.462593E-01,4.693366E-02
3.705500E+03,2.559055E-01,7.479526E-02,2.641810E-01,-1.556563E+00,1.382655E-01,1.472302E-02
3.706000E+03,2.905238E-01,8.267108E-02,2.697180E-01,-1.599640E+00,1.278663E-01,-1.800270E-02
3.706500E+03,3.241474E-01,9.047057E-02,2.732449E-01,-1.628687E+00,1.151723E-01,-5.071398E-02
3.707000E+03,3.562791E-01,9.808708E-02,2.746413E-01,-1.642886E+00,1.003336E-01,-8.288735E-02
3.707500E+03,3.864078E-01,1.054006E-01,2.738049E-01,-1.641561E+00,8.353705E-02,-1.140143E-01
3.708000E+03,4.140178E-01,1.122807E-01,2.706542E-01,-1.624193E+00,6.500285E-02,-1.436097E-01
3.708500E+03,4.385977E-01,1.185892E-01,2.651313E-01,-1.590432E+00,4.498028E-02,-1.712196E-01
3.709000E+03,4.596505E-01,1.241840E-01,2.572040E-01,-1.540102E+00,2.374338E-02,-1.964280E-01
3.709500E+03,4.767023E-01,1.289225E-01,2.468679E-01,-1.473215E+00,1.586170E-03,-2.188633E-01
3.710000E+03,4.893126E-01,1.326649E-01,2.341473E-01,-1.389973E+00,-2.118237E-02,-2.382027E-01
3.710500E+03,4.970824E-01,1.352779E-01,2.190968E-01,-1.290772E+00,-4.424346E-02,-2.541765E-01
3.711000E+03,4.996628E-01,1.366385E-01,2.018010E-01,-1.176203E+00,-6.727363E-02,-2.665710E-01
3.711500E+03,4.967628E-01,1.366367E-01,1.823747E-01,-1.047051E+00,-8.994985E-02,-2.752302E-01
3.712000E+03,4.881559E-01,1.351789E-01,1.609616E-01,-9.042900E-01,-1.119544E-01,-2.800565E-01
3.712500E+03,4.736860E-01,1.321908E-01,1.377339E-01,-7.490763E-01,-1.329797E-01,-2.810104E-01
3.713000E+03,4.532723E-01,1.276193E-01,1.128897E-01,-5.827414E-01,-1.527326E-01,-2.781091E-01
3.713500E+03,4.269128E-01,1.214345E-01,8.665107E-02,-4.067795E-01,-1.709383E-01,-2.714246E-01
3.714000E+03,3.946867E-01,1.136315E-01,5.926148E-02,-2.228347E-01,-1.873441E-01,-2.610804E-01
3.714500E+03,3.567555E-01,1.042309E-01,3.098256E-02,-3.268542E-02,-2.017226E-01,-2.472479E-01
3.715000E+03,3.133632E-01,9.327980E-02,2.090846E-03,1.617730E-01,-2.138744E-01,-2.301423E-01
3.715500E+03,2.648344E-01,8.085101E-02,-2.712586E-02,3.585476E-01,-2.236300E-01,-2.100177E-01
3.716000E+03,2.115721E-01,6.704309E-02,-5.637226E-02,5.555689E-01,-2.308519E-01,-1.871622E-01
3.716500E+03,1.540537E-01,5.197895E-02,-8.534951E-02,7.507130E-01,-2.354354E-01,-1.618927E-01
3.717000E+03,9.282560E-02,3.580445E-02,-1.137591E-01,9.418256E-01,-2.373097E-01,-1.345491E-01
3.717500E+03,2.849781E-02,1.868633E-02,-1.413066E-01,1.126746E+00,-2.364379E-01,-1.054895E-01
3.718000E+03,-3.826366E-02,8.098980E-04,-1.677060E-01,1.303333E+00,-2.328169E-01,-7.508474E-02
3.718500E+03,-1.067445E-01,-1.762368E-02,-1.926826E-01,1.469489E+00,-2.264770E-01,-4.371300E-02
3.719000E+03,-1.761910E-01,-3.640039E-02,-2.159770E-01,1.623190E+00,-2.174806E-01,-1.175532E-02
3.719500E+03,-2.458190E-01,-5.529659E-02,-2.373479E-01,1.762506E+00,-2.059211E-01,2.040907E-02
3.720000E+03,-3.148242E-01,-7.408237E-02,-2.565753E-01,1.885630E+00,-1.919215E-01,5.240693E-02
3.720500E+03,-3.823918E-01,-9.252507E-02,-2.734624E-01,1.990899E+00,-1.756324E-01,8.387486E-02
3.721000E+03,-4.477076E-01,-1.103928E-01,-2.878384E-01,2.076820E+00,-1.572296E-01,1.144626E-01
3.721500E+03,-5.099676E-01,-1.274578E-01,-2.995598E-01,2.142094E+00,-1.369127E-01,1.438363E-01
3.722000E+03,-5.683891E-01,-1.435001E-01,-3.085114E-01,2.185627E+00,-1.149017E-01,1.716807E-01
3.722500E+03,-6.222207E-01,-1.583105E-01,-3.146079E-01,2.206557E+00,-9.143522E-02,1.977019E-01
3.723000E+03,-6.707518E-01,-1.716940E-01,-3.177939E-01,2.204265E+00,-6.676737E-02,2.216290E-01
3.723500E+03,-7.133224E-01,-1.834722E-01,-3.180438E-01,2.178389E+00,-4.116524E-02,2.432157E-01
3.724000E+03,-7.493319E-01,-1.934859E-01,-3.153621E-01,2.128832E+00,-1.490609E-02,2.622416E-01
3.724500E+03,-7.782466E-01,-2.015977E-01,-3.097821E-01,2.055769E+00,1.172560E-02,2.785136E-01
3.725000E+03,-7.996079E-01,-2.076935E-01,-3.013655E-01,1.959651E+00,3.844089E-02,2.918662E-01
3.725500E+03,-8.130377E-01,-2.116838E-01,-2.902007E-01,1.841207E+00,6.494932E-02,3.021627E-01
3.726000E+03,-8.182448E-01,-2.135055E-01,-2.764015E-01,1.701432E+00,9.096178E-02,3.092956E-01
3.726500E+03,-8.150285E-01,-2.131216E-01,-2.601053E-01,1.541590E+00,1.161934E-01,3.131869E-01
3.727000E+03,-8.032825E-01,-2.105226E-01,-2.414713E-01,1.363193E+00,1.403663E-01,3.137885E-01
3.727500E+03,-7.829965E-01,-2.057255E-01,-2.206784E-01,1.167996E+00,1.632125E-01,3.110823E-01
3.728000E+03,-7.542579E-01,-1.987737E-01,-1.979229E-01,9.579687E-01,1.844767E-01,3.050807E-01
3.728500E+03,-7.172512E-01,-1.897362E-01,-1.734168E-01,7.352827E-01,2.039185E-01,2.958262E-01
3.729000E+03,-6.722571E-01,-1.787066E-01,-1.473847E-01,5.022821E-01,2.213157E-01,2.833914E-01
3.729500E+03,-6.196497E-01,-1.658010E-01,-1.200625E-01,2.614587E-01,2.364660E-01,2.678788E-01
3.730000E+03,-5.598933E-01,-1.511571E-01,-9.169455E-02,1.542171E-02,2.491897E-01,2.494205E-01
3.730500E+03,-4.935375E-01,-1.349316E-01,-6.253157E-02,-2.331333E-01,2.593319E-01,2.281777E-01
3.731000E+03,-4.212120E-01,-1.172980E-01,-3.282866E-02,-4.814572E-01,2.667640E-01,2.043394E-01
3.731500E+03,-3.436197E-01,-9.844464E-02,-2.843127E-03,-7.267815E-01,2.713858E-01,1.781221E-01
3.732000E+03,-2.615293E-01,-7.857196E-02,2.716750E-02,-9.663527E-01,2.731267E-01,1.497680E-01
3.732500E+03,-1.757671E-01,-5.788987E-02,5.694736E-02,-1.197467E+00,2.719470E-01,1.195436E-01
3.733000E+03,-8.720807E-02,-3.661525E-02,8.624413E-02,-1.417505E+00,2.678386E-01,8.773776E-02
3.733500E+03,3.233715E-03,-1.496923E-02,1.148107E-01,-1.623963E+00,2.608259E-01,5.465955E-02
3.734000E+03,9.461525E-02,6.825378E-03,1.424070E-01,-1.814487E+00,2.509656E-01,2.063551E-02
3.734500E+03,1.859749E-01,2.854661E-02,1.688012E-01,-1.986903E+00,2.383467E-01,-1.399310E-02
3.735000E+03,2.763432E-01,4.997585E-02,1.937717E-01,-2.139242E+00,2.230898E-01,-4.887362E-02
3.735500E+03,3.647535E-01,7.090011E-02,2.171084E-01,-2.269764E+00,2.053464E-01,-8.364548E-02
3.736000E+03,4.502533E-01,9.111424E-02,2.386138E-01,-2.376986E+00,1.852974E-01,-1.179441E-01
3.736500E+03,5.319143E-01,1.104229E-01,2.581048E-01,-2.459691E+00,1.631515E-01,-1.514046E-01
3.737000E+03,6.088436E-01,1.286425E-01,2.754136E-01,-2.516950E+00,1.391430E-01,-1.836668E-01
3.737500E+03,6.801936E-01,1.456027E-01,2.903891E-01,-2.548127E+00,1.135293E-01,-2.143784E-01
3.738000E+03,7.451716E-01,1.611476E-01,3.028979E-01,-2.552887E+00,8.658850E-02,-2.432006E-01
3.738500E+03,8.030494E-01,1.751376E-01,3.128256E-01,-2.531202E+00,5.861594E-02,-2.698117E-01
3.739000E+03,8.531711E-01,1.874496E-01,3.200777E-01,-2.483343E+00,2.992110E-02,-2.939116E-01
3.739500E+03,8.949616E-01,1.979782E-01,3.245805E-01,-2.409878E+00,8.240003E-04,-3.152262E-01
3.740000E+03,9.279327E-01,2.066363E-01,3.262822E-01,-2.311661E+00,-2.834850E-02,-3.335110E-01
3.740500E+03,9.516895E-01,2.133548E-01,3.251532E-01,-2.189819E+00,-5.726655E-02,-3.485547E-01
3.741000E+03,9.659351E-01,2.180837E-01,3.211874E-01,-2.045736E+00,-8.560124E-02,-3.601827E-01
3.741500E+03,9.704743E-01,2.207912E-01,3.144022E-01,-1.881032E+00,-1.130285E-01,-3.682597E-01
3.742000E+03,9.652164E-01,2.214639E-01,3.048389E-01,-1.697543E+00,-1.392329E-01,-3.726917E-01
3.742500E+03,9.501769E-01,2.201063E-01,2.925635E-01,-1.497292E+00,-1.639118E-01,-3.734280E-01
3.743000E+03,9.254773E-01,2.167404E-01,2.776657E-01,-1.282467E+00,-1.867784E-01,-3.704623E-01
3.743500E+03,8.913449E-01,2.114050E-01,2.602596E-01,-1.055391E+00,-2.075659E-01,-3.638329E-01
3.744000E+03,8.481107E-01,2.041548E-01,2.404829E-01,-8.184926E-01,-2.260302E-01,-3.536227E-01
3.744500E+03,7.962059E-01,1.950599E-01,2.184964E-01,-5.742789E-01,-2.419530E-01,-3.399583E-01
3.745000E+03,7.361579E-01,1.842050E-01,1.944829E-01,-3.253030E-01,-2.551446E-01,-3.230086E-01
3.745500E+03,6.685850E-01,1.716878E-01,1.686464E-01,-7.413645E-02,-2.654460E-01,-3.029829E-01
3.746000E+03,5.941899E-01,1.576190E-01,1.412103E-01,1.766593E-01,-2.727306E-01,-2.801279E-01
3.746500E+03,5.137524E-01,1.421206E-01,1.124161E-01,4.245608E-01,-2.769063E-01,-2.547248E-01
3.747000E+03,4.281212E-01,1.253251E-01,8.252149E-02,6.671086E-01,-2.779159E-01,-2.270856E-01
3.747500E+03,3.382052E-01,1.073746E-01,5.179779E-02,9.019317E-01,-2.757383E-01,-1.975492E-01
3.748000E+03,2.449633E-01,8.841972E-02,2.052802E-02,1.126770E+00,-2.703885E-01,-1.664766E-01
3.748500E+03,1.493944E-01,6.861855E-02,-1.099592E-02,1.339497E+00,-2.619176E-01,-1.342467E-01
3.749000E+03,5.252662E-02,4.813571E-02,-4.247599E-02,1.538134E+00,-2.504122E-01,-1.012513E-01
3.749500E+03,-4.459381E-02,2.714122E-02,-7.361102E-02,1.720871E+00,-2.359935E-01,-6.789009E-02
3.750000E+03,-1.409141E-01,5.809597E-03,-1.040998E-01,1.886078E+00,-2.188159E-01,-3.456552E-02
3.750500E+03,-2.353863E-01,-1.568130E-02,-1.336441E-01,2.032318E+00,-1.990656E-01,-1.678081E-03
3.751000E+03,-3.269791E-01,-3.715125E-02,-1.619523E-01,2.158355E+00,-1.769583E-01,3.037871E-02
3.751500E+03,-4.146888E-01,-5.841884E-02,-1.887425E-01,2.263166E+00,-1.527374E-01,6.122300E-02
3.752000E+03,-4.975513E-01,-7.930253E-02,-2.137454E-01,2.345938E+00,-1.266708E-01,9.048905E-02
3.752500E+03,-5.746520E-01,-9.962188E-02,-2.367083E-01,2.406079E+00,-9.904908E-02,1.178315E-01
3.753000E+03,-6.451372E-01,-1.191987E-01,-2.573973E-01,2.443218E+00,-7.018148E-02,1.429291E-01
3.753500E+03,-7.082234E-01,-1.378586E-01,-2.756010E-01,2.457199E+00,-4.039341E-02,1.654886E-01
3.754000E+03,-7.632064E-01,-1.554318E-01,-2.911325E-01,2.448088E+00,-1.002284E-02,1.852474E-01
3.754500E+03,-8.094700E-01,-1.717551E-01,-3.038327E-01,2.416161E+00,2.058316E-02,2.019769E-01
3.755000E+03,-8.464933E-01,-1.866731E-01,-3.135715E-01,2.361907E+00,5.107202E-02,2.154841E-01
3.755500E+03,-8.738571E-01,-2.000397E-01,-3.202505E-01,2.286014E+00,8.108937E-02,2.256145E-01
3.756000E+03,-8.912497E-01,-2.117195E-01,-3.238041E-01,2.189368E+00,1.102828E-01,2.322526E-01
3.756500E+03,-8.984706E-01,-2.215900E-01,-3.242006E-01,2.073042E+00,1.383058E-01,2.353239E-01
3.757000E+03,-8.954344E-01,-2.295422E-01,-3.214430E-01,1.938284E+00,1.648212E-01,2.347948E-01
3.757500E+03,-8.821721E-01,-2.354833E-01,-3.155691E-01,1.786510E+00,1.895054E-01,2.306737E-01
3.758000E+03,-8.588319E-01,-2.393374E-01,-3.066517E-01,1.619289E+00,2.120521E-01,2.230102E-01
3.758500E+03,-8.256784E-01,-2.410473E-01,-2.947975E-01,1.438333E+00,2.321758E-01,2.118950E-01
3.759000E+03,-7.830905E-01,-2.405761E-01,-2.801462E-01,1.245478E+00,2.496153E-01,1.974591E-01
3.759500E+03,-7.315583E-01,-2.379079E-01,-2.628690E-01,1.042673E+00,2.641375E-01,1.798724E-01
3.760000E+03,-6.716780E-01,-2.330495E-01,-2.431665E-01,8.319630E-01,2.755407E-01,1.593423E-01
3.760500E+03,-6.041460E-01,-2.260310E-01,-2.212666E-01,6.154688E-01,2.836573E-01,1.361118E-01
3.761000E+03,-5.297516E-01,-2.169065E-01,-1.974214E-01,3.953708E-01,2.883567E-01,1.104572E-01
3.761500E+03,-4.493686E-01,-2.057544E-01,-1.719043E-01,1.738885E-01,2.895482E-01,8.268542E-02
3.762000E+03,-3.639455E-01,-1.926776E-01,-1.450064E-01,-4.674012E-02,2.871825E-01,5.313155E-02
3.762500E+03,-2.744948E-01,-1.778034E-01,-1.170331E-01,-2.642801E-01,2.812540E-01,2.215508E-02
3.763000E+03,-1.820818E-01,-1.612824E-01,-8.830002E-02,-4.765219E-01,2.718018E-01,-9.863406E-03
3.763500E+03,-8.781130E-02,-1.432880E-01,-5.912872E-02,-6.813039E-01,2.589104E-01,-4.252618E-02
3.764000E+03,7.184646E-03,-1.240148E-01,-2.984294E-02,-8.765361E-01,2.427103E-01,-7.542256E-02
3.764500E+03,1.017611E-01,-1.036768E-01,-7.641390E-04,-1.060223E+00,2.233773E-01,-1.081334E-01
3.765000E+03,1.947740E-01,-8.250548E-02,2.779268E-02,-1.230488E+00,2.011316E-01,-1.402360E-01
3.765500E+03,2.850949E-01,-6.074688E-02,5.552304E-02,-1.385594E+00,1.762363E-01,-1.713087E-01
3.766000E+03,3.716247E-01,-3.865897E-02,8.213702E-02,-1.523967E+00,1.489952E-01,-2.009369E-01
3.766500E+03,4.533086E-01,-1.650829E-02,1.073630E-01,-1.644217E+00,1.197497E-01,-2.287175E-01
3.767000E+03,5.291497E-01,5.433559E-03,1.309512E-01,-1.745158E+00,8.887501E-02,-2.542652E-01
3.767500E+03,5.982225E-01,2.689368E-02,1.526769E-01,-1.825823E+00,5.677638E-02,-2.772176E-01
3.768000E+03,6.596854E-01,4.760188E-02,1.723431E-01,-1.885481E+00,2.388375E-02,-2.972408E-01
3.768500E+03,7.127928E-01,6.729477E-02,1.897833E-01,-1.923651E+00,-9.353561E-03,-3.140348E-01
3.769000E+03,7.569057E-01,8.571991E-02,2.048630E-01,-1.940107E+00,-4.247290E-02,-3.273389E-01
3.769500E+03,7.915010E-01,1.026399E-01,2.174815E-01,-1.934892E+00,-7.500474E-02,-3.369361E-01
3.770000E+03,8.161796E-01,1.178367E-01,2.275727E-01,-1.908313E+00,-1.064796E-01,-3.426582E-01
3.770500E+03,8.306730E-01,1.311149E-01,2.351056E-01,-1.860944E+00,-1.364351E-01,-3.443893E-01
3.771000E+03,8.348476E-01,1.423060E-01,2.400841E-01,-1.793623E+00,-1.644232E-01,-3.420692E-01
3.771500E+03,8.287079E-01,1.512713E-01,2.425462E-01,-1.707438E+00,-1.900179E-01,-3.356965E-01
3.772000E+03,8.123975E-01,1.579050E-01,2.425630E-01,-1.603720E+00,-2.128219E-01,-3.253300E-01
3.772500E+03,7.861977E-01,1.621360E-01,2.402368E-01,-1.484022E+00,-2.324742E-01,-3.110895E-01
3.773000E+03,7.505250E-01,1.639306E-01,2.356988E-01,-1.350101E+00,-2.486565E-01,-2.931566E-01
3.773500E+03,7.059256E-01,1.632928E-01,2.291066E-01,-1.203893E+00,-2.610996E-01,-2.717729E-01
3.774000E+03,6.530687E-01,1.602656E-01,2.206408E-01,-1.047485E+00,-2.695887E-01,-2.472381E-01
3.774500E+03,5.927376E-01,1.549302E-01,2.105016E-01,-8.830871E-01,-2.739685E-01,-2.199071E-01
3.775000E+03,5.258189E-01,1.474055E-01,1.989050E-01,-7.129966E-01,-2.741470E-01,-1.901853E-01
3.775500E+03,4.532899E-01,1.378466E-01,1.860787E-01,-5.395663E-01,-2.700983E-01,-1.585237E-01
3.776000E+03,3.762052E-01,1.264422E-01,1.722581E-01,-3.651675E-01,-2.618651E-01,-1.254123E-01
3.776500E+03,2.956808E-01,1.134118E-01,1.576814E-01,-1.921534E-01,-2.495584E-01,-9.137257E-02
3.777000E+03,2.128782E-01,9.900202E-02,1.425859E-01,-2.282274E-02,-2.333582E-01,-5.694994E-02
3.777500E+03,1.289871E-01,8.348229E-02,1.272034E-01,1.406163E-01,-2.135108E-01,-2.270436E-02
3.778000E+03,4.520702E-02,6.714025E-02,1.117560E-01,2.960808E-01,-1.903262E-01,1.079889E-02
3.778500E+03,-3.727019E-02,5.027639E-02,9.645236E-02,4.416456E-01,-1.641740E-01,4.299916E-02
3.779000E+03,-1.172791E-01,3.319856E-02,8.148380E-02,5.755739E-01,-1.354778E-01,7.335048E-02
3.779500E+03,-1.936986E-01,1.621615E-02,6.702137E-02,6.963437E-01,-1.047090E-01,1.013317E-01
3.780000E+03,-2.654691E-01,-3.658945E-04,5.321281E-02,8.026714E-01,-7.237870E-02,1.264567E-01
3.780500E+03,-3.316096E-01,-1.625302E-02,4.018030E-02,8.935304E-01,-3.902979E-02,1.482835E-01
3.781000E+03,-3.912326E-01,-3.116691E-02,2.801863E-02,9.681662E-01,-5.227492E-03,1.664239E-01
3.781500E+03,-4.435588E-01,-4.485118E-02,1.679401E-02,1.026105E+00,2.845041E-02,1.805513E-01
3.782000E+03,-4.879286E-01,-5.707659E-02,6.543503E-03,1.067159E+00,6.142379E-02,1.904082E-01
3.782500E+03,-5.238133E-01,-6.764593E-02,-2.724970E-03,1.091424E+00,9.312063E-02,1.958119E-01
3.783000E+03,-5.508234E-01,-7.639826E-02,-1.103192E-02,1.099276E+00,1.229875E-01,1.966598E-01
3.783500E+03,-5.687143E-01,-8.321243E-02,-1.842499E-02,1.091358E+00,1.504999E-01,1.929325E-01
3.784000E+03,-5.773901E-01,-8.800995E-02,-2.497705E-02,1.068564E+00,1.751722E-01,1.846951E-01
3.784500E+03,-5.769051E-01,-9.075692E-02,-3.078366E-02,1.032018E+00,1.965668E-01,1.720978E-01
3.785000E+03,-5.674624E-01,-9.146506E-02,-3.596009E-02,9.830521E-01,2.143029E-01,1.553740E-01
3.785500E+03,-5.494098E-01,-9.019190E-02,-4.063778E-02,9.231741E-01,2.280638E-01,1.348369E-01
3.786000E+03,-5.232338E-01,-8.703993E-02,-4.496044E-02,8.540388E-01,2.376037E-01,1.108747E-01
3.786500E+03,-4.895507E-01,-8.215476E-02,-4.907979E-02,7.774129E-01,2.427524E-01,8.394354E-02
3.787000E+03,-4.490956E-01,-7.572244E-02,-5.315111E-02,6.951396E-01,2.434194E-01,5.455974E-02
3.787500E+03,-4.027095E-01,-6.796581E-02,-5.732859E-02,6.091021E-01,2.395959E-01,2.329012E-02
3.788000E+03,-3.513244E-01,-5.914002E-02,-6.176065E-02,5.211864E-01,2.313556E-01,-9.258687E-03
3.788500E+03,-2.959467E-01,-4.952732E-02,-6.658530E-02,4.332449E-01,2.188538E-01,-4.245185E-02
3.789000E+03,-2.376395E-01,-3.943112E-02,-7.192568E-02,3.470615E-01,2.023247E-01,-7.563878E-02
3.789500E+03,-1.775036E-01,-2.916960E-02,-7.788586E-02,2.643181E-01,1.820777E-01,-1.081660E-01
3.790000E+03,-1.166584E-01,-1.906881E-02,-8.454693E-02,1.865639E-01,1.584915E-01,-1.393902E-01
3.790500E+03,-5.622172E-02,-9.455551E-03,-9.196363E-02,1.151882E-01,1.320075E-01,-1.686915E-01
3.791000E+03,2.709758E-03,-6.500399E-04,-1.001615E-01,5.139623E-02,1.031213E-01,-1.954858E-01
3.791500E+03,5.907986E-02,7.041322E-03,-1.091345E-01,-3.810404E-03,7.237385E-02,-2.192371E-01
3.792000E+03,1.118915E-01,1.333308E-02,-1.188436E-01,-4.964872E-02,4.034079E-02,-2.394685E-01
3.792500E+03,1.602244E-01,1.796748E-02,-1.292157E-01,-8.556497E-02,7.621975E-03,-2.557726E-01
3.793000E+03,2.032507E-01,2.072085E-02,-1.401440E-01,-1.112402E-01,-2.517011E-02,-2.678197E-01
3.793500E+03,2.402500E-01,2.140921E-02,-1.514882E-01,-1.265909E-01,-5.742192E-02,-2.753651E-01
3.794000E+03,2.706213E-01,1.989336E-02,-1.630761E-01,-1.317650E-01,-8.853053E-02,-2.782546E-01
3.794500E+03,2.938934E-01,1.608287E-02,-1.747063E-01,-1.271330E-01,-1.179151E-01,-2.764275E-01
3.795000E+03,3.097328E-01,9.939336E-03,-1.861510E-01,-1.132747E-01,-1.450279E-01,-2.699188E-01
3.795500E+03,3.179491E-01,1.478452E-03,-1.971597E-01,-9.096253E-02,-1.693646E-01,-2.588581E-01
3.796000E+03,3.184973E-01,-9.228947E-03,-2.074638E-01,-6.114015E-02,-1.904739E-01,-2.434673E-01
3.796500E+03,3.114782E-01,-2.205699E-02,-2.167817E-01,-2.489915E-02,-2.079656E-01,-2.240565E-01
3.797000E+03,2.971358E-01,-3.682604E-02,-2.248242E-01,1.654742E-02,-2.215185E-01,-2.010172E-01
3.797500E+03,2.758517E-01,-5.330505E-02,-2.313006E-01,6.189326E-02,-2.308854E-01,-1.748144E-01
3.798000E+03,2.481378E-01,-7.121513E-02,-2.359247E-01,1.097682E-01,-2.358981E-01,-1.459771E-01
3.798500E+03,2.146259E-01,-9.023403E-02,-2.384216E-01,1.587685E-01,-2.364697E-01,-1.150874E-01
3.799000E+03,1.760554E-01,-1.100017E-01,-2.385335E-01,2.074865E-01,-2.325964E-01,-8.276806E-02
3.799500E+03,1.332594E-01,-1.301268E-01,-2.360268E-01,2.545405E-01,-2.243566E-01,-4.967006E-02
3.800000E+03,8.714858E-02,-1.501936E-01,-2.306973E-01,2.986026E-01,-2.119090E-01,-1.645872E-02
3.800500E+03,3.869414E-02,-1.697700E-01,-2.223770E-01,3.384255E-01,-1.954894E-01,1.619990E-02
3.801000E+03,-1.109049E-02,-1.884158E-01,-2.109385E-01,3.728659E-01,-1.754052E-01,4.765279E-02
3.801500E+03,-6.116858E-02,-2.056911E-01,-1.963000E-01,4.009068E-01,-1.520295E-01,7.727335E-02
3.802000E+03,-1.104994E-01,-2.211651E-01,-1.784293E-01,4.216750E-01,-1.257935E-01,1.044743E-01
3.802500E+03,-1.580574E-01,-2.344251E-01,-1.573471E-01,4.344564E-01,-9.717793E-02,1.287194E-01
3.803000E+03,-2.028512E-01,-2.450844E-01,-1.331288E-01,4.387074E-01,-6.670370E-02,1.495344E-01
3.803500E+03,-2.439419E-01,-2.527912E-01,-1.059064E-01,4.340623E-01,-3.492187E-02,1.665163E-01
3.804000E+03,-2.804598E-01,-2.572356E-01,-7.586813E-02,4.203374E-01,-2.403257E-03,1.793413E-01
3.804500E+03,-3.116207E-01,-2.581570E-01,-4.325844E-02,3.975310E-01,3.027226E-02,1.877709E-01
3.805000E+03,-3.367398E-01,-2.553500E-01,-8.375701E-03,3.658202E-01,6.252643E-02,1.916557E-01
3.805500E+03,-3.552441E-01,-2.486698E-01,2.843042E-02,3.255541E-01,9.379309E-02,1.909387E-01
3.806000E+03,-3.666827E-01,-2.380360E-01,6.676282E-02,2.772436E-01,1.235283E-01,1.856548E-01
3.806500E+03,-3.707346E-01,-2.234361E-01,1.061817E-01,2.215490E-01,1.512196E-01,1.759296E-01
3.807000E+03,-3.672147E-01,-2.049270E-01,1.462105E-01,1.592644E-01,1.763952E-01,1.619764E-01
3.807500E+03,-3.560765E-01,-1.826356E-01,1.863419E-01,9.130060E-02,1.986312E-01,1.440905E-01
3.808000E+03,-3.374133E-01,-1.567582E-01,2.260455E-01,1.866598E-02,2.175590E-01,1.226427E-01
3.808500E+03,-3.114559E-01,-1.275582E-01,2.647755E-01,-5.755378E-02,2.328702E-01,9.807104E-02
3.809000E+03,-2.785688E-01,-9.536365E-02,3.019788E-01,-1.362167E-01,2.443217E-01,7.087117E-02
3.809500E+03,-2.392437E-01,-6.056187E-02,3.371036E-01,-2.161460E-01,2.517382E-01,4.158603E-02
3.810000E+03,-1.940905E-01,-2.359472E-02,3.696084E-01,-2.961513E-01,2.550146E-01,1.079438E-02
3.810500E+03,-1.438268E-01,1.504826E-02,3.989704E-01,-3.750497E-01,2.541161E-01,-2.090104E-02
3.811000E+03,-8.926534E-02,5.483717E-02,4.246945E-01,-4.516856E-01,2.490775E-01,-5.288562E-02
3.811500E+03,-3.130001E-02,9.520995E-02,4.463215E-01,-5.249497E-01,2.400013E-01,-8.454502E-02
3.812000E+03,2.910956E-02,1.355812E-01,4.634360E-01,-5.937964E-01,2.270548E-01,-1.152771E-01
3.812500E+03,9.095436E-02,1.753516E-01,4.756738E-01,-6.572594E-01,2.104656E-01,-1.445031E-01
3.813000E+03,1.531931E-01,2.139172E-01,4.827288E-01,-7.144656E-01,1.905168E-01,-1.716786E-01
3.813500E+03,2.147697E-01,2.506795E-01,4.843585E-01,-7.646466E-01,1.675408E-01,-1.963033E-01
3.814000E+03,2.746311E-01,2.850552E-01,4.803892E-01,-8.071481E-01,1.419132E-01,-2.179290E-01
3.814500E+03,3.317444E-01,3.164855E-01,4.707200E-01,-8.414374E-01,1.140456E-01,-2.361679E-01
3.815000E+03,3.851143E-01,3.444456E-01,4.553253E-01,-8.671082E-01,8.437796E-02,-2.506978E-01
3.815500E+03,4.337988E-01,3.684530E-01,4.342568E-01,-8.838834E-01,5.337103E-02,-2.612673E-01
3.816000E+03,4.769251E-01,3.880760E-01,4.076441E-01,-8.916156E-01,2.149883E-02,-2.676982E-01
3.816500E+03,5.137032E-01,4.029409E-01,3.756937E-01,-8.902859E-01,-1.075921E-02,-2.698876E-01
3.817000E+03,5.434386E-01,4.127380E-01,3.386877E-01,-8.800002E-01,-4.292567E-02,-2.678075E-01
3.817500E+03,5.655434E-01,4.172273E-01,2.969804E-01,-8.609842E-01,-7.453229E-02,-2.615039E-01
3.818000E+03,5.795452E-01,4.162427E-01,2.509944E-01,-8.335766E-01,-1.051267E-01,-2.510934E-01
3.818500E+03,5.850945E-01,4.096952E-01,2.012155E-01,-7.982213E-01,-1.342788E-01,-2.367600E-01
3.819000E+03,5.819704E-01,3.975744E-01,1.481869E-01,-7.554576E-01,-1.615862E-01,-2.187493E-01
3.819500E+03,5.700831E-01,3.799500E-01,9.250169E-02,-7.059101E-01,-1.866793E-01,-1.973630E-01
3.820000E+03,5.494758E-01,3.569706E-01,3.479565E-02,-6.502778E-01,-2.092255E-01,-1.729515E-01
3.820500E+03,5.203236E-01,3.288620E-01,-2.426120E-02,-5.893221E-01,-2.289332E-01,-1.459073E-01
3.821000E+03,4.829309E-01,2.959250E-01,-8.397346E-02,-5.238549E-01,-2.455540E-01,-1.166563E-01
3.821500E+03,4.377263E-01,2.585305E-01,-1.436295E-01,-4.547263E-01,-2.588853E-01,-8.565013E-02
3.822000E+03,3.852566E-01,2.171149E-01,-2.025109E-01,-3.828122E-01,-2.687715E-01,-5.335786E-02
3.822500E+03,3.261782E-01,1.721743E-01,-2.599019E-01,-3.090020E-01,-2.751049E-01,-2.025787E-02
3.823000E+03,2.612477E-01,1.242573E-01,-3.150992E-01,-2.341869E-01,-2.778255E-01,1.317000E-02
3.823500E+03,1.913107E-01,7.395721E-02,-3.674205E-01,-1.592483E-01,-2.769204E-01,4.645197E-02
3.824000E+03,1.172893E-01,2.190442E-02,-4.162145E-01,-8.504643E-02,-2.724229E-01,7.912726E-02
3.824500E+03,4.016924E-02,-3.124279E-02,-4.608685E-01,-1.241032E-02,-2.644110E-01,1.107545E-01
3.825000E+03,-3.901422E-02,-8.480717E-02,-5.008169E-01,5.787222E-02,-2.530046E-01,1.409174E-01
3.825500E+03,-1.191910E-01,-1.381018E-01,-5.355483E-01,1.250635E-01,-2.383638E-01,1.692298E-01
3.826000E+03,-1.992711E-01,-1.904396E-01,-5.646122E-01,1.884839E-01,-2.206857E-01,1.953397E-01
3.826500E+03,-2.781596E-01,-2.411423E-01,-5.876248E-01,2.475195E-01,-2.002014E-01,2.189328E-01
3.827000E+03,-3.547718E-01,-2.895502E-01,-6.042734E-01,3.016279E-01,-1.771724E-01,2.397351E-01
3.827500E+03,-4.280478E-01,-3.350303E-01,-6.143209E-01,3.503440E-01,-1.518875E-01,2.575144E-01
3.828000E+03,-4.969672E-01,-3.769853E-01,-6.176079E-01,3.932839E-01,-1.246588E-01,2.720820E-01
3.828500E+03,-5.605622E-01,-4.148609E-01,-6.140557E-01,4.301484E-01,-9.581834E-02,2.832927E-01
3.829000E+03,-6.179309E-01,-4.481537E-01,-6.036659E-01,4.607253E-01,-6.571385E-02,2.910448E-01
3.829500E+03,-6.682493E-01,-4.764171E-01,-5.865212E-01,4.848902E-01,-3.470519E-02,2.952794E-01
3.830000E+03,-7.107817E-01,-4.992672E-01,-5.627838E-01,5.026070E-01,-3.160447E-03,2.959789E-01
3.830500E+03,-7.448908E-01,-5.163877E-01,-5.326935E-01,5.139269E-01,2.854790E-02,2.931660E-01
3.831000E+03,-7.700455E-01,-5.275335E-01,-4.965645E-01,5.189860E-01,6.004678E-02,2.869015E-01
3.831500E+03,-7.858284E-01,-5.325341E-01,-4.547816E-01,5.180029E-01,9.096626E-02,2.772818E-01
3.832000E+03,-7.919409E-01,-5.312951E-01,-4.077955E-01,5.112742E-01,1.209432E-01,2.644374E-01
3.832500E+03,-7.882069E-01,-5.237993E-01,-3.561172E-01,4.991694E-01,1.496250E-01,2.485300E-01
3.833000E+03,-7.745759E-01,-5.101069E-01,-3.003122E-01,4.821257E-01,1.766729E-01,2.297498E-01
3.833500E+03,-7.511229E-01,-4.903543E-01,-2.409935E-01,4.606402E-01,2.017655E-01,2.083135E-01
3.834000E+03,-7.180486E-01,-4.647520E-01,-1.788147E-01,4.352635E-01,2.246020E-01,1.844616E-01
3.834500E+03,-6.756764E-01,-4.335821E-01,-1.144621E-01,4.065904E-01,2.449054E-01,1.584558E-01
3.835000E+03,-6.244492E-01,-3.971946E-01,-4.864720E-02,3.752518E-01,2.624254E-01,1.305767E-01
3.835500E+03,-5.649238E-01,-3.560024E-01,1.790183E-02,3.419049E-01,2.769413E-01,1.011214E-01
3.836000E+03,-4.977646E-01,-3.104768E-01,8.444808E-02,3.072239E-01,2.882644E-01,7.040106E-02
3.836500E+03,-4.237355E-01,-2.611411E-01,1.502543E-01,2.718894E-01,2.962408E-01,3.873860E-02
3.837000E+03,-3.436912E-01,-2.085644E-01,2.145913E-01,2.365789E-01,3.007527E-01,6.466303E-03
3.837500E+03,-2.585665E-01,-1.533544E-01,2.767457E-01,2.019561E-01,3.017209E-01,-2.607655E-02
3.838000E+03,-1.693658E-01,-9.615035E-02,3.360282E-01,1.686615E-01,2.991060E-01,-5.854613E-02
3.838500E+03,-7.715082E-02,-3.761528E-02,3.917810E-01,1.373023E-01,2.929092E-01,-9.059662E-02
3.839000E+03,1.697233E-02,2.157202E-02,4.433849E-01,1.084434E-01,2.831735E-01,-1.218828E-01
3.839500E+03,1.118660E-01,8.072493E-02,4.902666E-01,8.259870E-02,2.699834E-01,-1.520627E-01
3.840000E+03,2.063749E-01,1.391571E-01,5.319041E-01,6.022306E-02,2.534652E-01,-1.808006E-01
3.840500E+03,2.993400E-01,1.961904E-01,5.678335E-01,4.170538E-02,2.337859E-01,-2.077700E-01
3.841000E+03,3.896128E-01,2.511629E-01,5.976532E-01,2.736235E-02,2.111521E-01,-2.326565E-01
3.841500E+03,4.760688E-01,3.034365E-01,6.210287E-01,1.743339E-02,1.858085E-01,-2.551615E-01
3.842000E+03,5.576222E-01,3.524043E-01,6.376965E-01,1.207667E-02,1.580355E-01,-2.750047E-01
3.842500E+03,6.332386E-01,3.974976E-01,6.474666E-01,1.136637E-02,1.281464E-01,-2.919283E-01
3.843000E+03,7.019480E-01,4.381924E-01,6.502251E-01,1.529114E-02,9.648455E-02,-3.056997E-01
3.843500E+03,7.628576E-01,4.740152E-01,6.459354E-01,2.375391E-02,6.341912E-02,-3.161150E-01
3.844000E+03,8.151627E-01,5.045488E-01,6.346385E-01,3.657285E-02,2.934138E-02,-3.230024E-01
3.844500E+03,8.581572E-01,5.294369E-01,6.164535E-01,5.348374E-02,-5.340022E-03,-3.262248E-01
3.845000E+03,8.912432E-01,5.483882E-01,5.915753E-01,7.414349E-02,-4.020392E-02,-3.256828E-01
3.845500E+03,9.139389E-01,5.611795E-01,5.602737E-01,9.813478E-02,-7.482185E-02,-3.213170E-01
3.846000E+03,9.258854E-01,5.676590E-01,5.228902E-01,1.249720E-01,-1.087635E-01,-3.131106E-01
3.846500E+03,9.268523E-01,5.677472E-01,4.798342E-01,1.541078E-01,-1.416021E-01,-3.010901E-01
3.847000E+03,9.167410E-01,5.614387E-01,4.315789E-01,1.849411E-01,-1.729204E-01,-2.853272E-01
3.847500E+03,8.955877E-01,5.488018E-01,3.786565E-01,2.168256E-01,-2.023163E-01,-2.659391E-01
3.848000E+03,8.635635E-01,5.299783E-01,3.216516E-01,2.490787E-01,-2.294080E-01,-2.430885E-01
3.848500E+03,8.209734E-01,5.051815E-01,2.611958E-01,2.809913E-01,-2.538399E-01,-2.169825E-01
3.849000E+03,7.682538E-01,4.746944E-01,1.979598E-01,3.118382E-01,-2.752875E-01,-1.878719E-01
3.849500E+03,7.059684E-01,4.388663E-01,1.326468E-01,3.408882E-01,-2.934623E-01,-1.560484E-01
3.850000E+03,6.348014E-01,3.981092E-01,6.598368E-02,3.674145E-01,-3.081159E-01,-1.218426E-01
3.850500E+03,5.555510E-01,3.528928E-01,-1.286479E-03,3.907054E-01,-3.190441E-01,-8.561994E-02
3.851000E+03,4.691197E-01,3.037399E-01,-6.841330E-02,4.100749E-01,-3.260903E-01,-4.777681E-02
3.851500E+03,3.765041E-01,2.512197E-01,-1.346476E-01,4.248720E-01,-3.291477E-01,-8.736111E-03
3.852000E+03,2.787833E-01,1.959420E-01,-1.992502E-01,4.344914E-01,-3.281614E-01,3.105812E-02
3.852500E+03,1.771058E-01,1.385499E-01,-2.615005E-01,4.383818E-01,-3.231300E-01,7.114628E-02
3.853000E+03,7.267587E-02,7.971250E-02,-3.207049E-01,4.360554E-01,-3.141054E-01,1.110592E-01
3.853500E+03,-3.326113E-02,2.011693E-02,-3.762051E-01,4.270952E-01,-3.011929E-01,1.503245E-01
3.854000E+03,-1.394342E-01,-3.953937E-02,-4.273861E-01,4.111628E-01,-2.845501E-01,1.884728E-01
3.854500E+03,-2.445624E-01,-9.855710E-02,-4.736834E-01,3.880045E-01,-2.643846E-01,2.250447E-01
3.855000E+03,-3.473711E-01,-1.562433E-01,-5.145896E-01,3.574573E-01,-2.409520E-01,2.595967E-01
3.855500E+03,-4.466077E-01,-2.119197E-01,-5.496612E-01,3.194532E-01,-2.145519E-01,2.917077E-01
3.856000E+03,-5.410578E-01,-2.649309E-01,-5.785234E-01,2.740232E-01,-1.855242E-01,3.209855E-01
3.856500E+03,-6.295609E-01,-3.146523E-01,-6.008749E-01,2.213001E-01,-1.542445E-01,3.470717E-01
3.857000E+03,-7.110251E-01,-3.604980E-01,-6.164915E-01,1.615204E-01,-1.211187E-01,3.696473E-01
3.857500E+03,-7.844416E-01,-4.019277E-01,-6.252287E-01,9.502460E-02,-8.657734E-02,3.884376E-01
3.858000E+03,-8.488976E-01,-4.384538E-01,-6.270238E-01,2.225749E-02,-5.106991E-02,4.032154E-01
3.858500E+03,-9.035883E-01,-4.696474E-01,-6.218960E-01,-5.623373E-02,-1.505810E-02,4.138050E-01
3.859000E+03,-9.478279E-01,-4.951440E-01,-6.099466E-01,-1.398017E-01,2.099050E-02,4.200843E-01
3.859500E+03,-9.810587E-01,-5.146483E-01,-5.913569E-01,-2.277027E-01,5.660904E-02,4.219865E-01
3.860000E+03,-1.002858E+00,-5.279376E-01,-5.663862E-01,-3.191011E-01,9.133803E-02,4.195012E-01
3.860500E+03,-1.012946E+00,-5.348656E-01,-5.353682E-01,-4.130757E-01,1.247318E-01,4.126737E-01
3.861000E+03,-1.011185E+00,-5.353640E-01,-4.987063E-01,-5.086262E-01,1.563646E-01,4.016050E-01
3.861500E+03,-9.975888E-01,-5.294438E-01,-4.568684E-01,-6.046820E-01,1.858369E-01,3.864493E-01
3.862000E+03,-9.723148E-01,-5.171954E-01,-4.103807E-01,-7.001112E-01,2.127806E-01,3.674120E-01
3.862500E+03,-9.356679E-01,-4.987875E-01,-3.598207E-01,-7.937310E-01,2.368642E-01,3.447465E-01
3.863000E+03,-8.880941E-01,-4.744656E-01,-3.058092E-01,-8.843193E-01,2.577972E-01,3.187497E-01
3.863500E+03,-8.301755E-01,-4.445483E-01,-2.490026E-01,-9.706273E-01,2.753341E-01,2.897581E-01
3.864000E+03,-7.626227E-01,-4.094241E-01,-1.900840E-01,-1.051393E+00,2.892773E-01,2.581428E-01
3.864500E+03,-6.862652E-01,-3.695461E-01,-1.297543E-01,-1.125356E+00,2.994798E-01,2.243034E-01
3.865000E+03,-6.020411E-01,-3.254261E-01,-6.872329E-02,-1.191273E+00,3.058466E-01,1.886627E-01
3.865500E+03,-5.109843E-01,-2.776283E-01,-7.700003E-03,-1.247930E+00,3.083355E-01,1.516606E-01
3.866000E+03,-4.142112E-01,-2.267616E-01,5.261582E-02,-1.294166E+00,3.069576E-01,1.137478E-01
3.866500E+03,-3.129062E-01,-1.734717E-01,1.115429E-01,-1.328883E+00,3.017759E-01,7.537954E-02
3.867000E+03,-2.083057E-01,-1.184327E-01,1.684267E-01,-1.351066E+00,2.929043E-01,3.700973E-02
3.867500E+03,-1.016822E-01,-6.233775E-02,2.226476E-01,-1.359800E+00,2.805050E-01,-9.154022E-04
3.868000E+03,5.672171E-03,-5.890155E-03,2.736285E-01,-1.354283E+00,2.647857E-01,-3.796284E-02
3.868500E+03,1.124629E-01,5.020633E-02,3.208410E-01,-1.333848E+00,2.459960E-01,-7.371827E-02
3.869000E+03,2.174094E-01,1.052569E-01,3.638121E-01,-1.297974E+00,2.244231E-01,-1.077911E-01
3.869500E+03,3.192616E-01,1.585850E-01,4.021286E-01,-1.246300E+00,2.003869E-01,-1.398189E-01
3.870000E+03,4.168162E-01,2.095416E-01,4.354419E-01,-1.178638E+00,1.742354E-01,-1.694718E-01
3.870500E+03,5.089314E-01,2.575138E-01,4.634706E-01,-1.094986E+00,1.463386E-01,-1.964553E-01
3.871000E+03,5.945412E-01,3.019332E-01,4.860033E-01,-9.955346E-01,1.170831E-01,-2.205138E-01
3.871500E+03,6.726689E-01,3.422831E-01,5.028990E-01,-8.806749E-01,8.686599E-02,-2.414325E-01
3.872000E+03,7.424383E-01,3.781058E-01,5.140881E-01,-7.510026E-01,5.608921E-02,-2.590388E-01
3.872500E+03,8.030841E-01,4.090083E-01,5.195709E-01,-6.073195E-01,2.515330E-02,-2.732039E-01
3.873000E+03,8.539608E-01,4.346672E-01,5.194158E-01,-4.506329E-01,-5.548254E-03,-2.838423E-01
3.873500E+03,8.945491E-01,4.548327E-01,5.137570E-01,-2.821511E-01,-3.563455E-02,-2.909124E-01
3.874000E+03,9.244612E-01,4.693315E-01,5.027902E-01,-1.032762E-01,-6.474255E-02,-2.944150E-01
3.874500E+03,9.434441E-01,4.780684E-01,4.867689E-01,8.440588E-02,-9.253187E-02,-2.943919E-01
3.875000E+03,9.513804E-01,4.810268E-01,4.659988E-01,2.791393E-01,-1.186892E-01,-2.909246E-01
3.875500E+03,9.482886E-01,4.782679E-01,4.408321E-01,4.790145E-01,-1.429321E-01,-2.841312E-01
3.876000E+03,9.343197E-01,4.699291E-01,4.116619E-01,6.819878E-01,-1.650122E-01,-2.741640E-01
3.876500E+03,9.097538E-01,4.562207E-01,3.789151E-01,8.859034E-01,-1.847178E-01,-2.612065E-01
3.877000E+03,8.749936E-01,4.374222E-01,3.430459E-01,1.088518E+00,-2.018760E-01,-2.454696E-01
3.877500E+03,8.305576E-01,4.138767E-01,3.045289E-01,1.287529E+00,-2.163536E-01,-2.271883E-01
3.878000E+03,7.770708E-01,3.859853E-01,2.638519E-01,1.480601E+00,-2.280578E-01,-2.066175E-01
3.878500E+03,7.152548E-01,3.541998E-01,2.215096E-01,1.665398E+00,-2.369363E-01,-1.840288E-01
3.879000E+03,6.459166E-01,3.190159E-01,1.779965E-01,1.839612E+00,-2.429762E-01,-1.597058E-01
3.879500E+03,5.699365E-01,2.809642E-01,1.338007E-01,2.001000E+00,-2.462025E-01,-1.339406E-01
3.880000E+03,4.882553E-01,2.406020E-01,8.939838E-02,2.147410E+00,-2.466765E-01,-1.070297E-01
3.880500E+03,4.018616E-01,1.985049E-01,4.524780E-02,2.276815E+00,-2.444929E-01,-7.927081E-02
3.881000E+03,3.117775E-01,1.552569E-01,1.784802E-03,2.387343E+00,-2.397768E-01,-5.095859E-02
3.881500E+03,2.190459E-01,1.114423E-01,-4.058157E-02,2.477307E+00,-2.326805E-01,-2.238186E-02
3.882000E+03,1.247164E-01,6.763652E-02,-8.147267E-02,2.545229E+00,-2.233794E-01,6.179625E-03
3.882500E+03,2.983308E-02,2.439774E-02,-1.205432E-01,2.589868E+00,-2.120686E-01,3.445793E-02
3.883000E+03,-6.457862E-02,-1.774109E-02,-1.574834E-01,2.610235E+00,-1.989580E-01,6.219932E-02
3.883500E+03,-1.575233E-01,-5.827960E-02,-1.920208E-01,2.605618E+00,-1.842689E-01,8.916638E-02
3.884000E+03,-2.480468E-01,-9.675663E-02,-2.239207E-01,2.575590E+00,-1.682292E-01,1.151397E-01
3.884500E+03,-3.352457E-01,-1.327561E-01,-2.529869E-01,2.520024E+00,-1.510699E-01,1.399193E-01
3.885000E+03,-4.182764E-01,-1.659119E-01,-2.790610E-01,2.439094E+00,-1.330208E-01,1.633256E-01
3.885500E+03,-4.963631E-01,-1.959117E-01,-3.020214E-01,2.333279E+00,-1.143072E-01,1.851999E-01
3.886000E+03,-5.688033E-01,-2.225000E-01,-3.217822E-01,2.203359E+00,-9.514682E-02,2.054050E-01
3.886500E+03,-6.349741E-01,-2.454799E-01,-3.382910E-01,2.050408E+00,-7.574649E-02,2.238249E-01
3.887000E+03,-6.943350E-01,-2.647137E-01,-3.515270E-01,1.875780E+00,-5.630015E-02,2.403645E-01
3.887500E+03,-7.464310E-01,-2.801229E-01,-3.614982E-01,1.681096E+00,-3.698681E-02,2.549492E-01
3.888000E+03,-7.908940E-01,-2.916864E-01,-3.682389E-01,1.468221E+00,-1.796911E-02,2.675236E-01
3.888500E+03,-8.274427E-01,-2.994387E-01,-3.718066E-01,1.239242E+00,6.075603E-04,2.780511E-01
3.889000E+03,-8.558818E-01,-3.034661E-01,-3.722797E-01,9.964394E-01,1.861548E-02,2.865120E-01
3.889500E+03,-8.761000E-01,-3.039032E-01,-3.697541E-01,7.422580E-01,3.594449E-02,2.929030E-01
3.890000E+03,-8.880670E-01,-3.009278E-01,-3.643409E-01,4.792758E-01,5.250150E-02,2.972348E-01
3.890500E+03,-8.918304E-01,-2.947559E-01,-3.561634E-01,2.101693E-01,6.820948E-02,2.995318E-01
3.891000E+03,-8.875106E-01,-2.856353E-01,-3.453552E-01,-6.232096E-02,8.300617E-02,2.998297E-01
3.891500E+03,-8.752966E-01,-2.738401E-01,-3.320581E-01,-3.354262E-01,9.684247E-02,2.981748E-01
3.892000E+03,-8.554405E-01,-2.596641E-01,-3.164197E-01,-6.063846E-01,1.096805E-01,2.946226E-01
3.892500E+03,-8.282520E-01,-2.434145E-01,-2.985929E-01,-8.724764E-01,1.214918E-01,2.892364E-01
3.893000E+03,-7.940929E-01,-2.254052E-01,-2.787341E-01,-1.131057E+00,1.322548E-01,2.820868E-01
3.893500E+03,-7.533710E-01,-2.059513E-01,-2.570024E-01,-1.379591E+00,1.419533E-01,2.732504E-01
3.894000E+03,-7.065351E-01,-1.853629E-01,-2.335595E-01,-1.615679E+00,1.505739E-01,2.628095E-01
3.894500E+03,-6.540689E-01,-1.639403E-01,-2.085693E-01,-1.837088E+00,1.581046E-01,2.508515E-01
3.895000E+03,-5.964862E-01,-1.419684E-01,-1.821980E-01,-2.041774E+00,1.645326E-01,2.374688E-01
3.895500E+03,-5.343258E-01,-1.197134E-01,-1.546142E-01,-2.227903E+00,1.698436E-01,2.227583E-01
3.896000E+03,-4.681467E-01,-9.741896E-02,-1.259899E-01,-2.393871E+00,1.740202E-01,2.068223E-01
3.896500E+03,-3.985244E-01,-7.530364E-02,-9.650061E-02,-2.538314E+00,1.770416E-01,1.897677E-01
3.897000E+03,-3.260464E-01,-5.355896E-02,-6.632632E-02,-2.660122E+00,1.788831E-01,1.717074E-01
3.897500E+03,-2.513092E-01,-3.234836E-02,-3.565204E-02,-2.758443E+00,1.795167E-01,1.527598E-01
3.898000E+03,-1.749147E-01,-1.180688E-02,-4.668519E-03,-2.832685E+00,1.789113E-01,1.330497E-01
3.898500E+03,-9.746775E-02,7.958450E-03,2.642729E-02,-2.882520E+00,1.770339E-01,1.127087E-01
3.899000E+03,-1.957318E-02,2.686737E-02,5.743187E-02,-2.907870E+00,1.738514E-01,9.187551E-02
3.899500E+03,5.816636E-02,4.486463E-02,8.813504E-02,-2.908910E+00,1.693319E-01,7.069605E-02
3.900000E+03,1.351528E-01,6.191760E-02,1.183201E-01,-2.886048E+00,1.634469E-01,4.932378E-02
3.900500E+03,2.107948E-01,7.801342E-02,1.477643E-01,-2.839919E+00,1.561741E-01,2.791942E-02
3.901000E+03,2.845100E-01,9.315574E-02,1.762396E-01,-2.771364E+00,1.474992E-01,6.650680E-03
3.901500E+03,3.557274E-01,1.073612E-01,2.035141E-01,-2.681416E+00,1.374192E-01,-1.430845E-02
3.902000E+03,4.238896E-01,1.206557E-01,2.293534E-01,-2.571278E+00,1.259445E-01,-3.477860E-02
3.902500E+03,4.884557E-01,1.330710E-01,2.535223E-01,-2.442306E+00,1.131016E-01,-5.457631E-02
3.903000E+03,5.489037E-01,1.446404E-01,2.757876E-01,-2.295987E+00,9.893520E-02,-7.351561E-02
3.903500E+03,6.047341E-01,1.553959E-01,2.959204E-01,-2.133917E+00,8.351053E-02,-9.141001E-02
3.904000E+03,6.554733E-01,1.653649E-01,3.136990E-01,-1.957781E+00,6.691467E-02,-1.080747E-01
3.904500E+03,7.006767E-01,1.745670E-01,3.289121E-01,-1.769333E+00,4.925787E-02,-1.233292E-01
3.905000E+03,7.399335E-01,1.830119E-01,3.413623E-01,-1.570374E+00,3.067416E-02,-1.370001E-01
3.905500E+03,7.728702E-01,1.906977E-01,3.508695E-01,-1.362734E+00,1.132146E-02,-1.489239E-01
3.906000E+03,7.991557E-01,1.976093E-01,3.572740E-01,-1.148254E+00,-8.618972E-03,-1.589507E-01
3.906500E+03,8.185052E-01,2.037181E-01,3.604409E-01,-9.287712E-01,-2.894378E-02,-1.669468E-01
3.907000E+03,8.306850E-01,2.089816E-01,3.602626E-01,-7.060991E-01,-4.942933E-02,-1.727986E-01
3.907500E+03,8.355175E-01,2.133444E-01,3.566625E-01,-4.820179E-01,-6.983423E-02,-1.764152E-01
3.908000E+03,8.328848E-01,2.167391E-01,3.495978E-01,-2.582601E-01,-8.990249E-02,-1.777316E-01
3.908500E+03,8.227334E-01,2.190882E-01,3.390620E-01,-3.650053E-02,-1.093672E-01,-1.767117E-01
3.909000E+03,8.050778E-01,2.203066E-01,3.250869E-01,1.816533E-01,-1.279549E-01,-1.733503E-01
3.909500E+03,7.800036E-01,2.203040E-01,3.077445E-01,3.946691E-01,-1.453901E-01,-1.676754E-01
3.910000E+03,7.476701E-01,2.189886E-01,2.871478E-01,6.010965E-01,-1.614004E-01,-1.597493E-01
3.910500E+03,7.083122E-01,2.162700E-01,2.634514E-01,7.995725E-01,-1.757217E-01,-1.496696E-01
3.911000E+03,6.622413E-01,2.120633E-01,2.368511E-01,9.888258E-01,-1.881040E-01,-1.375694E-01
3.911500E+03,6.098454E-01,2.062924E-01,2.075828E-01,1.167681E+00,-1.983159E-01,-1.236169E-01
3.912000E+03,5.515878E-01,1.988942E-01,1.759212E-01,1.335059E+00,-2.061511E-01,-1.080137E-01
3.912500E+03,4.880050E-01,1.898217E-01,1.421773E-01,1.489985E+00,-2.114321E-01,-9.099328E-02
3.913000E+03,4.197035E-01,1.790477E-01,1.066951E-01,1.631581E+00,-2.140161E-01,-7.281799E-02
3.913500E+03,3.473549E-01,1.665675E-01,6.984836E-02,1.759076E+00,-2.137980E-01,-5.377552E-02
3.914000E+03,2.716905E-01,1.524015E-01,3.203574E-02,1.871802E+00,-2.107147E-01,-3.417474E-02
3.914500E+03,1.934940E-01,1.365974E-01,-6.323721E-03,1.969197E+00,-2.047473E-01,-1.434087E-02
3.915000E+03,1.135939E-01,1.192316E-01,-4.479612E-02,2.050804E+00,-1.959233E-01,5.389937E-03
3.915500E+03,3.285401E-02,1.004099E-01,-8.293849E-02,2.116272E+00,-1.843177E-01,2.467645E-02
3.916000E+03,-4.783628E-02,8.026741E-02,-1.203048E-01,2.165359E+00,-1.700529E-01,4.317857E-02
3.916500E+03,-1.275730E-01,5.896844E-02,-1.564525E-01,2.197927E+00,-1.532980E-01,6.056378E-02
3.917000E+03,-2.054487E-01,3.670475E-02,-1.909484E-01,2.213950E+00,-1.342666E-01,7.651365E-02
3.917500E+03,-2.805650E-01,1.369373E-02,-2.233757E-01,2.213505E+00,-1.132146E-01,9.073032E-02
3.918000E+03,-3.520442E-01,-9.824384E-03,-2.533396E-01,2.196779E+00,-9.043593E-02,1.029427E-01
3.918500E+03,-4.190417E-01,-3.358979E-02,-2.804739E-01,2.164066E+00,-6.625821E-02,1.129126E-01
3.919000E+03,-4.807584E-01,-5.732701E-02,-3.044460E-01,2.115763E+00,-4.103729E-02,1.204397E-01
3.919500E+03,-5.364524E-01,-8.074928E-02,-3.249628E-01,2.052376E+00,-1.515121E-02,1.253669E-01
3.920000E+03,-5.854502E-01,-1.035633E-01,-3.417744E-01,1.974509E+00,1.100636E-02,1.275836E-01
3.920500E+03,-6.271572E-01,-1.254743E-01,-3.546790E-01,1.882867E+00,3.703320E-02,1.270295E-01
3.921000E+03,-6.610672E-01,-1.461912E-01,-3.635254E-01,1.778251E+00,6.252579E-02,1.236964E-01
3.921500E+03,-6.867708E-01,-1.654322E-01,-3.682159E-01,1.661554E+00,8.708675E-02,1.176293E-01
3.922000E+03,-7.039622E-01,-1.829295E-01,-3.687075E-01,1.533754E+00,1.103322E-01,1.089262E-01
3.922500E+03,-7.124452E-01,-1.984350E-01,-3.650128E-01,1.395910E+00,1.318989E-01,9.773734E-02
3.923000E+03,-7.121364E-01,-2.117248E-01,-3.572001E-01,1.249154E+00,1.514512E-01,8.426251E-02
3.923500E+03,-7.030681E-01,-2.226035E-01,-3.453916E-01,1.094683E+00,1.686870E-01,6.874781E-02
3.924000E+03,-6.853881E-01,-2.309086E-01,-3.297622E-01,9.337508E-01,1.833439E-01,5.148114E-02
3.924500E+03,-6.593588E-01,-2.365134E-01,-3.105363E-01,7.676588E-01,1.952036E-01,3.278674E-02
3.925000E+03,-6.253538E-01,-2.393298E-01,-2.879842E-01,5.977442E-01,2.040961E-01,1.301889E-02
3.925500E+03,-5.838529E-01,-2.393108E-01,-2.624182E-01,4.253707E-01,2.099028E-01,-7.445161E-03
3.926000E+03,-5.354357E-01,-2.364510E-01,-2.341869E-01,2.519166E-01,2.125584E-01,-2.821285E-02
3.926500E+03,-4.807731E-01,-2.307875E-01,-2.036706E-01,7.876328E-02,2.120518E-01,-4.888436E-02
3.927000E+03,-4.206178E-01,-2.223995E-01,-1.712747E-01,-9.271673E-02,2.084258E-01,-6.906092E-02
3.927500E+03,-3.557933E-01,-2.114072E-01,-1.374237E-01,-2.611715E-01,2.017764E-01,-8.835320E-02
3.928000E+03,-2.871815E-01,-1.979696E-01,-1.025544E-01,-4.252816E-01,1.922495E-01,-1.063896E-01
3.928500E+03,-2.157102E-01,-1.822822E-01,-6.710976E-02,-5.837715E-01,1.800386E-01,-1.228239E-01
3.929000E+03,-1.423391E-01,-1.645735E-01,-3.153183E-02,-7.354210E-01,1.653801E-01,-1.373430E-01
3.929500E+03,-6.804574E-02,-1.451011E-01,3.744506E-03,-8.790753E-01,1.485481E-01,-1.496735E-01
3.930000E+03,6.188904E-03,-1.241474E-01,3.829785E-02,-1.013655E+00,1.298491E-01,-1.595872E-01
3.930500E+03,7.939457E-02,-1.020142E-01,7.172615E-02,-1.138166E+00,1.096155E-01,-1.669067E-01
3.931000E+03,1.506258E-01,-7.901841E-02,1.036521E-01,-1.251706E+00,8.819887E-02,-1.715081E-01
3.931500E+03,2.189753E-01,-5.548566E-02,1.337283E-01,-1.353474E+00,6.596307E-02,-1.733246E-01
3.932000E+03,2.835870E-01,-3.174544E-02,1.616411E-01,-1.442773E+00,4.327715E-02,-1.723470E-01
3.932500E+03,3.436671E-01,-8.125254E-03,1.871146E-01,-1.519018E+00,2.050834E-02,-1.686237E-01
3.933000E+03,3.984956E-01,1.505466E-02,2.099136E-01,-1.581738E+00,-1.984717E-03,-1.622600E-01
3.933500E+03,4.474349E-01,3.748658E-02,2.298452E-01,-1.630581E+00,-2.385850E-02,-1.534146E-01
3.934000E+03,4.899379E-01,5.888015E-02,2.467608E-01,-1.665312E+00,-4.479053E-02,-1.422962E-01
3.934500E+03,5.255545E-01,7.896685E-02,2.605566E-01,-1.685817E+00,-6.448473E-02,-1.291585E-01
3.935000E+03,5.539359E-01,9.750395E-02,2.711729E-01,-1.692098E+00,-8.267614E-02,-1.142942E-01
3.935500E+03,5.748379E-01,1.142779E-01,2.785941E-01,-1.684277E+00,-9.913471E-02,-9.802814E-02
3.936000E+03,5.881221E-01,1.291073E-01,2.828461E-01,-1.662587E+00,-1.136684E-01,-8.070970E-02
3.936500E+03,5.937555E-01,1.418447E-01,2.839951E-01,-1.627375E+00,-1.261251E-01,-6.270491E-02
3.937000E+03,5.918087E-01,1.523783E-01,2.821441E-01,-1.579092E+00,-1.363941E-01,-4.438803E-02
3.937500E+03,5.824523E-01,1.606327E-01,2.774299E-01,-1.518291E+00,-1.444062E-01,-2.613310E-02
3.938000E+03,5.659517E-01,1.665689E-01,2.700194E-01,-1.445622E+00,-1.501331E-01,-8.305620E-03
3.938500E+03,5.426614E-01,1.701840E-01,2.601058E-01,-1.361822E+00,-1.535860E-01,8.745539E-03
3.939000E+03,5.130169E-01,1.715094E-01,2.479040E-01,-1.267712E+00,-1.548134E-01,2.469567E-02
3.939500E+03,4.775268E-01,1.706095E-01,2.336463E-01,-1.164189E+00,-1.538982E-01,3.925111E-02
3.940000E+03,4.367635E-01,1.675792E-01,2.175784E-01,-1.052217E+00,-1.509542E-01,5.215532E-02
3.940500E+03,3.913528E-01,1.625409E-01,1.999545E-01,-9.328208E-01,-1.461221E-01,6.319389E-02
3.941000E+03,3.419645E-01,1.556418E-01,1.810334E-01,-8.070772E-01,-1.395654E-01,7.219858E-02
3.941500E+03,2.893007E-01,1.470497E-01,1.610740E-01,-6.761066E-01,-1.314653E-01,7.905010E-02
3.942000E+03,2.340862E-01,1.369496E-01,1.403323E-01,-5.410645E-01,-1.220167E-01,8.367966E-02
3.942500E+03,1.770572E-01,1.255401E-01,1.190570E-01,-4.031328E-01,-1.114230E-01,8.606931E-02
3.943000E+03,1.189513E-01,1.130288E-01,9.748720E-02,-2.635113E-01,-9.989186E-02,8.625104E-02
3.943500E+03,6.049768E-02,9.962883E-02,7.584922E-02,-1.234082E-01,-8.763073E-02,8.430461E-02
3.944000E+03,2.407841E-03,8.555474E-02,5.435463E-02,1.596887E-02,-7.484287E-02,8.035433E-02
3.944500E+03,-5.463318E-02,7.101905E-02,3.319838E-02,1.534218E-01,-6.172382E-02,7.456481E-02
3.945000E+03,-1.099745E-01,5.622868E-02,1.255752E-02,2.877717E-01,-4.845825E-02,6.713575E-02
3.945500E+03,-1.630062E-01,4.138183E-02,-7.409683E-03,4.178677E-01,-3.521742E-02,5.829607E-02
3.946000E+03,-2.131656E-01,2.666524E-02,-2.656417E-02,5.425970E-01,-2.215716E-02,4.829739E-02
3.946500E+03,-2.599421E-01,1.225176E-02,-4.478610E-02,6.608933E-01,-9.416470E-03,3.740718E-02
3.947000E+03,-3.028815E-01,-1.701659E-03,-6.197451E-02,7.717465E-01,2.883365E-03,2.590163E-02
3.947500E+03,-3.415888E-01,-1.505550E-02,-7.804661E-02,8.742114E-01,1.463903E-02,1.405854E-02
3.948000E+03,-3.757304E-01,-2.768879E-02,-9.293684E-02,9.674164E-01,2.576497E-02,2.150410E-03
3.948500E+03,-4.050356E-01,-3.949985E-02,-1.065957E-01,1.050572E+00,3.619263E-02,-9.562207E-03
3.949000E+03,-4.292967E-01,-5.040650E-02,-1.189882E-01,1.122979E+00,4.586939E-02,-2.083673E-02
3.949500E+03,-4.483685E-01,-6.034593E-02,-1.300926E-01,1.184034E+00,5.475704E-02,-3.145398E-02
3.950000E+03,-4.621673E-01,-6.927427E-02,-1.398987E-01,1.233238E+00,6.283009E-02,-4.122276E-02
3.950500E+03,-4.706689E-01,-7.716566E-02,-1.484064E-01,1.270204E+00,7.007386E-02,-4.998357E-02
3.951000E+03,-4.739064E-01,-8.401116E-02,-1.556237E-01,1.294655E+00,7.648243E-02,-5.761127E-02
3.951500E+03,-4.719670E-01,-8.981739E-02,-1.615657E-01,1.306437E+00,8.205671E-02,-6.401680E-02
3.952000E+03,-4.649889E-01,-9.460492E-02,-1.662531E-01,1.305513E+00,8.680243E-02,-6.914776E-02
3.952500E+03,-4.531576E-01,-9.840655E-02,-1.697109E-01,1.291973E+00,9.072838E-02,-7.298801E-02
3.953000E+03,-4.367020E-01,-1.012655E-01,-1.719671E-01,1.266026E+00,9.384485E-02,-7.555617E-02
3.953500E+03,-4.158905E-01,-1.032334E-01,-1.730523E-01,1.228004E+00,9.616230E-02,-7.690334E-02
3.954000E+03,-3.910265E-01,-1.043688E-01,-1.729987E-01,1.178359E+00,9.769036E-02,-7.710981E-02
3.954500E+03,-3.624445E-01,-1.047346E-01,-1.718396E-01,1.117656E+00,9.843717E-02,-7.628114E-02
3.955000E+03,-3.305059E-01,-1.043972E-01,-1.696094E-01,1.046572E+00,9.840912E-02,-7.454365E-02
3.955500E+03,-2.955944E-01,-1.034240E-01,-1.663430E-01,9.658823E-01,9.761084E-02,-7.203942E-02
3.956000E+03,-2.581122E-01,-1.018824E-01,-1.620765E-01,8.764597E-01,9.604568E-02,-6.892106E-02
3.956500E+03,-2.184760E-01,-9.983841E-02,-1.568467E-01,7.792592E-01,9.371635E-02,-6.534632E-02
3.957000E+03,-1.771127E-01,-9.735514E-02,-1.506919E-01,6.753099E-01,9.062599E-02,-6.147279E-02
3.957500E+03,-1.344560E-01,-9.449221E-02,-1.436525E-01,5.657017E-01,8.677935E-02,-5.745282E-02
3.958000E+03,-9.094223E-02,-9.130480E-02,-1.357707E-01,4.515735E-01,8.218423E-02,-5.342874E-02
3.958500E+03,-4.700697E-02,-8.784308E-02,-1.270919E-01,3.340991E-01,7.685293E-02,-4.952869E-02
3.959000E+03,-3.081484E-03,-8.415186E-02,-1.176645E-01,2.144735E-01,7.080386E-02,-4.586296E-02
3.959500E+03,4.041075E-02,-8.027037E-02,-1.075409E-01,9.389832E-02,6.406296E-02,-4.252117E-02
3.960000E+03,8.305733E-02,-7.623225E-02,-9.677746E-02,-2.643202E-02,5.666515E-02,-3.957018E-02
3.960500E+03,1.244601E-01,-7.206566E-02,-8.543522E-02,-1.453448E-01,4.865551E-02,-3.705287E-02
3.961000E+03,1.642385E-01,-6.779354E-02,-7.357978E-02,-2.617023E-01,4.009022E-02,-3.498782E-02
3.961500E+03,2.020323E-01,-6.343401E-02,-6.128153E-02,-3.744152E-01,3.103728E-02,-3.336982E-02
3.962000E+03,2.375045E-01,-5.900082E-02,-4.861558E-02,-4.824544E-01,2.157673E-02,-3.217128E-02
3.962500E+03,2.703447E-01,-5.450391E-02,-3.566149E-02,-5.848620E-01,1.180065E-02,-3.134435E-02
3.963000E+03,3.002708E-01,-4.994997E-02,-2.250298E-02,-6.807613E-01,1.812618E-03,-3.082383E-02
3.963500E+03,3.270324E-01,-4.534308E-02,-9.227364E-03,-7.693648E-01,-8.273162E-03,-3.053057E-02
3.964000E+03,3.504124E-01,-4.068534E-02,4.075084E-03,-8.499812E-01,-1.833321E-02,-3.037547E-02
3.964500E+03,3.702297E-01,-3.597749E-02,1.731190E-02,-9.220206E-01,-2.823649E-02,-3.026368E-02
3.965000E+03,3.863403E-01,-3.121948E-02,3.038932E-02,-9.849975E-01,-3.784648E-02,-3.009914E-02
3.965500E+03,3.986395E-01,-2.641107E-02,4.321325E-02,-1.038533E+00,-4.702364E-02,-2.978903E-02
3.966000E+03,4.070625E-01,-2.155232E-02,5.569031E-02,-1.082353E+00,-5.562803E-02,-2.924819E-02
3.966500E+03,4.115855E-01,-1.664408E-02,6.772891E-02,-1.116291E+00,-6.352223E-02,-2.840325E-02
3.967000E+03,4.122263E-01,-1.168836E-02,7.924033E-02,-1.140279E+00,-7.057436E-02,-2.719638E-02
3.967500E+03,4.090437E-01,-6.688726E-03,9.013981E-02,-1.154345E+00,-7.666112E-02,-2.558847E-02
3.968000E+03,4.021375E-01,-1.650540E-03,1.003476E-01,-1.158611E+00,-8.167080E-02,-2.356169E-02
3.968500E+03,3.916471E-01,3.418784E-03,1.097898E-01,-1.153277E+00,-8.550621E-02,-2.112134E-02
3.969000E+03,3.777503E-01,8.509619E-03,1.183995E-01,-1.138623E+00,-8.808735E-02,-1.829685E-02
3.969500E+03,3.606612E-01,1.361000E-02,1.261174E-01,-1.114992E+00,-8.935383E-02,-1.514198E-02
3.970000E+03,3.406276E-01,1.870558E-02,1.328922E-01,-1.082784E+00,-8.926687E-02,-1.173410E-02
3.970500E+03,3.179278E-01,2.377956E-02,1.386816E-01,-1.042449E+00,-8.781099E-02,-8.172664E-03
3.971000E+03,2.928676E-01,2.881272E-02,1.434522E-01,-9.944730E-01,-8.499508E-02,-4.576840E-03
3.971500E+03,2.657760E-01,3.378351E-02,1.471801E-01,-9.393699E-01,-8.085302E-02,-1.082366E-03
3.972000E+03,2.370009E-01,3.866805E-02,1.498505E-01,-8.776747E-01,-7.544378E-02,2.162255E-03
3.972500E+03,2.069046E-01,4.344028E-02,1.514579E-01,-8.099337E-01,-6.885084E-02,5.000130E-03
3.973000E+03,1.758588E-01,4.807208E-02,1.520057E-01,-7.366974E-01,-6.118112E-02,7.270814E-03
3.973500E+03,1.442395E-01,5.253343E-02,1.515060E-01,-6.585140E-01,-5.256335E-02,8.815436E-03
3.974000E+03,1.124219E-01,5.679256E-02,1.499785E-01,-5.759246E-01,-4.314589E-02,9.482000E-03
3.974500E+03,8.077488E-02,6.081617E-02,1.474508E-01,-4.894587E-01,-3.309407E-02,9.130676E-03
3.975000E+03,4.965605E-02,6.456962E-02,1.439568E-01,-3.996314E-01,-2.258707E-02,7.638940E-03
3.975500E+03,1.940660E-02,6.801722E-02,1.395366E-01,-3.069420E-01,-1.181455E-02,4.906399E-03
3.976000E+03,-9.653475E-03,7.112248E-02,1.342353E-01,-2.118732E-01,-9.728512E-04,8.591591E-04
3.976500E+03,-3.722991E-02,7.384842E-02,1.281023E-01,-1.148920E-01,9.738864E-03,-4.546410E-03
3.977000E+03,-6.305821E-02,7.615789E-02,1.211907E-01,-1.645174E-02,2.012268E-02,-1.132062E-02
3.977500E+03,-8.690724E-02,7.801400E-02,1.135559E-01,8.300592E-02,2.998594E-02,-1.943825E-02
3.978000E+03,-1.085823E-01,7.938046E-02,1.052557E-01,1.830470E-01,3.914520E-02,-2.883719E-02
3.978500E+03,-1.279274E-01,8.022209E-02,9.634901E-02,2.832414E-01,4.743000E-02,-3.941811E-02
3.979000E+03,-1.448273E-01,8.050524E-02,8.689533E-02,3.831588E-01,5.468636E-02,-5.104506E-02
3.979500E+03,-1.592084E-01,8.019837E-02,7.695444E-02,4.823636E-01,6.077996E-02,-6.354707E-02
3.980000E+03,-1.710390E-01,7.927253E-02,6.658585E-02,5.804110E-01,6.559886E-02,-7.672075E-02
3.980500E+03,-1.803292E-01,7.770198E-02,5.584844E-02,6.768428E-01,6.905574E-02,-9.033379E-02
3.981000E+03,-1.871296E-01,7.546471E-02,4.480030E-02,7.711833E-01,7.108967E-02,-1.041293E-01
3.981500E+03,-1.915295E-01,7.254310E-02,3.349855E-02,8.629367E-01,7.166721E-02,-1.178307E-01
3.982000E+03,-1.936547E-01,6.892442E-02,2.199933E-02,9.515849E-01,7.078299E-02,-1.311480E-01
3.982500E+03,-1.936640E-01,6.460146E-02,1.035781E-02,1.036586E+00,6.845965E-02,-1.437832E-01
3.983000E+03,-1.917461E-01,5.957304E-02,-1.371669E-03,1.117376E+00,6.474725E-02,-1.554374E-01
3.983500E+03,-1.881152E-01,5.384451E-02,-1.313547E-02,1.193366E+00,5.972200E-02,-1.658173E-01
3.984000E+03,-1.830064E-01,4.742820E-02,-2.488041E-02,1.263952E+00,5.348454E-02,-1.746420E-01
3.984500E+03,-1.766711E-01,4.034374E-02,-3.655354E-02,1.328510E+00,4.615770E-02,-1.816495E-01
3.985000E+03,-1.693718E-01,3.261843E-02,-4.810192E-02,1.386409E+00,3.788381E-02,-1.866030E-01
3.985500E+03,-1.613772E-01,2.428735E-02,-5.947235E-02,1.437013E+00,2.882166E-02,-1.892968E-01
3.986000E+03,-1.529566E-01,1.539350E-02,-7.061115E-02,1.479692E+00,1.914317E-02,-1.895610E-01
3.986500E+03,-1.443751E-01,5.987730E-03,-8.146402E-02,1.513827E+00,9.029828E-03,-1.872668E-01
3.987000E+03,-1.358883E-01,-3.871389E-03,-9.197587E-02,1.538823E+00,-1.330972E-03,-1.823292E-01
3.987500E+03,-1.277381E-01,-1.411786E-02,-1.020907E-01,1.554118E+00,-1.174966E-02,-1.747102E-01
3.988000E+03,-1.201477E-01,-2.467868E-02,-1.117518E-01,1.559193E+00,-2.203816E-02,-1.644203E-01
3.988500E+03,-1.133182E-01,-3.547437E-02,-1.209016E-01,1.553588E+00,-3.201345E-02,-1.515190E-01
3.989000E+03,-1.074249E-01,-4.641963E-02,-1.294817E-01,1.536907E+00,-4.150095E-02,-1.361147E-01
3.989500E+03,-1.026142E-01,-5.742418E-02,-1.374337E-01,1.508832E+00,-5.033758E-02,-1.183627E-01
3.990000E+03,-9.900167E-02,-6.839357E-02,-1.446988E-01,1.469133E+00,-5.837455E-02,-9.846304E-02
3.990500E+03,-9.666990E-02,-7.923026E-02,-1.512186E-01,1.417679E+00,-6.547976E-02,-7.665714E-02
3.991000E+03,-9.566767E-02,-8.983460E-02,-1.569355E-01,1.354447E+00,-7.153978E-02,-5.322322E-02
3.991500E+03,-9.600941E-02,-1.001061E-01,-1.617932E-01,1.279524E+00,-7.646138E-02,-2.847141E-02
3.992000E+03,-9.767540E-02,-1.099443E-01,-1.657372E-01,1.193120E+00,-8.017262E-02,-2.737980E-03
3.992500E+03,-1.006126E-01,-1.192504E-01,-1.687155E-01,1.095571E+00,-8.262349E-02,2.362081E-02
3.993000E+03,-1.047359E-01,-1.279282E-01,-1.706793E-01,9.873360E-01,-8.378600E-02,5.023535E-02
3.993500E+03,-1.099303E-01,-1.358851E-01,-1.715835E-01,8.690051E-01,-8.365399E-02,7.672944E-02
3.994000E+03,-1.160533E-01,-1.430337E-01,-1.713876E-01,7.412934E-01,-8.224237E-02,1.027272E-01
3.994500E+03,-1.229376E-01,-1.492924E-01,-1.700562E-01,6.050391E-01,-7.958608E-02,1.278597E-01
3.995000E+03,-1.303946E-01,-1.545868E-01,-1.675597E-01,4.611979E-01,-7.573869E-02,1.517719E-01
3.995500E+03,-1.382179E-01,-1.588499E-01,-1.638748E-01,3.108356E-01,-7.077073E-02,1.741281E-01
3.996000E+03,-1.461872E-01,-1.620238E-01,-1.589856E-01,1.551187E-01,-6.476775E-02,1.946186E-01
3.996500E+03,-1.540724E-01,-1.640596E-01,-1.528835E-01,-4.696868E-03,-5.782829E-02,2.129640E-01
3.997000E+03,-1.616374E-01,-1.649181E-01,-1.455680E-01,-1.672786E-01,-5.006164E-02,2.289199E-01
3.997500E+03,-1.686447E-01,-1.645701E-01,-1.370472E-01,-3.312317E-01,-4.158561E-02,2.422806E-01
3.998000E+03,-1.748594E-01,-1.629969E-01,-1.273382E-01,-4.951142E-01,-3.252429E-02,2.528819E-01
3.998500E+03,-1.800530E-01,-1.601898E-01,-1.164672E-01,-6.574542E-01,-2.300583E-02,2.606028E-01
3.999000E+03,-1.840074E-01,-1.561505E-01,-1.044701E-01,-8.167666E-01,-1.316034E-02,2.653671E-01
3.999500E+03,-1.865189E-01,-1.508906E-01,-9.139232E-02,-9.715708E-01,-3.117899E-03,2.671432E-01
4.000000E+03,-1.874010E-01,-1.444316E-01,-7.728924E-02,-1.120409E+00,6.993218E-03,2.659435E-01
4.000500E+03,-1.864879E-01,-1.368040E-01,-6.222617E-02,-1.261863E+00,1.704818E-02,2.618234E-01
4.001000E+03,-1.836372E-01,-1.280470E-01,-4.627834E-02,-1.394573E+00,2.692698E-02,2.548786E-01
4.001500E+03,-1.787322E-01,-1.182083E-01,-2.953088E-02,-1.517252E+00,3.651562E-02,2.452428E-01
4.002000E+03,-1.716840E-01,-1.073427E-01,-1.207870E-02,-1.628704E+00,4.570710E-02,2.330843E-01
4.002500E+03,-1.624331E-01,-9.551226E-02,5.973712E-03,-1.727837E+00,5.440208E-02,2.186018E-01
4.003000E+03,-1.509506E-01,-8.278505E-02,2.451251E-02,-1.813676E+00,6.250949E-02,2.020206E-01
4.003500E+03,-1.372391E-01,-6.923489E-02,4.341483E-02,-1.885375E+00,6.994678E-02,1.835882E-01
4.004000E+03,-1.213328E-01,-5.494064E-02,6.254918E-02,-1.942224E+00,7.664020E-02,1.635691E-01
4.004500E+03,-1.032979E-01,-3.998567E-02,8.177591E-02,-1.983663E+00,8.252473E-02,1.422408E-01
4.005000E+03,-8.323205E-02,-2.445742E-02,1.009478E-01,-2.009280E+00,8.754404E-02,1.198888E-01
4.005500E+03,-6.126356E-02,-8.446996E-03,1.199107E-01,-2.018821E+00,9.165035E-02,9.680224E-02
4.006000E+03,-3.755036E-02,7.951111E-03,1.385043E-01,-2.012187E+00,9.480418E-02,7.326952E-02
4.006500E+03,-1.227859E-02,2.463929E-02,1.565631E-01,-1.989437E+00,9.697409E-02,4.957432E-02
4.007000E+03,1.433913E-02,4.151691E-02,1.739174E-01,-1.950783E+00,9.813653E-02,2.599200E-02
4.007500E+03,4.206580E-02,5.848046E-02,1.903942E-01,-1.896587E+00,9.827555E-02,2.786261E-03
4.008000E+03,7.064226E-02,7.542350E-02,2.058189E-01,-1.827355E+00,9.738270E-02,-1.979363E-02
4.008500E+03,9.978978E-02,9.223668E-02,2.200165E-01,-1.743729E+00,9.545691E-02,-4.151526E-02
4.009000E+03,1.292128E-01,1.088077E-01,2.328130E-01,-1.646476E+00,9.250449E-02,-6.216501E-02
4.009500E+03,1.586020E-01,1.250213E-01,2.440377E-01,-1.536482E+00,8.853920E-02,-8.154955E-02
4.010000E+03,1.876374E-01,1.407591E-01,2.535243E-01,-1.414733E+00,8.358237E-02,-9.949686E-02
4.010500E+03,2.159917E-01,1.558999E-01,2.611135E-01,-1.282311E+00,7.766312E-02,-1.158569E-01
4.011000E+03,2.433337E-01,1.703196E-01,2.666549E-01,-1.140374E+00,7.081862E-02,-1.305020E-01
4.011500E+03,2.693321E-01,1.838916E-01,2.700092E-01,-9.901479E-01,6.309438E-02,-1.433265E-01
4.012000E+03,2.936591E-01,1.964869E-01,2.710504E-01,-8.329079E-01,5.454461E-02,-1.542467E-01
4.012500E+03,3.159938E-01,2.079751E-01,2.696684E-01,-6.699682E-01,4.523247E-02,-1.632003E-01
4.013000E+03,3.360269E-01,2.182248E-01,2.657714E-01,-5.026673E-01,3.523037E-02,-1.701453E-01
4.013500E+03,3.534636E-01,2.271047E-01,2.592880E-01,-3.323547E-01,2.462018E-02,-1.750597E-01
4.014000E+03,3.680281E-01,2.344846E-01,2.501695E-01,-1.603793E-01,1.349328E-02,-1.779397E-01
4.014500E+03,3.794669E-01,2.402370E-01,2.383925E-01,1.192342E-02,1.950571E-03,-1.787995E-01
4.015000E+03,3.875529E-01,2.442386E-01,2.239605E-01,1.832416E-01,-9.897738E-03,-1.776698E-01
4.015500E+03,3.920887E-01,2.463719E-01,2.069059E-01,3.522976E-01,-2.193251E-02,-1.745967E-01
4.016000E+03,3.929102E-01,2.465278E-01,1.872918E-01,5.178564E-01,-3.402628E-02,-1.696411E-01
4.016500E+03,3.898895E-01,2.446071E-01,1.652129E-01,6.787344E-01,-4.604404E-02,-1.628777E-01
4.017000E+03,3.829382E-01,2.405234E-01,1.407967E-01,8.338057E-01,-5.784429E-02,-1.543940E-01
4.017500E+03,3.720097E-01,2.342050E-01,1.142040E-01,9.820083E-01,-6.928038E-02,-1.442897E-01
4.018000E+03,3.571018E-01,2.255981E-01,8.562889E-02,1.122349E+00,-8.020197E-02,-1.326763E-01
4.018500E+03,3.382583E-01,2.146684E-01,5.529824E-02,1.253908E+00,-9.045682E-02,-1.196761E-01
4.019000E+03,3.155704E-01,2.014046E-01,2.347101E-02,1.375840E+00,-9.989280E-02,-1.054220E-01
4.019500E+03,2.891776E-01,1.858197E-01,-9.563428E-03,1.487379E+00,-1.083600E-01,-9.005688E-02
4.020000E+03,2.592682E-01,1.679539E-01,-4.348726E-02,1.587838E+00,-1.157131E-01,-7.373323E-02
4.020500E+03,2.260789E-01,1.478761E-01,-7.795686E-02,1.676611E+00,-1.218137E-01,-5.661245E-02
4.021000E+03,1.898938E-01,1.256859E-01,-1.126060E-01,1.753175E+00,-1.265332E-01,-3.886445E-02
4.021500E+03,1.510431E-01,1.015142E-01,-1.470495E-01,1.817084E+00,-1.297549E-01,-2.066691E-02
4.022000E+03,1.099005E-01,7.552452E-02,-1.808875E-01,1.867979E+00,-1.313769E-01,-2.204571E-03
4.022500E+03,6.688076E-02,4.791317E-02,-2.137103E-01,1.905577E+00,-1.313144E-01,1.633172E-02
4.023000E+03,2.243576E-02,1.890876E-02,-2.451033E-01,1.929680E+00,-1.295023E-01,3.474606E-02
4.023500E+03,-2.294976E-02,-1.122846E-02,-2.746527E-01,1.940169E+00,-1.258969E-01,5.283873E-02
4.024000E+03,-6.876305E-02,-4.220816E-02,-3.019512E-01,1.937004E+00,-1.204783E-01,7.040769E-02
4.024500E+03,-1.144690E-01,-7.371201E-02,-3.266042E-01,1.920229E+00,-1.132518E-01,8.725016E-02
4.025000E+03,-1.595162E-01,-1.053965E-01,-3.482354E-01,1.889965E+00,-1.042492E-01,1.031645E-01
4.025500E+03,-2.033438E-01,-1.368962E-01,-3.664937E-01,1.846416E+00,-9.352966E-02,1.179523E-01
4.026000E+03,-2.453884E-01,-1.678282E-01,-3.810588E-01,1.789868E+00,-8.118031E-02,1.314205E-01
4.026500E+03,-2.850915E-01,-1.977961E-01,-3.916471E-01,1.720686E+00,-6.731609E-02,1.433837E-01
4.027000E+03,-3.219076E-01,-2.263957E-01,-3.980172E-01,1.639321E+00,-5.207931E-02,1.536669E-01
4.027500E+03,-3.553116E-01,-2.532205E-01,-3.999753E-01,1.546303E+00,-3.563870E-02,1.621076E-01
4.028000E+03,-3.848072E-01,-2.778676E-01,-3.973795E-01,1.442250E+00,-1.818780E-02,1.685589E-01
4.028500E+03,-4.099343E-01,-2.999441E-01,-3.901440E-01,1.327860E+00,5.694127E-05,1.728919E-01
4.029000E+03,-4.302773E-01,-3.190737E-01,-3.782421E-01,1.203914E+00,1.885875E-02,1.749980E-01
4.029500E+03,-4.454717E-01,-3.349035E-01,-3.617091E-01,1.071279E+00,3.796344E-02,1.747916E-01
4.030000E+03,-4.552115E-01,-3.471102E-01,-3.406434E-01,9.308976E-01,5.710289E-02,1.722124E-01
4.030500E+03,-4.592553E-01,-3.554070E-01,-3.152073E-01,7.837957E-01,7.599874E-02,1.672271E-01
4.031000E+03,-4.574318E-01,-3.595496E-01,-2.856268E-01,6.310728E-01,9.436661E-02,1.598316E-01
4.031500E+03,-4.496448E-01,-3.593420E-01,-2.521899E-01,4.739000E-01,1.119204E-01,1.500520E-01
4.032000E+03,-4.358764E-01,-3.546419E-01,-2.152444E-01,3.135148E-01,1.283770E-01,1.379460E-01
4.032500E+03,-4.161904E-01,-3.453652E-01,-1.751947E-01,1.512144E-01,1.434610E-01,1.236034E-01
4.033000E+03,-3.907335E-01,-3.314898E-01,-1.324967E-01,-1.165213E-02,1.569092E-01,1.071459E-01
4.033500E+03,-3.597359E-01,-3.130588E-01,-8.765334E-02,-1.736929E-01,1.684757E-01,8.872762E-02
4.034000E+03,-3.235100E-01,-2.901821E-01,-4.120746E-02,-3.334836E-01,1.779364E-01,6.853352E-02
4.034500E+03,-2.824491E-01,-2.630379E-01,6.264689E-03,-4.895789E-01,1.850932E-01,4.677843E-02
4.035000E+03,-2.370230E-01,-2.318721E-01,5.416143E-02,-6.405259E-01,1.897782E-01,2.370505E-02
4.035500E+03,-1.877739E-01,-1.969973E-01,1.018640E-01,-7.848775E-01,1.918575E-01,-4.183499E-04
4.036000E+03,-1.353103E-01,-1.587902E-01,1.487454E-01,-9.212081E-01,1.912342E-01,-2.530090E-02
4.036500E+03,-8.029947E-02,-1.176878E-01,1.941797E-01,-1.048129E+00,1.878513E-01,-5.063245E-02
4.037000E+03,-2.345973E-02,-7.418298E-02,2.375510E-01,-1.164304E+00,1.816936E-01,-7.608738E-02
4.037500E+03,3.444940E-02,-2.881844E-02,2.782633E-01,-1.268470E+00,1.727893E-01,-1.013288E-01
4.038000E+03,9.263717E-02,1.782032E-02,3.157495E-01,-1.359449E+00,1.612104E-01,-1.260133E-01
4.038500E+03,1.502927E-01,6.511276E-02,3.494803E-01,-1.436167E+00,1.470733E-01,-1.497952E-01
4.039000E+03,2.065965E-01,1.124120E-01,3.789731E-01,-1.497673E+00,1.305374E-01,-1.723324E-01
4.039500E+03,2.607327E-01,1.590545E-01,4.037996E-01,-1.543152E+00,1.118038E-01,-1.932909E-01
4.040000E+03,3.119009E-01,2.043694E-01,4.235929E-01,-1.571939E+00,9.111305E-02,-2.123504E-01
4.040500E+03,3.593290E-01,2.476897E-01,4.380543E-01,-1.583536E+00,6.874196E-02,-2.292092E-01
4.041000E+03,4.022853E-01,2.883625E-01,4.469582E-01,-1.577621E+00,4.500002E-02,-2.435895E-01
4.041500E+03,4.400898E-01,3.257595E-01,4.501566E-01,-1.554057E+00,2.022490E-02,-2.552422E-01
4.042000E+03,4.721263E-01,3.592877E-01,4.475820E-01,-1.512905E+00,-5.222555E-03,-2.639514E-01
4.042500E+03,4.978523E-01,3.883998E-01,4.392493E-01,-1.454423E+00,-3.096382E-02,-2.695387E-01
4.043000E+03,5.168088E-01,4.126034E-01,4.252562E-01,-1.379072E+00,-5.660865E-02,-2.718667E-01
4.043500E+03,5.286286E-01,4.314706E-01,4.057825E-01,-1.287515E+00,-8.176135E-02,-2.708423E-01
4.044000E+03,5.330439E-01,4.446455E-01,3.810882E-01,-1.180614E+00,-1.060273E-01,-2.664192E-01
4.044500E+03,5.298915E-01,4.518514E-01,3.515095E-01,-1.059426E+00,-1.290196E-01,-2.585997E-01
4.045000E+03,5.191172E-01,4.528972E-01,3.174547E-01,-9.251908E-01,-1.503656E-01,-2.474361E-01
4.045500E+03,5.007784E-01,4.476812E-01,2.793980E-01,-7.793217E-01,-1.697138E-01,-2.330306E-01
4.046000E+03,4.750447E-01,4.361949E-01,2.378729E-01,-6.233896E-01,-1.867394E-01,-2.155352E-01
4.046500E+03,4.421969E-01,4.185242E-01,1.934637E-01,-4.591062E-01,-2.011511E-01,-1.951502E-01
4.047000E+03,4.026245E-01,3.948498E-01,1.467974E-01,-2.883037E-01,-2.126957E-01,-1.721224E-01
4.047500E+03,3.568208E-01,3.654457E-01,9.853359E-02,-1.129135E-01,-2.211637E-01,-1.467419E-01
4.048000E+03,3.053768E-01,3.306760E-01,4.935491E-02,6.505863E-02,-2.263930E-01,-1.193383E-01
4.048500E+03,2.489732E-01,2.909905E-01,-4.384901E-05,2.435573E-01,-2.282726E-01,-9.027691E-02
4.049000E+03,1.883710E-01,2.469184E-01,-4.896618E-02,4.205047E-01,-2.267447E-01,-5.995279E-02
4.049500E+03,1.244004E-01,1.990611E-01,-9.672468E-02,5.938279E-01,-2.218072E-01,-2.878560E-02
4.050000E+03,5.794900E-02,1.480833E-01,-1.426516E-01,7.614868E-01,-2.135136E-01,2.786868E-03
4.050500E+03,-1.005163E-02,9.470278E-02,-1.861092E-01,9.215016E-01,-2.019731E-01,3.431540E-02
4.051000E+03,-7.863991E-02,3.968008E-02,-2.264995E-01,1.071980E+00,-1.873493E-01,6.534636E-02
4.051500E+03,-1.468390E-01,-1.619371E-02,-2.632733E-01,1.211144E+00,-1.698580E-01,9.542897E-02
4.052000E+03,-2.136715E-01,-7.210911E-02,-2.959389E-01,1.337354E+00,-1.497639E-01,1.241226E-01
4.052500E+03,-2.781753E-01,-1.272510E-01,-3.240692E-01,1.449131E+00,-1.273764E-01,1.510042E-01
4.053000E+03,-3.394180E-01,-1.808115E-01,-3.473081E-01,1.545178E+00,-1.030449E-01,1.756751E-01
4.053500E+03,-3.965118E-01,-2.320032E-01,-3.653760E-01,1.624398E+00,-7.715290E-02,1.977684E-01
4.054000E+03,-4.486279E-01,-2.800711E-01,-3.780732E-01,1.685909E+00,-5.011168E-02,2.169548E-01
4.054500E+03,-4.950092E-01,-3.243057E-01,-3.852832E-01,1.729057E+00,-2.235323E-02,2.329488E-01
4.055000E+03,-5.349830E-01,-3.640535E-01,-3.869734E-01,1.753420E+00,5.676974E-03,2.455139E-01
4.055500E+03,-5.679714E-01,-3.987283E-01,-3.831955E-01,1.758820E+00,3.352776E-02,2.544668E-01
4.056000E+03,-5.935007E-01,-4.278205E-01,-3.740839E-01,1.745319E+00,6.075002E-02,2.596811E-01
4.056500E+03,-6.112094E-01,-4.509051E-01,-3.598528E-01,1.713218E+00,8.690460E-02,2.610898E-01
4.057000E+03,-6.208538E-01,-4.676488E-01,-3.407924E-01,1.663052E+00,1.115700E-01,2.586868E-01
4.057500E+03,-6.223118E-01,-4.778154E-01,-3.172637E-01,1.595584E+00,1.343497E-01,2.525276E-01
4.058000E+03,-6.155856E-01,-4.812691E-01,-2.896920E-01,1.511785E+00,1.548794E-01,2.427287E-01
4.058500E+03,-6.008009E-01,-4.779774E-01,-2.585597E-01,1.412825E+00,1.728332E-01,2.294656E-01
4.059000E+03,-5.782053E-01,-4.680106E-01,-2.243981E-01,1.300053E+00,1.879295E-01,2.129704E-01
4.059500E+03,-5.481644E-01,-4.515410E-01,-1.877786E-01,1.174975E+00,1.999358E-01,1.935278E-01
4.060000E+03,-5.111553E-01,-4.288399E-01,-1.493030E-01,1.039234E+00,2.086732E-01,1.714705E-01
4.060500E+03,-4.677593E-01,-4.002727E-01,-1.095939E-01,8.945837E-01,2.140187E-01,1.471731E-01
4.061000E+03,-4.186525E-01,-3.662929E-01,-6.928426E-02,7.428621E-01,2.159081E-01,1.210462E-01
4.061500E+03,-3.645941E-01,-3.274347E-01,-2.900764E-02,5.859675E-01,2.143364E-01,9.352853E-02
4.062000E+03,-3.064147E-01,-2.843040E-01,1.061225E-02,4.258302E-01,2.093580E-01,6.507987E-02
4.062500E+03,-2.450028E-01,-2.375681E-01,4.897126E-02,2.643860E-01,2.010853E-01,3.617238E-02
4.063000E+03,-1.812897E-01,-1.879453E-01,8.549415E-02,1.035498E-01,1.896864E-01,7.282405E-03
4.063500E+03,-1.162352E-01,-1.361931E-01,1.196435E-01,-5.480955E-02,1.753821E-01,-2.111808E-02
4.064000E+03,-5.081188E-02,-8.309569E-02,1.509277E-01,-2.088935E-01,1.584412E-01,-4.856993E-02
4.064500E+03,1.401083E-02,-2.945150E-02,1.789084E-01,-3.569967E-01,1.391759E-01,-7.463507E-02
4.065000E+03,7.728164E-02,2.393939E-02,2.032069E-01,-4.975269E-01,1.179353E-01,-9.890428E-02
4.065500E+03,1.380828E-01,7.628796E-02,2.235090E-01,-6.290244E-01,9.509933E-02,-1.210045E-01
4.066000E+03,1.955444E-01,1.268286E-01,2.395697E-01,-7.501775E-01,7.107158E-02,-1.406053E-01
4.066500E+03,2.488579E-01,1.748307E-01,2.512161E-01,-8.598361E-01,4.627175E-02,-1.574249E-01
4.067000E+03,2.972889E-01,2.196101E-01,2.583488E-01,-9.570231E-01,2.112807E-02,-1.712345E-01
4.067500E+03,3.401877E-01,2.605392E-01,2.609433E-01,-1.040942E+00,-3.930473E-03,-1.818625E-01
4.068000E+03,3.769995E-01,2.970559E-01,2.590484E-01,-1.110982E+00,-2.848179E-02,-1.891968E-01
4.068500E+03,4.072719E-01,3.286720E-01,2.527853E-01,-1.166722E+00,-5.211817E-02,-1.931864E-01
4.069000E+03,4.306615E-01,3.549798E-01,2.423441E-01,-1.207929E+00,-7.445334E-02,-1.938416E-01
4.069500E+03,4.469383E-01,3.756574E-01,2.279799E-01,-1.234557E+00,-9.512910E-02,-1.912332E-01
4.070000E+03,4.559879E-01,3.904727E-01,2.100082E-01,-1.246740E+00,-1.138213E-01,-1.854901E-01
4.070500E+03,4.578120E-01,3.992859E-01,1.887982E-01,-1.244788E+00,-1.302449E-01,-1.767965E-01
4.071000E+03,4.525275E-01,4.020502E-01,1.647670E-01,-1.229174E+00,-1.441589E-01,-1.653873E-01
4.071500E+03,4.403627E-01,3.988117E-01,1.383716E-01,-1.200526E+00,-1.553693E-01,-1.515428E-01
4.072000E+03,4.216527E-01,3.897067E-01,1.101011E-01,-1.159613E+00,-1.637319E-01,-1.355828E-01
4.072500E+03,3.968322E-01,3.749591E-01,8.046882E-02,-1.107331E+00,-1.691541E-01,-1.178600E-01
4.073000E+03,3.664279E-01,3.548749E-01,5.000308E-02,-1.044689E+00,-1.715956E-01,-9.875210E-02
4.073500E+03,3.310479E-01,3.298369E-01,1.923898E-02,-9.727940E-01,-1.710674E-01,-7.865463E-02
4.074000E+03,2.913718E-01,3.002972E-01,-1.129053E-02,-8.928302E-01,-1.676313E-01,-5.797265E-02
4.074500E+03,2.481380E-01,2.667696E-01,-4.106312E-02,-8.060476E-01,-1.613973E-01,-3.711283E-02
4.075000E+03,2.021315E-01,2.298204E-01,-6.957537E-02,-7.137421E-01,-1.525207E-01,-1.647557E-02
4.075500E+03,1.541703E-01,1.900596E-01,-9.635058E-02,-6.172400E-01,-1.411979E-01,3.552709E-03
4.076000E+03,1.050922E-01,1.481301E-01,-1.209461E-01,-5.178805E-01,-1.276627E-01,2.260671E-02
4.076500E+03,5.574073E-02,1.046980E-01,-1.429601E-01,-4.170002E-01,-1.121807E-01,4.034891E-02
4.077000E+03,6.951581E-03,6.044203E-02,-1.620373E-01,-3.159175E-01,-9.504379E-02,5.647543E-02
4.077500E+03,-4.046052E-02,1.604319E-02,-1.778744E-01,-2.159173E-01,-7.656495E-02,7.072113E-02
4.078000E+03,-8.571461E-02,-2.782571E-02,-1.902242E-01,-1.182374E-01,-5.707172E-02,8.286379E-02
4.078500E+03,-1.280755E-01,-7.050986E-02,-1.988988E-01,-2.405487E-02,-3.690041E-02,9.272723E-02
4.079000E+03,-1.668647E-01,-1.113820E-01,-2.037721E-01,6.552578E-02,-1.639005E-02,1.001835E-01
4.079500E+03,-2.014706E-01,-1.498512E-01,-2.047814E-01,1.494841E-01,4.123438E-03,1.051538E-01
4.080000E+03,-2.313569E-01,-1.853712E-01,-2.019272E-01,2.268938E-01,2.431283E-02,1.076088E-01
4.080500E+03,-2.560703E-01,-2.174479E-01,-1.952732E-01,2.969316E-01,4.386477E-02,1.075673E-01
4.081000E+03,-2.752464E-01,-2.456455E-01,-1.849442E-01,3.588849E-01,6.248455E-02,1.050945E-01
4.081500E+03,-2.886139E-01,-2.695922E-01,-1.711242E-01,4.121589E-01,7.990034E-02,1.002990E-01
4.082000E+03,-2.959978E-01,-2.889848E-01,-1.540522E-01,4.562815E-01,9.586682E-02,9.332902E-02
4.082500E+03,-2.973207E-01,-3.035918E-01,-1.340189E-01,4.909077E-01,1.101682E-01,8.436820E-02
4.083000E+03,-2.926027E-01,-3.132559E-01,-1.113610E-01,5.158221E-01,1.226208E-01,7.363047E-02
4.083500E+03,-2.819595E-01,-3.178952E-01,-8.645633E-02,5.309408E-01,1.330743E-01,6.135462E-02
4.084000E+03,-2.655997E-01,-3.175034E-01,-5.971712E-02,5.363116E-01,1.414134E-01,4.779861E-02
4.084500E+03,-2.438198E-01,-3.121487E-01,-3.158373E-02,5.321124E-01,1.475577E-01,3.323364E-02
4.085000E+03,-2.169992E-01,-3.019715E-01,-2.517618E-03,5.186490E-01,1.514620E-01,1.793817E-02
4.085500E+03,-1.855926E-01,-2.871823E-01,2.700590E-02,4.963512E-01,1.531151E-01,2.192149E-03
4.086000E+03,-1.501226E-01,-2.680570E-01,5.650495E-02,4.657674E-01,1.525391E-01,-1.372862E-02
4.086500E+03,-1.111707E-01,-2.449322E-01,8.549856E-02,4.275578E-01,1.497870E-01,-2.955770E-02
4.087000E+03,-6.936814E-02,-2.182003E-01,1.135139E-01,3.824867E-01,1.449410E-01,-4.504274E-02
4.087500E+03,-2.538549E-02,-1.883026E-01,1.400934E-01,3.314126E-01,1.381101E-01,-5.994977E-02
4.088000E+03,2.007755E-02,-1.557230E-01,1.648019E-01,2.752781E-01,1.294271E-01,-7.406667E-02
4.088500E+03,6.630286E-02,-1.209801E-01,1.872326E-01,2.150975E-01,1.190460E-01,-8.720618E-02
4.089000E+03,1.125647E-01,-8.462040E-02,2.070136E-01,1.519441E-01,1.071387E-01,-9.920799E-02
4.089500E+03,1.581405E-01,-4.720934E-02,2.238131E-01,8.693589E-02,9.389227E-02,-1.099403E-01
4.090000E+03,2.023211E-01,-9.323849E-03,2.373442E-01,2.122095E-02,7.950546E-02,-1.193004E-01
4.090500E+03,2.444209E-01,2.845621E-02,2.473696E-01,-4.403857E-02,6.418602E-02,-1.272149E-01
4.091000E+03,2.837878E-01,6.555619E-02,2.537042E-01,-1.076825E-01,4.814761E-02,-1.336389E-01
4.091500E+03,3.198118E-01,1.014147E-01,2.562185E-01,-1.685694E-01,3.160697E-02,-1.385552E-01
4.092000E+03,3.519335E-01,1.354916E-01,2.548402E-01,-2.255930E-01,1.478133E-02,-1.419718E-01
4.092500E+03,3.796513E-01,1.672753E-01,2.495550E-01,-2.776991E-01,-2.114076E-03,-1.439207E-01
4.093000E+03,4.025283E-01,1.962900E-01,2.404073E-01,-3.239017E-01,-1.886832E-02,-1.444545E-01
4.093500E+03,4.201976E-01,2.221023E-01,2.274990E-01,-3.632987E-01,-3.527684E-02,-1.436441E-01
4.094000E+03,4.323668E-01,2.443271E-01,2.109883E-01,-3.950866E-01,-5.114333E-02,-1.415756E-01
4.094500E+03,4.388218E-01,2.626330E-01,1.910873E-01,-4.185743E-01,-6.628147E-02,-1.383473E-01
4.095000E+03,4.394287E-01,2.767469E-01,1.680591E-01,-4.331949E-01,-8.051641E-02,-1.340667E-01
4.095500E+03,4.341354E-01,2.864577E-01,1.422137E-01,-4.385167E-01,-9.368617E-02,-1.288474E-01
4.096000E+03,4.229715E-01,2.916192E-01,1.139039E-01,-4.342516E-01,-1.056428E-01,-1.228068E-01
4.096500E+03,4.060477E-01,2.921526E-01,8.351987E-02,-4.202616E-01,-1.162536E-01,-1.160631E-01
4.097000E+03,3.835534E-01,2.880469E-01,5.148380E-02,-3.965636E-01,-1.254017E-01,-1.087336E-01
4.097500E+03,3.557539E-01,2.793596E-01,1.824360E-02,-3.633306E-01,-1.329875E-01,-1.009325E-01
4.098000E+03,3.229861E-01,2.662161E-01,-1.573343E-02,-3.208916E-01,-1.389289E-01,-9.276947E-02
4.098500E+03,2.856540E-01,2.488073E-01,-4.996740E-02,-2.697281E-01,-1.431620E-01,-8.434860E-02
4.099000E+03,2.442226E-01,2.273877E-01,-8.397276E-02,-2.104687E-01,-1.456420E-01,-7.576755E-02
4.099500E+03,1.992114E-01,2.022710E-01,-1.172653E-01,-1.438807E-01,-1.463434E-01,-6.711711E-02
4.100000E+03,1.511872E-01,1.738267E-01,-1.493694E-01,-7.085913E-02,-1.452605E-01,-5.848111E-02
4.100500E+03,1.007563E-01,1.424738E-01,-1.798245E-01,7.585756E-03,-1.424075E-01,-4.993652E-02
4.101000E+03,4.855610E-02,1.086755E-01,-2.081923E-01,9.034399E-02,-1.378186E-01,-4.155387E-02
4.101500E+03,-4.753333E-03,7.293211E-02,-2.340631E-01,1.762227E-01,-1.315484E-01,-3.339774E-02
4.102000E+03,-5.849842E-02,3.577379E-02,-2.570614E-01,2.639647E-01,-1.236710E-01,-2.552746E-02
4.102500E+03,-1.120011E-01,-2.247152E-03,-2.768519E-01,3.522683E-01,-1.142804E-01,-1.799777E-02
4.103000E+03,-1.645878E-01,-4.056455E-02,-2.931446E-01,4.398083E-01,-1.034893E-01,-1.085958E-02
4.103500E+03,-2.155986E-01,-7.860685E-02,-3.056985E-01,5.252572E-01,-9.142855E-02,-4.160538E-03
4.104000E+03,-2.643961E-01,-1.158058E-01,-3.143256E-01,6.073066E-01,-7.824598E-02,2.054373E-03
4.104500E+03,-3.103738E-01,-1.516049E-01,-3.188940E-01,6.846887E-01,-6.410517E-02,7.742492E-03
4.105000E+03,-3.529641E-01,-1.854685E-01,-3.193293E-01,7.561972E-01,-4.918373E-02,1.286327E-02
4.105500E+03,-3.916460E-01,-2.168893E-01,-3.156163E-01,8.207066E-01,-3.367145E-02,1.737827E-02
4.106000E+03,-4.259519E-01,-2.453971E-01,-3.077989E-01,8.771906E-01,-1.776812E-02,2.125141E-02
4.106500E+03,-4.554737E-01,-2.705656E-01,-2.959799E-01,9.247391E-01,-1.681094E-03,2.444938E-02
4.107000E+03,-4.798680E-01,-2.920198E-01,-2.803191E-01,9.625722E-01,1.437735E-02,2.694231E-02
4.107500E+03,-4.988607E-01,-3.094413E-01,-2.610311E-01,9.900530E-01,3.019290E-02,2.870457E-02
4.108000E+03,-5.122505E-01,-3.225744E-01,-2.383824E-01,1.006697E+00,4.555228E-02,2.971577E-02
4.108500E+03,-5.199107E-01,-3.312296E-01,-2.126867E-01,1.012179E+00,6.024636E-02,2.996182E-02
4.109000E+03,-5.217915E-01,-3.352869E-01,-1.843010E-01,1.006339E+00,7.407349E-02,2.943604E-02
4.109500E+03,-5.179192E-01,-3.346983E-01,-1.536194E-01,9.891795E-01,8.684267E-02,2.814034E-02
4.110000E+03,-5.083961E-01,-3.294882E-01,-1.210678E-01,9.608688E-01,9.837685E-02,2.608627E-02
4.110500E+03,-4.933982E-01,-3.197537E-01,-8.709684E-02,9.217335E-01,1.085159E-01,2.329597E-02
4.111000E+03,-4.731724E-01,-3.056624E-01,-5.217542E-02,8.722525E-01,1.171197E-01,1.980298E-02
4.111500E+03,-4.480321E-01,-2.874504E-01,-1.678334E-02,8.130469E-01,1.240704E-01,1.565278E-02
4.112000E+03,-4.183526E-01,-2.654181E-01,1.859601E-02,7.448686E-01,1.292752E-01,1.090307E-02
4.112500E+03,-3.845650E-01,-2.399254E-01,5.348305E-02,6.685861E-01,1.326680E-01,5.623757E-03
4.113000E+03,-3.471497E-01,-2.113857E-01,8.740931E-02,5.851685E-01,1.342109E-01,-1.034356E-04
4.113500E+03,-3.066287E-01,-1.802590E-01,1.199246E-01,4.956690E-01,1.338950E-01,-6.185695E-03
4.114000E+03,-2.635578E-01,-1.470445E-01,1.506036E-01,4.012061E-01,1.317412E-01,-1.252023E-02
4.114500E+03,-2.185183E-01,-1.122714E-01,1.790528E-01,3.029451E-01,1.277997E-01,-1.899572E-02
4.115000E+03,-1.721080E-01,-7.649090E-02,2.049158E-01,2.020793E-01,1.221496E-01,-2.549415E-02
4.115500E+03,-1.249326E-01,-4.026614E-02,2.278787E-01,9.981038E-02,1.148973E-01,-3.189289E-02
4.116000E+03,-7.759649E-02,-4.162970E-03,2.476746E-01,-2.669565E-03,1.061748E-01,-3.806706E-02
4.116500E+03,-3.069406E-02,3.125981E-02,2.640874E-01,-1.041960E-01,9.613722E-02,-4.389213E-02
4.117000E+03,1.519882E-02,6.545988E-02,2.769545E-01,-2.036483E-01,8.496002E-02,-4.924661E-02
4.117500E+03,5.953299E-02,9.792068E-02,2.861688E-01,-2.999651E-01,7.283541E-02,-5.401481E-02
4.118000E+03,1.017935E-01,1.281601E-01,2.916793E-01,-3.921576E-01,5.996877E-02,-5.808960E-02
4.118500E+03,1.415067E-01,1.557385E-01,2.934914E-01,-4.793213E-01,4.657458E-02,-6.137507E-02
4.119000E+03,1.782461E-01,1.802662E-01,2.916661E-01,-5.606451E-01,3.287212E-02,-6.378896E-02
4.119500E+03,2.116376E-01,2.014099E-01,2.863176E-01,-6.354195E-01,1.908121E-02,-6.526490E-02
4.120000E+03,2.413641E-01,2.188975E-01,2.776105E-01,-7.030412E-01,5.417713E-03,-6.575428E-02
4.120500E+03,2.671681E-01,2.325231E-01,2.657565E-01,-7.630166E-01,-7.910663E-03,-6.522766E-02
4.121000E+03,2.888546E-01,2.421492E-01,2.510098E-01,-8.149627E-01,-2.070851E-02,-6.367584E-02
4.121500E+03,3.062913E-01,2.477089E-01,2.336615E-01,-8.586060E-01,-3.279649E-02,-6.111031E-02
4.122000E+03,3.194091E-01,2.492060E-01,2.140346E-01,-8.937797E-01,-4.401480E-02,-5.756325E-02
4.122500E+03,3.282007E-01,2.467141E-01,1.924769E-01,-9.204190E-01,-5.422606E-02,-5.308693E-02
4.123000E+03,3.327183E-01,2.403741E-01,1.693554E-01,-9.385555E-01,-6.331776E-02,-4.775259E-02
4.123500E+03,3.330706E-01,2.303910E-01,1.450485E-01,-9.483093E-01,-7.120402E-02,-4.164882E-02
4.124000E+03,3.294187E-01,2.170291E-01,1.199400E-01,-9.498810E-01,-7.782675E-02,-3.487938E-02
4.124500E+03,3.219710E-01,2.006061E-01,9.441129E-02,-9.435428E-01,-8.315607E-02,-2.756068E-02
4.125000E+03,3.109778E-01,1.814863E-01,6.883562E-02,-9.296289E-01,-8.719013E-02,-1.981878E-02
4.125500E+03,2.967254E-01,1.600734E-01,4.357100E-02,-9.085259E-01,-8.995409E-02,-1.178623E-02
4.126000E+03,2.795290E-01,1.368018E-01,1.895456E-02,-8.806630E-01,-9.149860E-02,-3.598587E-03
4.126500E+03,2.597265E-01,1.121281E-01,-4.702958E-03,-8.465029E-01,-9.189750E-02,4.609098E-03
4.127000E+03,2.376713E-01,8.652210E-02,-2.712194E-02,-8.065329E-01,-9.124511E-02,1.270580E-02
4.127500E+03,2.137254E-01,6.045742E-02,-4.805796E-02,-7.612565E-01,-8.965286E-02,2.056796E-02
4.128000E+03,1.882531E-01,3.440258E-02,-6.730501E-02,-7.111863E-01,-8.724569E-02,2.808268E-02
4.128500E+03,1.616143E-01,8.812020E-03,-8.469783E-02,-6.568375E-01,-8.415798E-02,3.515063E-02
4.129000E+03,1.341585E-01,-1.588234E-02,-1.001134E-01,-5.987225E-01,-8.052946E-02,4.168854E-02
4.129500E+03,1.062200E-01,-3.927893E-02,-1.134716E-01,-5.373464E-01,-7.650087E-02,4.763120E-02
4.130000E+03,7.811281E-02,-6.101370E-02,-1.247345E-01,-4.732035E-01,-7.220980E-02,5.293294E-02
4.130500E+03,5.012692E-02,-8.076627E-02,-1.339055E-01,-4.067757E-01,-6.778660E-02,5.756846E-02
4.131000E+03,2.252528E-02,-9.826517E-02,-1.410271E-01,-3.385302E-01,-6.335059E-02,6.153305E-02
4.131500E+03,-4.458418E-03,-1.132920E-01,-1.461777E-01,-2.689197E-01,-5.900669E-02,6.484214E-02
4.132000E+03,-3.062105E-02,-1.256841E-01,-1.494685E-01,-1.983824E-01,-5.484243E-02,6.753022E-02
4.132500E+03,-5.579049E-02,-1.353367E-01,-1.510389E-01,-1.273428E-01,-5.092562E-02,6.964909E-02
4.133000E+03,-7.982517E-02,-1.422028E-01,-1.510517E-01,-5.621292E-02,-4.730258E-02,7.126558E-02
4.133500E+03,-1.026128E-01,-1.462931E-01,-1.496883E-01,1.460571E-02,-4.399711E-02,7.245875E-02
4.134000E+03,-1.240686E-01,-1.476732E-01,-1.471429E-01,8.472070E-02,-4.101015E-02,7.331660E-02
4.134500E+03,-1.441322E-01,-1.464610E-01,-1.436175E-01,1.537468E-01,-3.832013E-02,7.393251E-02
4.135000E+03,-1.627652E-01,-1.428225E-01,-1.393156E-01,2.213046E-01,-3.588416E-02,7.440140E-02
4.135500E+03,-1.799467E-01,-1.369664E-01,-1.344374E-01,2.870190E-01,-3.363980E-02,7.481583E-02
4.136000E+03,-1.956701E-01,-1.291384E-01,-1.291742E-01,3.505184E-01,-3.150750E-02,7.526205E-02
4.136500E+03,-2.099388E-01,-1.196145E-01,-1.237041E-01,4.114348E-01,-2.939373E-02,7.581626E-02
4.137000E+03,-2.227620E-01,-1.086938E-01,-1.181871E-01,4.694036E-01,-2.719447E-02,7.654106E-02
4.137500E+03,-2.341505E-01,-9.669117E-02,-1.127619E-01,5.240646E-01,-2.479916E-02,7.748238E-02
4.138000E+03,-2.441136E-01,-8.392957E-02,-1.075426E-01,5.750638E-01,-2.209498E-02,7.866683E-02
4.138500E+03,-2.526552E-01,-7.073231E-02,-1.026164E-01,6.220558E-01,-1.897126E-02,8.009966E-02
4.139000E+03,-2.597708E-01,-5.741572E-02,-9.804224E-02,6.647061E-01,-1.532387E-02,8.176343E-02
4.139500E+03,-2.654457E-01,-4.428200E-02,-9.384999E-02,7.026950E-01,-1.105968E-02,8.361740E-02
4.140000E+03,-2.696527E-01,-3.161266E-02,-9.004067E-02,7.357215E-01,-6.100636E-03,8.559768E-02
4.140500E+03,-2.723517E-01,-1.966253E-02,-8.658739E-02,7.635072E-01,-3.875877E-04,8.761825E-02
4.141000E+03,-2.734893E-01,-8.654641E-03,-8.343710E-02,7.858015E-01,6.116366E-03,8.957270E-02
4.141500E+03,-2.729994E-01,1.224061E-03,-8.051307E-02,8.023855E-01,1.342311E-02,9.133680E-02
4.142000E+03,-2.708046E-01,9.826038E-03,-7.771809E-02,8.130770E-01,2.151739E-02,9.277173E-02
4.142500E+03,-2.668186E-01,1.704542E-02,-7.493816E-02,8.177352E-01,3.035545E-02,9.372805E-02
4.143000E+03,-2.609488E-01,2.281923E-02,-7.204672E-02,8.162642E-01,3.986445E-02,9.405008E-02
4.143500E+03,-2.530999E-01,2.712747E-02,-6.890928E-02,8.086174E-01,4.994269E-02,9.358084E-02
4.144000E+03,-2.431782E-01,2.999224E-02,-6.538818E-02,7.947999E-01,6.046071E-02,9.216721E-02
4.144500E+03,-2.310956E-01,3.147576E-02,-6.134759E-02,7.748713E-01,7.126322E-02,8.966524E-02
4.145000E+03,-2.167748E-01,3.167743E-02,-5.665841E-02,7.489475E-01,8.217179E-02,8.594554E-02
4.145500E+03,-2.001540E-01,3.073009E-02,-5.120311E-02,7.172008E-01,9.298837E-02,8.089841E-02
4.146000E+03,-1.811921E-01,2.879542E-02,-4.488020E-02,6.798602E-01,1.034994E-01,7.443877E-02
4.146500E+03,-1.598732E-01,2.605881E-02,-3.760841E-02,6.372101E-01,1.134805E-01,6.651051E-02
4.147000E+03,-1.362116E-01,2.272358E-02,-2.933023E-02,5.895881E-01,1.227017E-01,5.709032E-02
4.147500E+03,-1.102553E-01,1.900503E-02,-2.001504E-02,5.373820E-01,1.309330E-01,4.619078E-02
4.148000E+03,-8.209019E-02,1.512408E-02,-9.661339E-03,4.810257E-01,1.379500E-01,3.386253E-02
4.148500E+03,-5.184220E-02,1.130108E-02,1.701609E-03,4.209948E-01,1.435398E-01,2.019558E-02
4.149000E+03,-1.967978E-02,7.749563E-03,1.401303E-02,3.578006E-01,1.475067E-01,5.319569E-03
4.149500E+03,1.418528E-02,4.670360E-03,2.718068E-02,2.919841E-01,1.496775E-01,-1.059702E-02
4.150000E+03,4.949774E-02,2.246107E-03,4.108174E-02,2.241096E-01,1.499070E-01,-2.734871E-02
4.150500E+03,8.595991E-02,6.362938E-04,5.556457E-02,1.547571E-01,1.480821E-01,-4.469595E-02
4.151000E+03,1.232338E-01,-2.702052E-05,7.045115E-02,8.451556E-02,1.441260E-01,-6.236903E-02
4.151500E+03,1.609441E-01,3.572755E-04,8.554037E-02,1.397539E-02,1.380014E-01,-8.007290E-02
4.152000E+03,1.986826E-01,1.856674E-03,1.006119E-01,-5.627899E-02,1.297129E-01,-9.749294E-02
4.152500E+03,2.360135E-01,4.503282E-03,1.154308E-01,-1.256760E-01,1.193081E-01,-1.143013E-01
4.153000E+03,2.724791E-01,8.292998E-03,1.297521E-01,-1.936638E-01,1.068784E-01,-1.301641E-01
4.153500E+03,3.076073E-01,1.318564E-02,1.433267E-01,-2.597163E-01,9.255833E-02,-1.447484E-01
4.154000E+03,3.409189E-01,1.910604E-02,1.559063E-01,-3.233389E-01,7.652390E-02,-1.577304E-01
4.154500E+03,3.719360E-01,2.594599E-02,1.672493E-01,-3.840737E-01,5.899021E-02,-1.688030E-01
4.155000E+03,4.001904E-01,3.356712E-02,1.771264E-01,-4.415032E-01,4.020786E-02,-1.776831E-01
4.155500E+03,4.252326E-01,4.180447E-02,1.853258E-01,-4.952540E-01,2.045863E-02,-1.841190E-01
4.156000E+03,4.466404E-01,5.047084E-02,1.916585E-01,-5.449993E-01,5.032461E-05,-1.878975E-01
4.156500E+03,4.640275E-01,5.936157E-02,1.959627E-01,-5.904603E-01,-2.068903E-02,-1.888495E-01
4.157000E+03,4.770519E-01,6.825992E-02,1.981081E-01,-6.314071E-01,-4.141759E-02,-1.868553E-01
4.157500E+03,4.854234E-01,7.694261E-02,1.979992E-01,-6.676585E-01,-6.178644E-02,-1.818490E-01
4.158000E+03,4.889106E-01,8.518563E-02,1.955781E-01,-6.990814E-01,-8.144665E-02,-1.738215E-01
4.158500E+03,4.873471E-01,9.277002E-02,1.908264E-01,-7.255885E-01,-1.000564E-01,-1.628222E-01
4.159000E+03,4.806360E-01,9.948748E-02,1.837659E-01,-7.471366E-01,-1.172882E-01,-1.489600E-01
4.159500E+03,4.687540E-01,1.051459E-01,1.744594E-01,-7.637231E-01,-1.328354E-01,-1.324022E-01
4.160000E+03,4.517538E-01,1.095740E-01,1.630092E-01,-7.753830E-01,-1.464190E-01,-1.133729E-01
4.160500E+03,4.297652E-01,1.126263E-01,1.495560E-01,-7.821850E-01,-1.577938E-01,-9.214906E-02
4.161000E+03,4.029947E-01,1.141867E-01,1.342762E-01,-7.842272E-01,-1.667530E-01,-6.905668E-02
4.161500E+03,3.717235E-01,1.141711E-01,1.173786E-01,-7.816329E-01,-1.731334E-01,-4.446455E-02
4.162000E+03,3.363045E-01,1.125306E-01,9.910051E-02,-7.745464E-01,-1.768188E-01,-1.877773E-02
4.162500E+03,2.971577E-01,1.092522E-01,7.970314E-02,-7.631285E-01,-1.777426E-01,7.570063E-03
4.163000E+03,2.547639E-01,1.043597E-01,5.946631E-02,-7.475528E-01,-1.758893E-01,3.412490E-02
4.163500E+03,2.096576E-01,9.791305E-02,3.868302E-02,-7.280009E-01,-1.712956E-01,6.042145E-02
4.164000E+03,1.624186E-01,9.000731E-02,1.765359E-02,-7.046599E-01,-1.640492E-01,8.599230E-02
4.164500E+03,1.136630E-01,8.077041E-02,-3.320276E-03,-6.777181E-01,-1.542877E-01,1.103773E-01
4.165000E+03,6.403271E-02,7.036026E-02,-2.394149E-02,-6.473631E-01,-1.421956E-01,1.331330E-01
4.165500E+03,1.418510E-02,5.896102E-02,-4.392338E-02,-6.137790E-01,-1.280009E-01,1.538415E-01
4.166000E+03,-3.521820E-02,4.677883E-02,-6.299525E-02,-5.771448E-01,-1.119706E-01,1.721195E-01
4.166500E+03,-8.352247E-02,3.403692E-02,-8.090759E-02,-5.376330E-01,-9.440502E-02,1.876256E-01
4.167000E+03,-1.300910E-01,2.097041E-02,-9.743667E-02,-4.954091E-01,-7.563213E-02,2.000679E-01
4.167500E+03,-1.743160E-01,7.820707E-03,-1.123886E-01,-4.506314E-01,-5.600076E-02,2.092100E-01
4.168000E+03,-2.156290E-01,-5.170177E-03,-1.256027E-01,-4.034515E-01,-3.587362E-02,2.148760E-01
4.168500E+03,-2.535104E-01,-1.776531E-02,-1.369539E-01,-3.540149E-01,-1.562000E-02,2.169541E-01
4.169000E+03,-2.874985E-01,-2.973842E-02,-1.463548E-01,-3.024625E-01,4.391565E-03,2.153990E-01
4.169500E+03,-3.171968E-01,-4.087920E-02,-1.537560E-01,-2.489324E-01,2.380072E-02,2.102333E-01
4.170000E+03,-3.422810E-01,-5.099819E-02,-1.591466E-01,-1.935621E-01,4.226238E-02,2.015467E-01
4.170500E+03,-3.625037E-01,-5.993121E-02,-1.625530E-01,-1.364907E-01,5.945354E-02,1.894947E-01
4.171000E+03,-3.776984E-01,-6.754303E-02,-1.640373E-01,-7.786181E-02,7.507957E-02,1.742953E-01
4.171500E+03,-3.877814E-01,-7.373049E-02,-1.636946E-01,-1.782623E-02,8.887987E-02,1.562247E-01
4.172000E+03,-3.927524E-01,-7.842471E-02,-1.616500E-01,4.345498E-02,1.006328E-01,1.356119E-01
4.172500E+03,-3.926938E-01,-8.159249E-02,-1.580547E-01,1.058076E-01,1.101599E-01,1.128321E-01
4.173000E+03,-3.877680E-01,-8.323682E-02,-1.530816E-01,1.690413E-01,1.173287E-01,8.829930E-02
4.173500E+03,-3.782132E-01,-8.339655E-02,-1.469201E-01,2.329467E-01,1.220554E-01,6.245796E-02
4.174000E+03,-3.643382E-01,-8.214506E-02,-1.397716E-01,2.972933E-01,1.243058E-01,3.577442E-02
4.174500E+03,-3.465156E-01,-7.958821E-02,-1.318438E-01,3.618263E-01,1.240954E-01,8.727692E-03
4.175000E+03,-3.251739E-01,-7.586141E-02,-1.233455E-01,4.262656E-01,1.214885E-01,-1.819989E-02
4.175500E+03,-3.007889E-01,-7.112594E-02,-1.144813E-01,4.903035E-01,1.165965E-01,-4.453197E-02
4.176000E+03,-2.738735E-01,-6.556471E-02,-1.054467E-01,5.536042E-01,1.095752E-01,-6.980729E-02
4.176500E+03,-2.449680E-01,-5.937739E-02,-9.642326E-02,6.158032E-01,1.006205E-01,-9.358843E-02
4.177000E+03,-2.146293E-01,-5.277521E-02,-8.757463E-02,6.765074E-01,8.996467E-02,-1.154700E-01
4.177500E+03,-1.834199E-01,-4.597538E-02,-7.904262E-02,7.352959E-01,7.787048E-02,-1.350862E-01
4.178000E+03,-1.518974E-01,-3.919545E-02,-7.094438E-02,7.917217E-01,6.462584E-02,-1.521171E-01
4.178500E+03,-1.206038E-01,-3.264753E-02,-6.337003E-02,8.453141E-01,5.053741E-02,-1.662947E-01
4.179000E+03,-9.005550E-02,-2.653280E-02,-5.638111E-02,8.955818E-01,3.592406E-02,-1.774072E-01
4.179500E+03,-6.073427E-02,-2.103612E-02,-5.000992E-02,9.420164E-01,2.111011E-02,-1.853026E-01
4.180000E+03,-3.307837E-02,-1.632113E-02,-4.425950E-02,9.840978E-01,6.418577E-03,-1.898905E-01
4.180500E+03,-7.475295E-03,-1.252587E-02,-3.910458E-02,1.021299E+00,-7.835547E-03,-1.911435E-01
4.181000E+03,1.574453E-02,-9.758991E-03,-3.449323E-02,1.053093E+00,-2.135173E-02,-1.890965E-01
4.181500E+03,3.631276E-02,-8.096706E-03,-3.034920E-02,1.078960E+00,-3.385002E-02,-1.838455E-01
4.182000E+03,5.402680E-02,-7.580562E-03,-2.657502E-02,1.098393E+00,-4.507660E-02,-1.755447E-01
4.182500E+03,6.875193E-02,-8.216071E-03,-2.305560E-02,1.110909E+00,-5.480886E-02,-1.644030E-01
4.183000E+03,8.042212E-02,-9.972243E-03,-1.966238E-02,1.116055E+00,-6.285968E-02,-1.506790E-01
4.183500E+03,8.903930E-02,-1.278205E-02,-1.625781E-02,1.113418E+00,-6.908098E-02,-1.346754E-01
4.184000E+03,9.467119E-02,-1.654383E-02,-1.270013E-02,1.102636E+00,-7.336644E-02,-1.167328E-01
4.184500E+03,9.744785E-02,-2.112352E-02,-8.848270E-03,1.083402E+00,-7.565326E-02,-9.722228E-02
4.185000E+03,9.755688E-02,-2.635787E-02,-4.566790E-03,1.055481E+00,-7.592316E-02,-7.653813E-02
4.185500E+03,9.523751E-02,-3.205827E-02,2.693294E-04,1.018709E+00,-7.420222E-02,-5.508995E-02
4.186000E+03,9.077371E-02,-3.801543E-02,5.770096E-03,9.730104E-01,-7.056006E-02,-3.329460E-02
4.186500E+03,8.448634E-02,-4.400453E-02,1.202629E-02,9.184005E-01,-6.510791E-02,-1.156811E-02
4.187000E+03,7.672476E-02,-4.979091E-02,1.910572E-02,8.549930E-01,-5.799595E-02,9.682183E-03
4.187500E+03,6.785787E-02,-5.513609E-02,2.705000E-02,7.830060E-01,-4.940984E-02,3.006531E-02
4.188000E+03,5.826493E-02,-5.980397E-02,3.587204E-02,7.027665E-01,-3.956654E-02,4.921384E-02
4.188500E+03,4.832621E-02,-6.356709E-02,4.555420E-02,6.147126E-01,-2.870948E-02,6.679057E-02
4.189000E+03,3.841388E-02,-6.621282E-02,5.604726E-02,5.193951E-01,-1.710324E-02,8.249451E-02
4.189500E+03,2.888315E-02,-6.754923E-02,6.727013E-02,4.174769E-01,-5.027848E-03,9.606606E-02
4.190000E+03,2.006396E-02,-6.741068E-02,7.911050E-02,3.097303E-01,7.227280E-03,1.072914E-01
4.190500E+03,1.225333E-02,-6.566281E-02,9.142616E-02,1.970326E-01,1.936950E-02,1.160061E-01
4.191000E+03,5.708644E-03,-6.220689E-02,1.040472E-01,8.035985E-02,3.110917E-02,1.220971E-01
4.191500E+03,6.418504E-04,-5.698340E-02,1.167790E-01,-3.922211E-02,4.216578E-02,1.255048E-01
4.192000E+03,-2.785163E-03,-4.997483E-02,1.294059E-01,-1.605679E-01,5.227386E-02,1.262230E-01
4.192500E+03,-4.463990E-03,-4.120738E-02,1.416952E-01,-2.824652E-01,6.118862E-02,1.242987E-01
4.193000E+03,-4.341841E-03,-3.075186E-02,1.534022E-01,-4.036492E-01,6.869099E-02,1.198302E-01
4.193500E+03,-2.422352E-03,-1.872342E-02,1.642752E-01,-5.228183E-01,7.459234E-02,1.129648E-01
4.194000E+03,1.234942E-03,-5.280321E-03,1.740611E-01,-6.386521E-01,7.873834E-02,1.038954E-01
4.194500E+03,6.516447E-03,9.378371E-03,1.825111E-01,-7.498293E-01,8.101222E-02,9.285624E-02
4.195000E+03,1.325763E-02,2.501603E-02,1.893863E-01,-8.550481E-01,8.133727E-02,8.011783E-02
4.195500E+03,2.124733E-02,4.136266E-02,1.944633E-01,-9.530459E-01,7.967841E-02,6.598158E-02
4.196000E+03,3.023314E-02,5.811999E-02,1.975398E-01,-1.042620E+00,7.604298E-02,5.077352E-02
4.196500E+03,3.992781E-02,7.496721E-02,1.984398E-01,-1.122647E+00,7.048063E-02,3.483786E-02
4.197000E+03,5.001643E-02,9.156746E-02,1.970178E-01,-1.192104E+00,6.308235E-02,1.853010E-02
4.197500E+03,6.016428E-02,1.075747E-01,1.931637E-01,-1.250087E+00,5.397861E-02,2.210129E-03
4.198000E+03,7.002515E-02,1.226411E-01,1.868054E-01,-1.295827E+00,4.333673E-02,-1.376486E-02
4.198500E+03,7.925005E-02,1.364242E-01,1.779123E-01,-1.328708E+00,3.135748E-02,-2.904723E-02
4.199000E+03,8.749585E-02,1.485951E-01,1.664969E-01,-1.348279E+00,1.827098E-02,-4.330565E-02
4.199500E+03,9.443399E-02,1.588449E-01,1.526157E-01,-1.354267E+00,4.332020E-03,-5.623139E-02
4.200000E+03,9.975881E-02,1.668926E-01,1.363699E-01,-1.346583E+00,-1.018513E-02,-6.754428E-02
4.200500E+03,1.031954E-01,1.724913E-01,1.179044E-01,-1.325329E+00,-2.499236E-02,-7.699797E-02
4.201000E+03,1.045070E-01,1.754345E-01,9.740643E-02,-1.290802E+00,-3.979355E-02,-8.438468E-02
4.201500E+03,1.035010E-01,1.755611E-01,7.510289E-02,-1.243490E+00,-5.429065E-02,-8.953905E-02
4.202000E+03,1.000350E-01,1.727601E-01,5.125732E-02,-1.184070E+00,-6.818977E-02,-9.234129E-02
4.202500E+03,9.402061E-02,1.669738E-01,2.616581E-02,-1.113397E+00,-8.120716E-02,-9.271939E-02
4.203000E+03,8.542690E-02,1.582008E-01,1.523531E-04,-1.032497E+00,-9.307500E-02,-9.065045E-02
4.203500E+03,7.428239E-02,1.464963E-01,-2.643649E-02,-9.425485E-01,-1.035469E-01,-8.616105E-02
4.204000E+03,6.067553E-02,1.319733E-01,-5.323732E-02,-8.448673E-01,-1.124028E-01,-7.932667E-02
4.204500E+03,4.475406E-02,1.148007E-01,-7.987607E-02,-7.408853E-01,-1.194536E-01,-7.027021E-02
4.205000E+03,2.672302E-02,9.520175E-02,-1.059744E-01,-6.321272E-01,-1.245448E-01,-5.915954E-02
4.205500E+03,6.841391E-03,7.345023E-02,-1.311563E-01,-5.201862E-01,-1.275600E-01,-4.620427E-02
4.206000E+03,-1.458233E-02,4.986629E-02,-1.550546E-01,-4.066973E-01,-1.284225E-01,-3.165166E-02
4.206500E+03,-3.719579E-02,2.481096E-02,-1.773172E-01,-2.933093E-01,-1.270976E-01,-1.578179E-02
4.207000E+03,-6.060941E-02,-1.320125E-03,-1.976138E-01,-1.816570E-01,-1.235928E-01,1.097818E-03
4.207500E+03,-8.440381E-02,-2.810381E-02,-2.156410E-01,-7.333256E-02,-1.179575E-01,1.865819E-02
4.208000E+03,-1.081380E-01,-5.509711E-02,-2.311281E-01,3.014229E-02,-1.102822E-01,3.655527E-02
4.208500E+03,-1.313583E-01,-8.184536E-02,-2.438418E-01,1.273428E-01,-1.006962E-01,5.443654E-02
4.209000E+03,-1.536070E-01,-1.078907E-01,-2.535902E-01,2.169666E-01,-8.936514E-02,7.194789E-02
4.209500E+03,-1.744320E-01,-1.327808E-01,-2.602259E-01,2.978562E-01,-7.648754E-02,8.874042E-02
4.210000E+03,-1.933958E-01,-1.560771E-01,-2.636489E-01,3.690200E-01,-6.229036E-02,1.044772E-01
4.210500E+03,-2.100844E-01,-1.773637E-01,-2.638081E-01,4.296491E-01,-4.702454E-02,1.188396E-01
4.211000E+03,-2.241160E-01,-1.962551E-01,-2.607022E-01,4.791315E-01,-3.095973E-02,1.315338E-01
4.211500E+03,-2.351490E-01,-2.124033E-01,-2.543791E-01,5.170621E-01,-1.437881E-02,1.422959E-01
4.212000E+03,-2.428888E-01,-2.255053E-01,-2.449355E-01,5.432491E-01,2.427953E-03,1.508973E-01
4.212500E+03,-2.470947E-01,-2.353084E-01,-2.325150E-01,5.577162E-01,1.916871E-02,1.571486E-01
4.213000E+03,-2.475844E-01,-2.416155E-01,-2.173048E-01,5.607004E-01,3.555591E-02,1.609036E-01
4.213500E+03,-2.442387E-01,-2.442888E-01,-1.995332E-01,5.526459E-01,5.131203E-02,1.620615E-01
4.214000E+03,-2.370039E-01,-2.432528E-01,-1.794648E-01,5.341943E-01,6.617498E-02,1.605688E-01
4.214500E+03,-2.258936E-01,-2.384958E-01,-1.573958E-01,5.061705E-01,7.990317E-02,1.564200E-01
4.215000E+03,-2.109888E-01,-2.300702E-01,-1.336494E-01,4.695651E-01,9.228006E-02,1.496573E-01
4.215500E+03,-1.924369E-01,-2.180918E-01,-1.085694E-01,4.255144E-01,1.031182E-01,1.403696E-01
4.216000E+03,-1.704491E-01,-2.027376E-01,-8.251469E-02,3.752764E-01,1.122623E-01,1.286900E-01
4.216500E+03,-1.452970E-01,-1.842427E-01,-5.585318E-02,3.202058E-01,1.195923E-01,1.147934E-01
4.217000E+03,-1.173077E-01,-1.628961E-01,-2.895543E-02,2.617265E-01,1.250245E-01,9.889222E-02
4.217500E+03,-8.685795E-02,-1.390348E-01,-2.188661E-03,2.013035E-01,1.285130E-01,8.123192E-02
4.218000E+03,-5.436747E-02,-1.130387E-01,2.408924E-02,1.404137E-01,1.300496E-01,6.208604E-02
4.218500E+03,-2.029121E-02,-8.532232E-02,4.953538E-02,8.051728E-02,1.296632E-01,4.175037E-02
4.219000E+03,1.488873E-02,-5.632833E-02,7.382715E-02,2.302930E-02,1.274186E-01,2.053695E-02
4.219500E+03,5.067172E-02,-2.651882E-02,9.666709E-02,-3.070713E-02,1.234135E-01,-1.232236E-03
4.220000E+03,8.654759E-02,3.632811E-03,1.177872E-01,-7.944617E-02,1.177766E-01,-2.323167E-02
4.220500E+03,1.220056E-01,3.365040E-02,1.369524E-01,-1.220621E-01,1.106632E-01,-4.513865E-02
4.221000E+03,1.565432E-01,6.306348E-02,1.539639E-01,-1.575698E-01,1.022518E-01,-6.663950E-02
4.221500E+03,1.896751E-01,9.141559E-02,1.686612E-01,-1.851415E-01,9.273920E-02,-8.743546E-02
4.222000E+03,2.209411E-01,1.182721E-01,1.809236E-01,-2.041207E-01,8.233618E-02,-1.072481E-01
4.222500E+03,2.499136E-01,1.432279E-01,1.906713E-01,-2.140326E-01,7.126217E-02,-1.258241E-01
4.223000E+03,2.762050E-01,1.659136E-01,1.978651E-01,-2.145897E-01,5.974049E-02,-1.429398E-01
4.223500E+03,2.994731E-01,1.860022E-01,2.025057E-01,-2.056949E-01,4.799332E-02,-1.584042E-01
4.224000E+03,3.194267E-01,2.032137E-01,2.046328E-01,-1.874398E-01,3.623692E-02,-1.720621E-01
4.224500E+03,3.358288E-01,2.173195E-01,2.043224E-01,-1.600996E-01,2.467717E-02,-1.837957E-01
4.225000E+03,3.485005E-01,2.281454E-01,2.016845E-01,-1.241246E-01,1.350544E-02,-1.935255E-01
4.225500E+03,3.573216E-01,2.355739E-01,1.968599E-01,-8.012815E-02,2.894909E-03,-2.012103E-01
4.226000E+03,3.622322E-01,2.395449E-01,1.900166E-01,-2.887189E-02,-7.002450E-03,-2.068466E-01
4.226500E+03,3.632314E-01,2.400555E-01,1.813458E-01,2.875183E-02,-1.605840E-02,-2.104669E-01
4.227000E+03,3.603758E-01,2.371592E-01,1.710575E-01,9.173946E-02,-2.417022E-02,-2.121372E-01
4.227500E+03,3.537771E-01,2.309634E-01,1.593761E-01,1.589975E-01,-3.126186E-02,-2.119539E-01
4.228000E+03,3.435983E-01,2.216263E-01,1.465360E-01,2.293650E-01,-3.728436E-02,-2.100403E-01
4.228500E+03,3.300489E-01,2.093528E-01,1.327766E-01,3.016365E-01,-4.221560E-02,-2.065425E-01
4.229000E+03,3.133804E-01,1.943899E-01,1.183386E-01,3.745855E-01,-4.605934E-02,-2.016244E-01
4.229500E+03,2.938799E-01,1.770213E-01,1.034589E-01,4.469875E-01,-4.884374E-02,-1.954634E-01
4.230000E+03,2.718641E-01,1.575611E-01,8.836688E-02,5.176417E-01,-5.061923E-02,-1.882457E-01
4.230500E+03,2.476729E-01,1.363476E-01,7.328085E-02,5.853924E-01,-5.145592E-02,-1.801609E-01
4.231000E+03,2.216625E-01,1.137367E-01,5.840443E-02,6.491479E-01,-5.144059E-02,-1.713978E-01
4.231500E+03,1.941987E-01,9.009542E-02,4.392379E-02,7.078984E-01,-5.067344E-02,-1.621396E-01
4.232000E+03,1.656507E-01,6.579461E-02,3.000521E-02,7.607302E-01,-4.926450E-02,-1.525605E-01
4.232500E+03,1.363844E-01,4.120285E-02,1.679314E-02,8.068390E-01,-4.733006E-02,-1.428214E-01
4.233000E+03,1.067565E-01,1.667998E-02,4.408868E-03,8.455397E-01,-4.498898E-02,-1.330676E-01
4.233500E+03,7.710942E-02,-7.428798E-03,-7.050351E-03,8.762735E-01,-4.235922E-02,-1.234259E-01
4.234000E+03,4.776632E-02,-3.079826E-02,-1.751161E-02,8.986123E-01,-3.955441E-02,-1.140033E-01
4.234500E+03,1.902684E-02,-5.312803E-02,-2.692613E-02,9.122607E-01,-3.668084E-02,-1.048860E-01
4.235000E+03,-8.836148E-03,-7.414668E-02,-3.526858E-02,9.170551E-01,-3.383476E-02,-9.613879E-02
4.235500E+03,-3.557931E-02,-9.361519E-02,-4.253598E-02,9.129607E-01,-3.110002E-02,-8.780579E-02
4.236000E+03,-6.099069E-02,-1.113296E-01,-4.874606E-02,9.000656E-01,-2.854637E-02,-7.991137E-02
4.236500E+03,-8.489083E-02,-1.271229E-01,-5.393545E-02,8.785737E-01,-2.622810E-02,-7.246175E-02
4.237000E+03,-1.071331E-01,-1.408661E-01,-5.815746E-02,8.487957E-01,-2.418331E-02,-6.544717E-02
4.237500E+03,-1.276035E-01,-1.524685E-01,-6.147962E-02,8.111383E-01,-2.243376E-02,-5.884445E-02
4.238000E+03,-1.462194E-01,-1.618776E-01,-6.398114E-02,7.660929E-01,-2.098512E-02,-5.261989E-02
4.238500E+03,-1.629281E-01,-1.690775E-01,-6.575014E-02,7.142237E-01,-1.982788E-02,-4.673236E-02
4.239000E+03,-1.777048E-01,-1.740874E-01,-6.688098E-02,6.561544E-01,-1.893863E-02,-4.113657E-02
4.239500E+03,-1.905499E-01,-1.769592E-01,-6.747149E-02,5.925565E-01,-1.828176E-02,-3.578623E-02
4.240000E+03,-2.014861E-01,-1.777748E-01,-6.762040E-02,5.241361E-01,-1.781157E-02,-3.063718E-02
4.240500E+03,-2.105558E-01,-1.766426E-01,-6.742478E-02,4.516225E-01,-1.747457E-02,-2.565027E-02
4.241000E+03,-2.178172E-01,-1.736943E-01,-6.697784E-02,3.757571E-01,-1.721200E-02,-2.079387E-02
4.241500E+03,-2.233416E-01,-1.690805E-01,-6.636678E-02,2.972830E-01,-1.696250E-02,-1.604607E-02
4.242000E+03,-2.272102E-01,-1.629676E-01,-6.567107E-02,2.169361E-01,-1.666466E-02,-1.139629E-02
4.242500E+03,-2.295106E-01,-1.555332E-01,-6.496092E-02,1.354373E-01,-1.625966E-02,-6.846448E-03
4.243000E+03,-2.303346E-01,-1.469626E-01,-6.429611E-02,5.348593E-02,-1.569362E-02,-2.411487E-03
4.243500E+03,-2.297755E-01,-1.374447E-01,-6.372517E-02,-2.824569E-02,-1.491978E-02,1.880621E-03
4.244000E+03,-2.279256E-01,-1.271686E-01,-6.328482E-02,-1.091158E-01,-1.390038E-02,5.989500E-03
4.244500E+03,-2.248748E-01,-1.163204E-01,-6.299978E-02,-1.885164E-01,-1.260810E-02,9.863540E-03
4.245000E+03,-2.207092E-01,-1.050801E-01,-6.288293E-02,-2.658742E-01,-1.102718E-02,1.344158E-02
4.245500E+03,-2.155097E-01,-9.361900E-02,-6.293563E-02,-3.406520E-01,-9.154089E-03,1.665505E-02
4.246000E+03,-2.093519E-01,-8.209753E-02,-6.314843E-02,-4.123477E-01,-6.997647E-03,1.943051E-02
4.246500E+03,-2.023053E-01,-7.066347E-02,-6.350198E-02,-4.804936E-01,-4.578809E-03,2.169244E-02
4.247000E+03,-1.944342E-01,-5.945057E-02,-6.396804E-02,-5.446552E-01,-1.929921E-03,2.336631E-02
4.247500E+03,-1.857974E-01,-4.857762E-02,-6.451079E-02,-6.044290E-01,9.064143E-04,2.438159E-02
4.248000E+03,-1.764494E-01,-3.814792E-02,-6.508810E-02,-6.594406E-01,3.878853E-03,2.467491E-02
4.248500E+03,-1.664412E-01,-2.824915E-02,-6.565304E-02,-7.093431E-01,6.929146E-03,2.419294E-02
4.249000E+03,-1.558213E-01,-1.895353E-02,-6.615524E-02,-7.538152E-01,9.994235E-03,2.289513E-02
4.249500E+03,-1.446369E-01,-1.031837E-02,-6.654239E-02,-7.925599E-01,1.300854E-02,2.075601E-02
4.250000E+03,-1.329349E-01,-2.386846E-03,-6.676159E-02,-8.253033E-01,1.590633E-02,1.776717E-02
4.250500E+03,-1.207634E-01,4.811012E-03,-6.676070E-02,-8.517949E-01,1.862416E-02,1.393861E-02
4.251000E+03,-1.081723E-01,1.125715E-02,-6.648955E-02,-8.718074E-01,2.110321E-02,9.299629E-03
4.251500E+03,-9.521448E-02,1.694422E-02,-6.590098E-02,-8.851375E-01,2.329147E-02,3.899039E-03
4.252000E+03,-8.194633E-02,2.187424E-02,-6.495182E-02,-8.916078E-01,2.514576E-02,-2.195255E-03
4.252500E+03,-6.842813E-02,2.605721E-02,-6.360364E-02,-8.910690E-01,2.663341E-02,-8.897283E-03
4.253000E+03,-5.472432E-02,2.950985E-02,-6.182336E-02,-8.834021E-01,2.773361E-02,-1.610468E-02
4.253500E+03,-4.090338E-02,3.225429E-02,-5.958370E-02,-8.685222E-01,2.843833E-02,-2.370091E-02
4.254000E+03,-2.703744E-02,3.431692E-02,-5.686344E-02,-8.463816E-01,2.875283E-02,-3.155805E-02
4.254500E+03,-1.320169E-02,3.572743E-02,-5.364759E-02,-8.169739E-01,2.869569E-02,-3.953996E-02
4.255000E+03,5.265288E-04,3.651787E-02,-4.992734E-02,-7.803374E-01,2.829837E-02,-4.750583E-02
4.255500E+03,1.406880E-02,3.672197E-02,-4.569996E-02,-7.365595E-01,2.760429E-02,-5.531397E-02
4.256000E+03,2.734690E-02,3.637463E-02,-4.096858E-02,-6.857797E-01,2.666749E-02,-6.282574E-02
4.256500E+03,4.028416E-02,3.551149E-02,-3.574188E-02,-6.281929E-01,2.555085E-02,-6.990942E-02
4.257000E+03,5.280697E-02,3.416877E-02,-3.003375E-02,-5.640525E-01,2.432401E-02,-7.644402E-02
4.257500E+03,6.484621E-02,3.238313E-02,-2.386290E-02,-4.936718E-01,2.306092E-02,-8.232282E-02
4.258000E+03,7.633872E-02,3.019176E-02,-1.725251E-02,-4.174256E-01,2.183726E-02,-8.745655E-02
4.258500E+03,8.722861E-02,2.763252E-02,-1.022985E-02,-3.357504E-01,2.072761E-02,-9.177608E-02
4.259000E+03,9.746844E-02,2.474409E-02,-2.825982E-03,-2.491440E-01,1.980272E-02,-9.523457E-02
4.259500E+03,1.070202E-01,2.156625E-02,4.924540E-03,-1.581635E-01,1.912667E-02,-9.780894E-02
4.260000E+03,1.158559E-01,1.814013E-02,1.298385E-02,-6.342296E-02,1.875429E-02,-9.950066E-02
4.260500E+03,1.239583E-01,1.450838E-02,2.131090E-02,3.441033E-02,1.872868E-02,-1.003357E-01
4.261000E+03,1.313205E-01,1.071539E-02,2.986153E-02,1.346206E-01,1.907920E-02,-1.003640E-01
4.261500E+03,1.379461E-01,6.807311E-03,3.858845E-02,2.364493E-01,1.981966E-02,-9.965773E-02
4.262000E+03,1.438484E-01,2.832081E-03,4.744113E-02,3.391015E-01,2.094709E-02,-9.830907E-02
4.262500E+03,1.490493E-01,-1.160754E-03,5.636570E-02,4.417531E-01,2.244097E-02,-9.642750E-02
4.263000E+03,1.535785E-01,-5.120310E-03,6.530477E-02,5.435590E-01,2.426298E-02,-9.413612E-02
4.263500E+03,1.574713E-01,-8.994783E-03,7.419720E-02,6.436614E-01,2.635734E-02,-9.156770E-02
4.264000E+03,1.607673E-01,-1.273202E-02,8.297797E-02,7.411986E-01,2.865173E-02,-8.886027E-02
4.264500E+03,1.635078E-01,-1.628022E-02,9.157798E-02,8.353142E-01,3.105873E-02,-8.615241E-02
4.265000E+03,1.657343E-01,-1.958876E-02,9.992397E-02,9.251661E-01,3.347784E-02,-8.357852E-02
4.265500E+03,1.674853E-01,-2.260909E-02,1.079385E-01,1.009935E+00,3.579793E-02,-8.126403E-02
4.266000E+03,1.687951E-01,-2.529583E-02,1.155400E-01,1.088835E+00,3.790022E-02,-7.932079E-02
4.266500E+03,1.696907E-01,-2.760773E-02,1.226430E-01,1.161120E+00,3.966146E-02,-7.784279E-02
4.267000E+03,1.701903E-01,-2.950886E-02,1.291588E-01,1.226092E+00,4.095758E-02,-7.690237E-02
4.267500E+03,1.703009E-01,-3.096961E-02,1.349954E-01,1.283108E+00,4.166732E-02,-7.654693E-02
4.268000E+03,1.700176E-01,-3.196779E-02,1.400588E-01,1.331589E+00,4.167606E-02,-7.679643E-02
4.268500E+03,1.693215E-01,-3.248953E-02,1.442537E-01,1.371024E+00,4.087958E-02,-7.764163E-02
4.269000E+03,1.681796E-01,-3.253010E-02,1.474849E-01,1.400974E+00,3.918769E-02,-7.904322E-02
4.269500E+03,1.665444E-01,-3.209460E-02,1.496580E-01,1.421078E+00,3.652757E-02,-8.093187E-02
4.270000E+03,1.643538E-01,-3.119844E-02,1.506818E-01,1.431054E+00,3.284683E-02,-8.320925E-02
4.270500E+03,1.615322E-01,-2.986756E-02,1.504692E-01,1.430704E+00,2.811607E-02,-8.574990E-02
4.271000E+03,1.579916E-01,-2.813848E-02,1.489394E-01,1.419915E+00,2.233095E-02,-8.840415E-02
4.271500E+03,1.536334E-01,-2.605806E-02,1.460200E-01,1.398656E+00,1.551365E-02,-9.100173E-02
4.272000E+03,1.483509E-01,-2.368296E-02,1.416486E-01,1.366984E+00,7.713684E-03,-9.335633E-02
4.272500E+03,1.420319E-01,-2.107888E-02,1.357751E-01,1.325037E+00,-9.919911E-04,-9.527063E-02
4.273000E+03,1.345620E-01,-1.831951E-02,1.283635E-01,1.273038E+00,-1.049955E-02,-9.654199E-02
4.273500E+03,1.258279E-01,-1.548521E-02,1.193944E-01,1.211286E+00,-2.067959E-02,-9.696847E-02
4.274000E+03,1.157215E-01,-1.266145E-02,1.088661E-01,1.140163E+00,-3.137919E-02,-9.635504E-02
4.274500E+03,1.041439E-01,-9.937103E-03,9.679684E-02,1.060122E+00,-4.242447E-02,-9.451991E-02
4.275000E+03,9.100907E-02,-7.402437E-03,8.322606E-02,9.716889E-01,-5.362395E-02,-9.130065E-02
4.275500E+03,7.624830E-02,-5.147091E-03,6.821547E-02,8.754553E-01,-6.477232E-02,-8.656002E-02
4.276000E+03,5.981390E-02,-3.257881E-03,5.185004E-02,7.720777E-01,-7.565466E-02,-8.019136E-02
4.276500E+03,4.168291E-02,-1.816588E-03,3.423841E-02,6.622713E-01,-8.605112E-02,-7.212326E-02
4.277000E+03,2.186039E-02,-8.977447E-04,1.551298E-02,5.468061E-01,-9.574169E-02,-6.232350E-02
4.277500E+03,3.822852E-04,-5.664879E-04,-4.170484E-03,4.265019E-01,-1.045113E-01,-5.080202E-02
4.278000E+03,-2.268225E-02,-8.765210E-04,-2.463362E-02,3.022237E-01,-1.121546E-01,-3.761291E-02
4.278500E+03,-4.722916E-02,-1.868248E-03,-4.567682E-02,1.748767E-01,-1.184811E-01,-2.285523E-02
4.279000E+03,-7.311855E-02,-3.567127E-03,-6.708099E-02,4.540086E-02,-1.233196E-01,-6.672723E-03
4.279500E+03,-1.001744E-01,-5.982293E-03,-8.860977E-02,-8.523464E-02,-1.265226E-01,1.074771E-02
4.280000E+03,-1.281851E-01,-9.105497E-03,-1.100123E-01,-2.160369E-01,-1.279702E-01,2.917867E-02
4.280500E+03,-1.569050E-01,-1.291039E-02,-1.310262E-01,-3.459955E-01,-1.275730E-01,4.835603E-02
4.281000E+03,-1.860564E-01,-1.735217E-02,-1.513812E-01,-4.740888E-01,-1.252752E-01,6.798387E-02
4.281500E+03,-2.153327E-01,-2.236771E-02,-1.708030E-01,-5.992904E-01,-1.210563E-01,8.774024E-02
4.282000E+03,-2.444023E-01,-2.787598E-02,-1.890172E-01,-7.205764E-01,-1.149322E-01,1.072838E-01
4.282500E+03,-2.729129E-01,-3.377900E-02,-2.057538E-01,-8.369325E-01,-1.069558E-01,1.262614E-01
4.283000E+03,-3.004967E-01,-3.996315E-02,-2.207516E-01,-9.473616E-01,-9.721620E-02,1.443153E-01
4.283500E+03,-3.267761E-01,-4.630095E-02,-2.337627E-01,-1.050892E+00,-8.583780E-02,1.610921E-01
4.284000E+03,-3.513701E-01,-5.265312E-02,-2.445569E-01,-1.146585E+00,-7.297804E-02,1.762506E-01
4.284500E+03,-3.739006E-01,-5.887109E-02,-2.529262E-01,-1.233546E+00,-5.882467E-02,1.894698E-01
4.285000E+03,-3.939991E-01,-6.479978E-02,-2.586890E-01,-1.310928E+00,-4.359235E-02,2.004574E-01
4.285500E+03,-4.113136E-01,-7.028059E-02,-2.616937E-01,-1.377945E+00,-2.751852E-02,2.089567E-01
4.286000E+03,-4.255153E-01,-7.515470E-02,-2.618225E-01,-1.433881E+00,-1.085884E-02,2.147533E-01
4.286500E+03,-4.363052E-01,-7.926638E-02,-2.589944E-01,-1.478093E+00,6.117766E-03,2.176814E-01
4.287000E+03,-4.434202E-01,-8.246648E-02,-2.531673E-01,-1.510028E+00,2.313444E-02,2.176285E-01
4.287500E+03,-4.466391E-01,-8.461588E-02,-2.443407E-01,-1.529224E+00,3.991183E-02,2.145388E-01
4.288000E+03,-4.457872E-01,-8.558883E-02,-2.325561E-01,-1.535320E+00,5.617362E-02,2.084160E-01
4.288500E+03,-4.407412E-01,-8.527619E-02,-2.178984E-01,-1.528063E+00,7.165202E-02,1.993245E-01
4.289000E+03,-4.314327E-01,-8.358846E-02,-2.004952E-01,-1.507317E+00,8.609301E-02,1.873890E-01
4.289500E+03,-4.178507E-01,-8.045849E-02,-1.805163E-01,-1.473063E+00,9.926136E-02,1.727929E-01
4.290000E+03,-4.000435E-01,-7.584383E-02,-1.581718E-01,-1.425407E+00,1.109452E-01,1.557755E-01
4.290500E+03,-3.781192E-01,-6.972870E-02,-1.337101E-01,-1.364581E+00,1.209600E-01,1.366277E-01
4.291000E+03,-3.522456E-01,-6.212547E-02,-1.074144E-01,-1.290946E+00,1.291523E-01,1.156866E-01
4.291500E+03,-3.226484E-01,-5.307564E-02,-7.959965E-02,-1.204992E+00,1.354023E-01,9.332877E-02
4.292000E+03,-2.896091E-01,-4.265023E-02,-5.060760E-02,-1.107336E+00,1.396260E-01,6.996317E-02
4.292500E+03,-2.534612E-01,-3.094966E-02,-2.080234E-02,-9.987201E-01,1.417767E-01,4.602256E-02
4.293000E+03,-2.145859E-01,-1.810298E-02,9.435211E-03,-8.800074E-01,1.418453E-01,2.195480E-02
4.293500E+03,-1.734064E-01,-4.266549E-03,3.971295E-02,-7.521747E-01,1.398606E-01,-1.786373E-03
4.294000E+03,-1.303824E-01,1.037791E-02,6.963361E-02,-6.163060E-01,1.358877E-01,-2.475080E-02
4.294500E+03,-8.600265E-02,2.562579E-02,9.880098E-02,-4.735834E-01,1.300268E-01,-4.650123E-02
4.295000E+03,-4.077778E-02,4.125261E-02,1.268261E-01,-3.252762E-01,1.224106E-01,-6.662252E-02
4.295500E+03,4.767480E-03,5.701759E-02,1.533336E-01,-1.727296E-01,1.132013E-01,-8.473023E-02
4.296000E+03,5.010246E-02,7.266751E-02,1.779675E-01,-1.735123E-02,1.025867E-01,-1.004787E-01
4.296500E+03,9.469878E-02,8.794113E-02,2.003975E-01,1.394029E-01,9.077686E-02,-1.135684E-01
4.297000E+03,1.380385E-01,1.025737E-01,2.203238E-01,2.960434E-01,7.799886E-02,-1.237518E-01
4.297500E+03,1.796224E-01,1.163021E-01,2.374829E-01,4.510632E-01,6.449250E-02,-1.308389E-01
4.298000E+03,2.189771E-01,1.288692E-01,2.516509E-01,6.029539E-01,5.050524E-02,-1.347008E-01
4.298500E+03,2.556632E-01,1.400296E-01,2.626484E-01,7.502226E-01,3.628720E-02,-1.352723E-01
4.299000E+03,2.892808E-01,1.495541E-01,2.703426E-01,8.914082E-01,2.208617E-02,-1.325532E-01
4.299500E+03,3.194764E-01,1.572346E-01,2.746501E-01,1.025098E+00,8.142769E-03,-1.266080E-01
4.300000E+03,3.459474E-01,1.628888E-01,2.755381E-01,1.149944E+00,-5.314206E-03,-1.175643E-01
4.300500E+03,3.684464E-01,1.663643E-01,2.730249E-01,1.264680E+00,-1.807208E-02,-1.056101E-01
4.301000E+03,3.867842E-01,1.675421E-01,2.671796E-01,1.368132E+00,-2.993822E-02,-9.098925E-02
4.301500E+03,4.008321E-01,1.663404E-01,2.581209E-01,1.459237E+00,-4.074348E-02,-7.399644E-02
4.302000E+03,4.105227E-01,1.627168E-01,2.460149E-01,1.537053E+00,-5.034507E-02,-5.497067E-02
4.302500E+03,4.158497E-01,1.566704E-01,2.310722E-01,1.600773E+00,-5.862892E-02,-3.428802E-02
4.303000E+03,4.168672E-01,1.482432E-01,2.135443E-01,1.649729E+00,-6.551132E-02,-1.235365E-02
4.303500E+03,4.136867E-01,1.375203E-01,1.937188E-01,1.683408E+00,-7.093999E-02,1.040680E-02
4.304000E+03,4.064745E-01,1.246298E-01,1.719151E-01,1.701452E+00,-7.489445E-02,3.355606E-02
4.304500E+03,3.954472E-01,1.097415E-01,1.484777E-01,1.703667E+00,-7.738572E-02,5.665439E-02
4.305000E+03,3.808665E-01,9.306535E-02,1.237712E-01,1.690024E+00,-7.845539E-02,7.926861E-02
4.305500E+03,3.630340E-01,7.484811E-02,9.817313E-02,1.660658E+00,-7.817410E-02,1.009810E-01
4.306000E+03,3.422840E-01,5.537028E-02,7.206782E-02,1.615872E+00,-7.663937E-02,1.213976E-01
4.306500E+03,3.189774E-01,3.494164E-02,4.583947E-02,1.556130E+00,-7.397292E-02,1.401565E-01
4.307000E+03,2.934942E-01,1.389639E-02,1.986556E-02,1.482055E+00,-7.031760E-02,1.569344E-01
4.307500E+03,2.662259E-01,-7.412358E-03,-5.489646E-03,1.394419E+00,-6.583377E-02,1.714535E-01
4.308000E+03,2.375685E-01,-2.861863E-02,-2.988130E-02,1.294139E+00,-6.069543E-02,1.834861E-01
4.308500E+03,2.079147E-01,-4.934996E-02,-5.298976E-02,1.182264E+00,-5.508612E-02,1.928597E-01
4.309000E+03,1.776473E-01,-6.923414E-02,-7.452593E-02,1.059965E+00,-4.919456E-02,1.994591E-01
4.309500E+03,1.471322E-01,-8.790607E-02,-9.423583E-02,9.285212E-01,-4.321028E-02,2.032286E-01
4.310000E+03,1.167127E-01,-1.050147E-01,-1.119046E-01,7.893082E-01,-3.731921E-02,2.041729E-01
4.310500E+03,8.670359E-02,-1.202297E-01,-1.273598E-01,6.437800E-01,-3.169936E-02,2.023556E-01
4.311000E+03,5.738678E-02,-1.332483E-01,-1.404734E-01,4.934545E-01,-2.651668E-02,1.978982E-01
4.311500E+03,2.900748E-02,-1.438015E-01,-1.511635E-01,3.398964E-01,-2.192121E-02,1.909762E-01
4.312000E+03,1.771335E-03,-1.516595E-01,-1.593946E-01,1.846995E-01,-1.804346E-02,1.818155E-01
4.312500E+03,-2.415746E-02,-1.566373E-01,-1.651776E-01,2.946915E-02,-1.499131E-02,1.706872E-01
4.313000E+03,-4.865691E-02,-1.585988E-01,-1.685677E-01,-1.241960E-01,-1.284729E-02,1.579010E-01
4.313500E+03,-7.164705E-02,-1.574604E-01,-1.696629E-01,-2.747222E-01,-1.166645E-02,1.437991E-01
4.314000E+03,-9.308861E-02,-1.531937E-01,-1.686004E-01,-4.205782E-01,-1.147475E-02,1.287484E-01
4.314500E+03,-1.129808E-01,-1.458274E-01,-1.655530E-01,-5.602930E-01,-1.226811E-02,1.131325E-01
4.315000E+03,-1.313582E-01,-1.354474E-01,-1.607242E-01,-6.924726E-01,-1.401203E-02,9.734375E-02
4.315500E+03,-1.482864E-01,-1.221967E-01,-1.543434E-01,-8.158164E-01,-1.664200E-02,8.177468E-02
4.316000E+03,-1.638573E-01,-1.062736E-01,-1.466600E-01,-9.291320E-01,-2.006440E-02,6.680978E-02
4.316500E+03,-1.781840E-01,-8.792924E-02,-1.379370E-01,-1.031349E+00,-2.415821E-02,5.281732E-02
4.317000E+03,-1.913941E-01,-6.746333E-02,-1.284453E-01,-1.121533E+00,-2.877725E-02,4.014147E-02
4.317500E+03,-2.036238E-01,-4.521973E-02,-1.184568E-01,-1.198894E+00,-3.375309E-02,2.909503E-02
4.318000E+03,-2.150111E-01,-2.158051E-02,-1.082380E-01,-1.262799E+00,-3.889852E-02,1.995271E-02
4.318500E+03,-2.256893E-01,3.040751E-03,-9.804398E-02,-1.312778E+00,-4.401150E-02,1.294516E-02
4.319000E+03,-2.357802E-01,2.820631E-02,-8.811228E-02,-1.348527E+00,-4.887954E-02,8.253943E-03
4.319500E+03,-2.453884E-01,5.346236E-02,-7.865740E-02,-1.369916E+00,-5.328453E-02,6.007386E-03
4.320000E+03,-2.545948E-01,7.834755E-02,-6.986585E-02,-1.376989E+00,-5.700778E-02,6.277566E-03
4.320500E+03,-2.634519E-01,1.024018E-01,-6.189191E-02,-1.369962E+00,-5.983525E-02,9.078354E-03
4.321000E+03,-2.719792E-01,1.251754E-01,-5.485409E-02,-1.349218E+00,-6.156291E-02,1.436463E-02
4.321500E+03,-2.801598E-01,1.462377E-01,-4.883252E-02,-1.315305E+00,-6.200203E-02,2.203270E-02
4.322000E+03,-2.879380E-01,1.651864E-01,-4.386724E-02,-1.268929E+00,-6.098441E-02,3.192181E-02
4.322500E+03,-2.952175E-01,1.816552E-01,-3.995748E-02,-1.210938E+00,-5.836729E-02,4.381691E-02
4.323000E+03,-3.018617E-01,1.953223E-01,-3.706196E-02,-1.142316E+00,-5.403798E-02,5.745249E-02
4.323500E+03,-3.076946E-01,2.059168E-01,-3.510018E-02,-1.064167E+00,-4.791796E-02,7.251744E-02
4.324000E+03,-3.125029E-01,2.132254E-01,-3.395473E-02,-9.776968E-01,-3.996652E-02,8.866093E-02
4.324500E+03,-3.160401E-01,2.170971E-01,-3.347456E-02,-8.841988E-01,-3.018359E-02,1.054991E-01
4.325000E+03,-3.180306E-01,2.174474E-01,-3.347909E-02,-7.850328E-01,-1.861197E-02,1.226227E-01
4.325500E+03,-3.181765E-01,2.142606E-01,-3.376325E-02,-6.816056E-01,-5.338672E-03,1.396048E-01
4.326000E+03,-3.161638E-01,2.075914E-01,-3.410312E-02,-5.753496E-01,9.504678E-03,1.560100E-01
4.326500E+03,-3.116712E-01,1.975647E-01,-3.426220E-02,-4.677018E-01,2.574227E-02,1.714028E-01
4.327000E+03,-3.043781E-01,1.843737E-01,-3.399817E-02,-3.600813E-01,4.315557E-02,1.853571E-01
4.327500E+03,-2.939746E-01,1.682775E-01,-3.306991E-02,-2.538681E-01,6.148577E-02,1.974649E-01
4.328000E+03,-2.801708E-01,1.495961E-01,-3.124467E-02,-1.503815E-01,8.043711E-02,2.073454E-01
4.328500E+03,-2.627071E-01,1.287049E-01,-2.830527E-02,-5.086012E-02,9.968126E-02,2.146537E-01
4.329000E+03,-2.413644E-01,1.060277E-01,-2.405703E-02,4.355740E-02,1.188625E-01,2.190886E-01
4.329500E+03,-2.159732E-01,8.202868E-02,-1.833444E-02,1.318501E-01,1.376039E-01,2.204001E-01
4.330000E+03,-1.864235E-01,5.720298E-02,-1.100719E-02,2.131301E-01,1.555137E-01,2.183956E-01
4.330500E+03,-1.526728E-01,3.206718E-02,-1.985648E-03,2.866566E-01,1.721931E-01,2.129459E-01
4.331000E+03,-1.147541E-01,7.148641E-03,8.774577E-03,3.518462E-01,1.872439E-01,2.039892E-01
4.331500E+03,-7.278168E-02,-1.702537E-02,2.126901E-02,4.082818E-01,2.002768E-01,1.915345E-01
4.332000E+03,-2.695666E-02,-3.993874E-02,3.544171E-02,4.557177E-01,2.109197E-01,1.756632E-01
4.332500E+03,2.243012E-02,-6.109746E-02,5.118391E-02,4.940818E-01,2.188260E-01,1.565300E-01
4.333000E+03,7.499629E-02,-8.004041E-02,6.833378E-02,5.234749E-01,2.236831E-01,1.343613E-01
4.333500E+03,1.302682E-01,-9.634947E-02,8.667752E-02,5.441668E-01,2.252203E-01,1.094534E-01
4.334000E+03,1.876832E-01,-1.096590E-01,1.059517E-01,5.565887E-01,2.232159E-01,8.216813E-02
4.334500E+03,2.465938E-01,-1.196643E-01,1.258471E-01,5.613233E-01,2.175041E-01,5.292782E-02
4.335000E+03,3.062740E-01,-1.261289E-01,1.460130E-01,5.590912E-01,2.079810E-01,2.220864E-02
4.335500E+03,3.659275E-01,-1.288907E-01,1.660638E-01,5.507352E-01,1.946089E-01,-9.467302E-03
4.336000E+03,4.246977E-01,-1.278659E-01,1.855859E-01,5.372017E-01,1.774206E-01,-4.154097E-02
4.336500E+03,4.816800E-01,-1.230529E-01,2.041452E-01,5.195201E-01,1.565215E-01,-7.342635E-02
4.337000E+03,5.359353E-01,-1.145323E-01,2.212967E-01,4.987807E-01,1.320904E-01,-1.045213E-01
4.337500E+03,5.865051E-01,-1.024674E-01,2.365929E-01,4.761107E-01,1.043796E-01,-1.342187E-01
4.338000E+03,6.324274E-01,-8.710121E-02,2.495944E-01,4.526497E-01,7.371259E-02,-1.619188E-01
4.338500E+03,6.727544E-01,-6.875264E-02,2.598793E-01,4.295246E-01,4.048069E-02,-1.870407E-01
4.339000E+03,7.065704E-01,-4.781077E-02,2.670537E-01,4.078246E-01,5.138394E-03,-2.090342E-01
4.339500E+03,7.330091E-01,-2.472749E-02,2.707607E-01,3.885769E-01,-3.180313E-02,-2.273922E-01
4.340000E+03,7.512728E-01,-8.748381E-06,2.706908E-01,3.727229E-01,-6.978363E-02,-2.416607E-01
4.340500E+03,7.606491E-01,2.579551E-02,2.665897E-01,3.610969E-01,-1.082026E-01,-2.514503E-01
4.341000E+03,7.605284E-01,5.210249E-02,2.582665E-01,3.544057E-01,-1.464295E-01,-2.564444E-01
4.341500E+03,7.504194E-01,7.830852E-02,2.456005E-01,3.532116E-01,-1.838141E-01,-2.564082E-01
4.342000E+03,7.299635E-01,1.038017E-01,2.285467E-01,3.579175E-01,-2.196987E-01,-2.511948E-01
4.342500E+03,6.989472E-01,1.279750E-01,2.071400E-01,3.687558E-01,-2.534297E-01,-2.407508E-01
4.343000E+03,6.573125E-01,1.502391E-01,1.814980E-01,3.857800E-01,-2.843704E-01,-2.251191E-01
4.343500E+03,6.051647E-01,1.700355E-01,1.518220E-01,4.088607E-01,-3.119131E-01,-2.044410E-01
4.344000E+03,5.427779E-01,1.868489E-01,1.183964E-01,4.376848E-01,-3.354912E-01,-1.789558E-01
4.344500E+03,4.705973E-01,2.002186E-01,8.158649E-02,4.717591E-01,-3.545911E-01,-1.489981E-01
4.345000E+03,3.892389E-01,2.097496E-01,4.183444E-02,5.104170E-01,-3.687631E-01,-1.149940E-01
4.345500E+03,2.994858E-01,2.151218E-01,-3.462228E-04,5.528300E-01,-3.776311E-01,-7.745473E-02
4.346000E+03,2.022815E-01,2.160981E-01,-4.437788E-02,5.980215E-01,-3.809017E-01,-3.696887E-02
4.346500E+03,9.872049E-02,2.125305E-01,-8.962750E-02,6.448851E-01,-3.783714E-01,5.807366E-03
4.347000E+03,-9.964899E-03,2.043650E-01,-1.354166E-01,6.922056E-01,-3.699325E-01,5.016126E-02
4.347500E+03,-1.224195E-01,1.916438E-01,-1.810324E-01,7.386818E-01,-3.555771E-01,9.533607E-02
4.348000E+03,-2.371839E-01,1.745063E-01,-2.257399E-01,7.829531E-01,-3.353993E-01,1.405446E-01
4.348500E+03,-3.527145E-01,1.531877E-01,-2.687950E-01,8.236263E-01,-3.095958E-01,1.849835E-01
4.349000E+03,-4.674064E-01,1.280152E-01,-3.094572E-01,8.593047E-01,-2.784640E-01,2.278485E-01
4.349500E+03,-5.796174E-01,9.940308E-02,-3.470039E-01,8.886170E-01,-2.423986E-01,2.683495E-01
4.350000E+03,-6.876936E-01,6.784529E-02,-3.807434E-01,9.102473E-01,-2.018861E-01,3.057257E-01
4.350500E+03,-7.899958E-01,3.390633E-02,-4.100284E-01,9.229633E-01,-1.574975E-01,3.392605E-01
4.351000E+03,-8.849261E-01,-1.789128E-03,-4.342687E-01,9.256444E-01,-1.098795E-01,3.682957E-01
4.351500E+03,-9.709550E-01,-3.856823E-02,-4.529427E-01,9.173083E-01,-5.974364E-02,3.922451E-01
4.352000E+03,-1.046647E+00,-7.572293E-02,-4.656086E-01,8.971342E-01,-7.854760E-03,4.106057E-01
4.352500E+03,-1.110686E+00,-1.125239E-01,-4.719137E-01,8.644847E-01,4.498212E-02,4.229690E-01
4.353000E+03,-1.161899E+00,-1.482350E-01,-4.716023E-01,8.189238E-01,9.793566E-02,4.290293E-01
4.353500E+03,-1.199279E+00,-1.821280E-01,-4.645221E-01,7.602320E-01,1.501626E-01,4.285909E-01
4.354000E+03,-1.222000E+00,-2.134972E-01,-4.506288E-01,6.884166E-01,2.008228E-01,4.215725E-01
4.354500E+03,-1.229439E+00,-2.416739E-01,-4.299885E-01,6.037192E-01,2.490938E-01,4.080104E-01
4.355000E+03,-1.221188E+00,-2.660400E-01,-4.027784E-01,5.066182E-01,2.941854E-01,3.880583E-01
4.355500E+03,-1.197061E+00,-2.860411E-01,-3.692854E-01,3.978269E-01,3.353540E-01,3.619853E-01
4.356000E+03,-1.157104E+00,-3.011979E-01,-3.299025E-01,2.782876E-01,3.719157E-01,3.301726E-01
4.356500E+03,-1.101599E+00,-3.111162E-01,-2.851237E-01,1.491616E-01,4.032586E-01,2.931059E-01
4.357000E+03,-1.031059E+00,-3.154959E-01,-2.355366E-01,1.181468E-02,4.288532E-01,2.513682E-01
4.357500E+03,-9.462254E-01,-3.141374E-01,-1.818134E-01,-1.322011E-01,4.482624E-01,2.056286E-01
4.358000E+03,-8.480604E-01,-3.069466E-01,-1.247003E-01,-2.811690E-01,4.611488E-01,1.566307E-01
4.358500E+03,-7.377340E-01,-2.939371E-01,-6.500564E-02,-4.332330E-01,4.672806E-01,1.051793E-01
4.359000E+03,-6.166081E-01,-2.752314E-01,-3.586895E-03,-5.864250E-01,4.665355E-01,5.212573E-02
4.359500E+03,-4.862180E-01,-2.510590E-01,5.866355E-02,-7.386949E-01,4.589026E-01,-1.647878E-03
4.360000E+03,-3.482502E-01,-2.217525E-01,1.208329E-01,-8.879427E-01,4.444823E-01,-5.524420E-02
4.360500E+03,-2.045186E-01,-1.877424E-01,1.820033E-01,-1.032051E+00,4.234841E-01,-1.077672E-01
4.361000E+03,-5.693728E-02,-1.495490E-01,2.412664E-01,-1.168919E+00,3.962225E-01,-1.583382E-01
4.361500E+03,9.250733E-02,-1.077734E-01,2.977389E-01,-1.296497E+00,3.631112E-01,-2.061117E-01
4.362000E+03,2.417863E-01,-6.308629E-02,3.505769E-01,-1.412816E+00,3.246555E-01,-2.502904E-01
4.362500E+03,3.888585E-01,-1.621595E-02,3.989895E-01,-1.516025E+00,2.814430E-01,-2.901389E-01
4.363000E+03,5.317011E-01,3.206538E-02,4.422519E-01,-1.604417E+00,2.341329E-01,-3.249970E-01
4.363500E+03,6.683400E-01,8.095551E-02,4.797167E-01,-1.676460E+00,1.834450E-01,-3.542904E-01
4.364000E+03,7.968794E-01,1.296370E-01,5.108245E-01,-1.730820E+00,1.301464E-01,-3.775402E-01
4.364500E+03,9.155302E-01,1.772921E-01,5.351123E-01,-1.766387E+00,7.503880E-02,-3.943707E-01
4.365000E+03,1.022637E+00,2.231177E-01,5.522203E-01,-1.782293E+00,1.894485E-02,-4.045148E-01
4.365500E+03,1.116701E+00,2.663396E-01,5.618973E-01,-1.777923E+00,-3.730556E-02,-4.078174E-01
4.366000E+03,1.196406E+00,3.062268E-01,5.640038E-01,-1.752934E+00,-9.288879E-02,-4.042369E-01
4.366500E+03,1.260633E+00,3.421040E-01,5.585132E-01,-1.707257E+00,-1.470006E-01,-3.938441E-01
4.367000E+03,1.308478E+00,3.733637E-01,5.455113E-01,-1.641104E+00,-1.988687E-01,-3.768200E-01
4.367500E+03,1.339267E+00,3.994767E-01,5.251936E-01,-1.554961E+00,-2.477644E-01,-3.534503E-01
4.368000E+03,1.352561E+00,4.200006E-01,4.978615E-01,-1.449589E+00,-2.930133E-01,-3.241194E-01
4.368500E+03,1.348164E+00,4.345877E-01,4.639156E-01,-1.326013E+00,-3.340049E-01,-2.893018E-01
4.369000E+03,1.326127E+00,4.429895E-01,4.238489E-01,-1.185505E+00,-3.702005E-01,-2.495530E-01
4.369500E+03,1.286741E+00,4.450609E-01,3.782374E-01,-1.029571E+00,-4.011401E-01,-2.054980E-01
4.370000E+03,1.230536E+00,4.407616E-01,3.277305E-01,-8.599316E-01,-4.264480E-01,-1.578199E-01
4.370500E+03,1.158268E+00,4.301553E-01,2.730394E-01,-6.784933E-01,-4.458358E-01,-1.072477E-01
4.371000E+03,1.070913E+00,4.134079E-01,2.149258E-01,-4.873272E-01,-4.591052E-01,-5.454264E-02
4.371500E+03,9.696460E-01,3.907833E-01,1.541895E-01,-2.886390E-01,-4.661484E-01,-4.859334E-04
4.372000E+03,8.558246E-01,3.626375E-01,9.165542E-02,-8.473924E-02,-4.669475E-01,5.413471E-02
4.372500E+03,7.309705E-01,3.294113E-01,2.816144E-02,1.219882E-01,-4.615721E-01,1.085376E-01
4.373000E+03,5.967453E-01,2.916220E-01,-3.545450E-02,3.291179E-01,-4.501759E-01,1.619590E-01
4.373500E+03,4.549271E-01,2.498528E-01,-9.836638E-02,5.342159E-01,-4.329923E-01,2.136647E-01
4.374000E+03,3.073846E-01,2.047428E-01,-1.597718E-01,7.348714E-01,-4.103284E-01,2.629601E-01
4.374500E+03,1.560512E-01,1.569748E-01,-2.189026E-01,9.287291E-01,-3.825587E-01,3.091999E-01
4.375000E+03,2.897948E-03,1.072636E-01,-2.750351E-01,1.113519E+00,-3.501180E-01,3.517958E-01
4.375500E+03,-1.500934E-01,5.634363E-02,-3.274988E-01,1.287088E+00,-3.134931E-01,3.902232E-01
4.376000E+03,-3.009572E-01,4.956668E-03,-3.756844E-01,1.447422E+00,-2.732151E-01,4.240271E-01
4.376500E+03,-4.477693E-01,-4.616030E-02,-4.190500E-01,1.592677E+00,-2.298507E-01,4.528260E-01
4.377000E+03,-5.886729E-01,-9.628671E-02,-4.571265E-01,1.721199E+00,-1.839935E-01,4.763142E-01
4.377500E+03,-7.219014E-01,-1.447294E-01,-4.895218E-01,1.831541E+00,-1.362559E-01,4.942638E-01
4.378000E+03,-8.458008E-01,-1.908328E-01,-5.159234E-01,1.922486E+00,-8.726013E-02,5.065246E-01
4.378500E+03,-9.588499E-01,-2.339883E-01,-5.360997E-01,1.993055E+00,-3.763093E-02,5.130231E-01
4.379000E+03,-1.059678E+00,-2.736421E-01,-5.499001E-01,2.042517E+00,1.201277E-02,5.137604E-01
4.379500E+03,-1.147080E+00,-3.093023E-01,-5.572544E-01,2.070400E+00,6.106485E-02,5.088096E-01
4.380000E+03,-1.220032E+00,-3.405443E-01,-5.581706E-01,2.076492E+00,1.089387E-01,4.983115E-01
4.380500E+03,-1.277699E+00,-3.670153E-01,-5.527318E-01,2.060839E+00,1.550734E-01,4.824704E-01
4.381000E+03,-1.319445E+00,-3.884369E-01,-5.410925E-01,2.023744E+00,1.989394E-01,4.615493E-01
4.381500E+03,-1.344838E+00,-4.046072E-01,-5.234740E-01,1.965760E+00,2.400432E-01,4.358642E-01
4.382000E+03,-1.353650E+00,-4.154002E-01,-5.001592E-01,1.887679E+00,2.779320E-01,4.057789E-01
4.382500E+03,-1.345864E+00,-4.207656E-01,-4.714870E-01,1.790519E+00,3.121972E-01,3.716988E-01
4.383000E+03,-1.321665E+00,-4.207262E-01,-4.378463E-01,1.675512E+00,3.424774E-01,3.340651E-01
4.383500E+03,-1.281437E+00,-4.153749E-01,-3.996696E-01,1.544081E+00,3.684613E-01,2.933496E-01
4.384000E+03,-1.225757E+00,-4.048704E-01,-3.574268E-01,1.397826E+00,3.898894E-01,2.500480E-01
4.384500E+03,-1.155386E+00,-3.894323E-01,-3.116188E-01,1.238497E+00,4.065555E-01,2.046753E-01
4.385000E+03,-1.071257E+00,-3.693355E-01,-2.627710E-01,1.067975E+00,4.183078E-01,1.577599E-01
4.385500E+03,-9.744618E-01,-3.449042E-01,-2.114275E-01,8.882449E-01,4.250493E-01,1.098389E-01
4.386000E+03,-8.662348E-01,-3.165052E-01,-1.581448E-01,7.013711E-01,4.267383E-01,6.145283E-02
4.386500E+03,-7.479403E-01,-2.845410E-01,-1.034863E-01,5.094727E-01,4.233872E-01,1.314147E-02
4.387000E+03,-6.210524E-01,-2.494435E-01,-4.801712E-02,3.146971E-01,4.150630E-01,-3.456099E-02
4.387500E+03,-4.871377E-01,-2.116666E-01,7.701302E-03,1.191939E-01,4.018852E-01,-8.112994E-02
4.388000E+03,-3.478362E-01,-1.716799E-01,6.311551E-02,-7.490975E-02,3.840249E-01,-1.260545E-01
4.388500E+03,-2.048409E-01,-1.299623E-01,1.176845E-01,-2.655338E-01,3.617031E-01,-1.688416E-01
4.389000E+03,-5.987831E-02,-8.699561E-02,1.708836E-01,-4.506687E-01,3.351882E-01,-2.090194E-01
4.389500E+03,8.531183E-02,-4.325947E-02,2.222082E-01,-6.283975E-01,3.047938E-01,-2.461420E-01
4.390000E+03,2.289970E-01,7.742564E-04,2.711770E-01,-7.969162E-01,2.708754E-01,-2.797920E-01
4.390500E+03,3.694714E-01,4.464595E-02,3.173348E-01,-9.545531E-01,2.338277E-01,-3.095851E-01
4.391000E+03,5.050759E-01,8.791231E-02,3.602558E-01,-1.099785E+00,1.940805E-01,-3.351737E-01
4.391500E+03,6.342162E-01,1.301499E-01,3.995458E-01,-1.231252E+00,1.520950E-01,-3.562501E-01
4.392000E+03,7.553814E-01,1.709583E-01,4.348443E-01,-1.347770E+00,1.083591E-01,-3.725503E-01
4.392500E+03,8.671603E-01,2.099624E-01,4.658274E-01,-1.448344E+00,6.338258E-02,-3.838575E-01
4.393000E+03,9.682577E-01,2.468142E-01,4.922088E-01,-1.532169E+00,1.769237E-02,-3.900055E-01
4.393500E+03,1.057509E+00,2.811951E-01,5.137426E-01,-1.598643E+00,-2.817346E-02,-3.908812E-01
4.394000E+03,1.133891E+00,3.128159E-01,5.302245E-01,-1.647365E+00,-7.367126E-02,-3.864282E-01
4.394500E+03,1.196538E+00,3.414188E-01,5.414933E-01,-1.678139E+00,-1.182579E-01,-3.766482E-01
4.395000E+03,1.244745E+00,3.667769E-01,5.474325E-01,-1.690970E+00,-1.613971E-01,-3.616039E-01
4.395500E+03,1.277983E+00,3.886949E-01,5.479716E-01,-1.686060E+00,-2.025657E-01,-3.414193E-01
4.396000E+03,1.295896E+00,4.070090E-01,5.430870E-01,-1.663805E+00,-2.412605E-01,-3.162812E-01
4.396500E+03,1.298315E+00,4.215869E-01,5.328026E-01,-1.624784E+00,-2.770043E-01,-2.864388E-01
4.397000E+03,1.285250E+00,4.323277E-01,5.171909E-01,-1.569749E+00,-3.093525E-01,-2.522026E-01
4.397500E+03,1.256896E+00,4.391612E-01,4.963727E-01,-1.499616E+00,-3.378993E-01,-2.139431E-01
4.398000E+03,1.213631E+00,4.420481E-01,4.705175E-01,-1.415447E+00,-3.622834E-01,-1.720877E-01
4.398500E+03,1.156007E+00,4.409796E-01,4.398426E-01,-1.318441E+00,-3.821934E-01,-1.271174E-01
4.399000E+03,1.084747E+00,4.359766E-01,4.046128E-01,-1.209913E+00,-3.973728E-01,-7.956159E-02
4.399500E+03,1.000736E+00,4.270904E-01,3.651385E-01,-1.091282E+00,-4.076241E-01,-2.999323E-02
4.400000E+03,9.050090E-01,4.144013E-01,3.217743E-01,-9.640466E-01,-4.128125E-01,2.097827E-02
4.400500E+03,7.987418E-01,3.980190E-01,2.749165E-01,-8.297752E-01,-4.128685E-01,7.271424E-02
4.401000E+03,6.832337E-01,3.780821E-01,2.250005E-01,-6.900805E-01,-4.077896E-01,1.245549E-01
4.401500E+03,5.598935E-01,3.547575E-01,1.724975E-01,-5.466040E-01,-3.976415E-01,1.758284E-01
4.402000E+03,4.302228E-01,3.282400E-01,1.179104E-01,-4.009965E-01,-3.825577E-01,2.258599E-01
4.402500E+03,2.957968E-01,2.987517E-01,6.176943E-02,-2.548995E-01,-3.627381E-01,2.739818E-01
4.403000E+03,1.582460E-01,2.665410E-01,4.627751E-03,-1.099274E-01,-3.384475E-01,3.195433E-01
4.403500E+03,1.923603E-02,2.318819E-01,-5.294422E-02,3.235048E-02,-3.100114E-01,3.619210E-01
4.404000E+03,-1.195533E-01,1.950723E-01,-1.103643E-01,1.704260E-01,-2.778127E-01,4.005282E-01
4.404500E+03,-2.564480E-01,1.564328E-01,-1.670447E-01,3.028684E-01,-2.422857E-01,4.348252E-01
4.405000E+03,-3.898015E-01,1.163047E-01,-2.223981E-01,4.283390E-01,-2.039104E-01,4.643278E-01
4.405500E+03,-5.180142E-01,7.504791E-02,-2.758439E-01,5.456044E-01,-1.632057E-01,4.886159E-01
4.406000E+03,-6.395543E-01,3.303844E-02,-3.268154E-01,6.535491E-01,-1.207215E-01,5.073406E-01
4.406500E+03,-7.529764E-01,-9.334358E-03,-3.747657E-01,7.511856E-01,-7.703078E-02,5.202310E-01
4.407000E+03,-8.569395E-01,-5.167097E-02,-4.191746E-01,8.376640E-01,-3.272123E-02,5.270989E-01
4.407500E+03,-9.502243E-01,-9.356515E-02,-4.595543E-01,9.122796E-01,1.161387E-02,5.278425E-01
4.408000E+03,-1.031748E+00,-1.346076E-01,-4.954563E-01,9.744784E-01,5.538442E-02,5.224492E-01
4.408500E+03,-1.100577E+00,-1.743901E-01,-5.264759E-01,1.023861E+00,9.801237E-02,5.109956E-01
4.409000E+03,-1.155941E+00,-2.125094E-01,-5.522584E-01,1.060187E+00,1.389405E-01,4.936470E-01
4.409500E+03,-1.197238E+00,-2.485719E-01,-5.725029E-01,1.083373E+00,1.776405E-01,4.706554E-01
4.410000E+03,-1.224045E+00,-2.821977E-01,-5.869666E-01,1.093491E+00,2.136211E-01,4.423547E-01
4.410500E+03,-1.236121E+00,-3.130254E-01,-5.954681E-01,1.090771E+00,2.464350E-01,4.091561E-01
4.411000E+03,-1.233411E+00,-3.407164E-01,-5.978899E-01,1.075587E+00,2.756853E-01,3.715409E-01
4.411500E+03,-1.216043E+00,-3.649592E-01,-5.941801E-01,1.048462E+00,3.010311E-01,3.300524E-01
4.412000E+03,-1.184326E+00,-3.854733E-01,-5.843531E-01,1.010050E+00,3.221920E-01,2.852869E-01
4.412500E+03,-1.138747E+00,-4.020135E-01,-5.684901E-01,9.611324E-01,3.389511E-01,2.378837E-01
4.413000E+03,-1.079962E+00,-4.143733E-01,-5.467382E-01,9.026061E-01,3.511582E-01,1.885141E-01
4.413500E+03,-1.008785E+00,-4.223878E-01,-5.193085E-01,8.354704E-01,3.587303E-01,1.378702E-01
4.414000E+03,-9.261787E-01,-4.259366E-01,-4.864744E-01,7.608148E-01,3.616518E-01,8.665337E-02
4.414500E+03,-8.332389E-01,-4.249460E-01,-4.485676E-01,6.798043E-01,3.599740E-01,3.556274E-02
4.415000E+03,-7.311800E-01,-4.193906E-01,-4.059750E-01,5.936643E-01,3.538120E-01,-1.471646E-02
4.415500E+03,-6.213180E-01,-4.092942E-01,-3.591338E-01,5.036650E-01,3.433426E-01,-6.352373E-02
4.416000E+03,-5.050521E-01,-3.947306E-01,-3.085265E-01,4.111051E-01,3.287992E-01,-1.102337E-01
4.416500E+03,-3.838459E-01,-3.758229E-01,-2.546755E-01,3.172948E-01,3.104675E-01,-1.542658E-01
4.417000E+03,-2.592081E-01,-3.527428E-01,-1.981366E-01,2.235397E-01,2.886799E-01,-1.950927E-01
4.417500E+03,-1.326715E-01,-3.257091E-01,-1.394933E-01,1.311239E-01,2.638084E-01,-2.322476E-01
4.418000E+03,-5.774162E-03,-2.949858E-01,-7.934978E-02,4.129356E-02,2.362588E-01,-2.653307E-01
4.418500E+03,1.199616E-01,-2.608789E-01,-1.832416E-02,-4.475850E-02,2.064628E-01,-2.940136E-01
4.419000E+03,2.430477E-01,-2.237335E-01,4.295812E-02,-1.259082E-01,1.748713E-01,-3.180430E-01
4.419500E+03,3.620496E-01,-1.839299E-01,1.038712E-01,-2.011143E-01,1.419463E-01,-3.372420E-01
4.420000E+03,4.756034E-01,-1.418792E-01,1.637955E-01,-2.694312E-01,1.081544E-01,-3.515111E-01
4.420500E+03,5.824321E-01,-9.801883E-02,2.221242E-01,-3.300209E-01,7.395896E-02,-3.608268E-01
4.421000E+03,6.813609E-01,-5.280734E-02,2.782695E-01,-3.821631E-01,3.981371E-02,-3.652394E-01
4.421500E+03,7.713300E-01,-6.719434E-03,3.316687E-01,-4.252641E-01,6.156333E-03,-3.648691E-01
4.422000E+03,8.514059E-01,3.975967E-02,3.817895E-01,-4.588633E-01,-2.659746E-02,-3.599019E-01
4.422500E+03,9.207914E-01,8.613972E-02,4.281353E-01,-4.826387E-01,-5.805907E-02,-3.505828E-01
4.423000E+03,9.788323E-01,1.319310E-01,4.702500E-01,-4.964098E-01,-8.787163E-02,-3.372102E-01
4.423500E+03,1.025023E+00,1.766499E-01,5.077219E-01,-5.001386E-01,-1.157138E-01,-3.201280E-01
4.424000E+03,1.059011E+00,2.198243E-01,5.401877E-01,-4.939289E-01,-1.413029E-01,-2.997182E-01
4.424500E+03,1.080595E+00,2.609989E-01,5.673353E-01,-4.780237E-01,-1.643971E-01,-2.763925E-01
4.425000E+03,1.089728E+00,2.997400E-01,5.889066E-01,-4.527996E-01,-1.847974E-01,-2.505844E-01
4.425500E+03,1.086512E+00,3.356404E-01,6.046992E-01,-4.187610E-01,-2.023478E-01,-2.227410E-01
4.426000E+03,1.071191E+00,3.683240E-01,6.145684E-01,-3.765308E-01,-2.169362E-01,-1.933151E-01
4.426500E+03,1.044151E+00,3.974489E-01,6.184275E-01,-3.268405E-01,-2.284930E-01,-1.627577E-01
4.427000E+03,1.005907E+00,4.227119E-01,6.162484E-01,-2.705186E-01,-2.369909E-01,-1.315106E-01
4.427500E+03,9.570929E-01,4.438508E-01,6.080616E-01,-2.084773E-01,-2.424424E-01,-1.000005E-01
4.428000E+03,8.984539E-01,4.606474E-01,5.939553E-01,-1.416985E-01,-2.448981E-01,-6.863324E-02
4.428500E+03,8.308323E-01,4.729291E-01,5.740741E-01,-7.121886E-02,-2.444438E-01,-3.778840E-02
4.429000E+03,7.551557E-01,4.805708E-01,5.486177E-01,1.886209E-03,-2.411977E-01,-7.815698E-03
4.429500E+03,6.724229E-01,4.834958E-01,5.178384E-01,7.651837E-02,-2.353075E-01,2.096847E-02
4.430000E+03,5.836903E-01,4.816759E-01,4.820388E-01,1.515727E-01,-2.269465E-01,4.828338E-02
4.430500E+03,4.900575E-01,4.751321E-01,4.415688E-01,2.259537E-01,-2.163104E-01,7.388558E-02
4.431000E+03,3.926532E-01,4.639330E-01,3.968221E-01,2.985910E-01,-2.036137E-01,9.756961E-02
4.431500E+03,2.926203E-01,4.481949E-01,3.482327E-01,3.684545E-01,-1.890860E-01,1.191681E-01
4.432000E+03,1.911031E-01,4.280794E-01,2.962706E-01,4.345683E-01,-1.729688E-01,1.385511E-01
4.432500E+03,8.923259E-02,4.037920E-01,2.414376E-01,4.960240E-01,-1.555118E-01,1.556250E-01
4.433000E+03,-1.188531E-02,3.755795E-01,1.842628E-01,5.519923E-01,-1.369697E-01,1.703306E-01
4.433500E+03,-1.111825E-01,3.437275E-01,1.252972E-01,6.017329E-01,-1.175989E-01,1.826414E-01
4.434000E+03,-2.076399E-01,3.085572E-01,6.510902E-02,6.446038E-01,-9.765479E-02,1.925609E-01
4.434500E+03,-3.002971E-01,2.704221E-01,4.278373E-03,6.800675E-01,-7.738894E-02,2.001201E-01
4.435000E+03,-3.882623E-01,2.297041E-01,-5.660843E-02,7.076963E-01,-5.704633E-02,2.053747E-01
4.435500E+03,-4.707198E-01,1.868102E-01,-1.169643E-01,7.271756E-01,-3.686319E-02,2.084027E-01
4.436000E+03,-5.469370E-01,1.421678E-01,-1.762069E-01,7.383048E-01,-1.706475E-02,2.093011E-01
4.436500E+03,-6.162701E-01,9.622083E-02,-2.337644E-01,7.409971E-01,2.136700E-03,2.081838E-01
4.437000E+03,-6.781683E-01,4.942506E-02,-2.890812E-01,7.352770E-01,2.054355E-02,2.051786E-01
4.437500E+03,-7.321770E-01,2.243874E-03,-3.416230E-01,7.212763E-01,3.797444E-02,2.004253E-01
4.438000E+03,-7.779397E-01,-4.485641E-02,-3.908824E-01,6.992287E-01,5.426565E-02,1.940731E-01
4.438500E+03,-8.151987E-01,-9.141109E-02,-4.363844E-01,6.694628E-01,6.927225E-02,1.862788E-01
4.439000E+03,-8.437945E-01,-1.369616E-01,-4.776905E-01,6.323939E-01,8.286914E-02,1.772053E-01
4.439500E+03,-8.636647E-01,-1.810601E-01,-5.144038E-01,5.885153E-01,9.495188E-02,1.670193E-01
4.440000E+03,-8.748406E-01,-2.232737E-01,-5.461732E-01,5.383879E-01,1.054373E-01,1.558906E-01
4.440500E+03,-8.774441E-01,-2.631888E-01,-5.726967E-01,4.826303E-01,1.142640E-01,1.439902E-01
4.441000E+03,-8.716834E-01,-3.004152E-01,-5.937252E-01,4.219076E-01,1.213927E-01,1.314893E-01
4.441500E+03,-8.578470E-01,-3.345901E-01,-6.090646E-01,3.569212E-01,1.268059E-01,1.185580E-01
4.442000E+03,-8.362983E-01,-3.653813E-01,-6.185785E-01,2.883977E-01,1.305083E-01,1.053642E-01
4.442500E+03,-8.074687E-01,-3.924911E-01,-6.221892E-01,2.170785E-01,1.325262E-01,9.207230E-02
4.443000E+03,-7.718504E-01,-4.156586E-01,-6.198787E-01,1.437106E-01,1.329067E-01,7.884219E-02
4.443500E+03,-7.299887E-01,-4.346631E-01,-6.116892E-01,6.903662E-02,1.317171E-01,6.582774E-02
4.444000E+03,-6.824744E-01,-4.493258E-01,-5.977220E-01,-6.212482E-03,1.290439E-01,5.317556E-02
4.444500E+03,-6.299352E-01,-4.595119E-01,-5.781367E-01,-8.132539E-02,1.249911E-01,4.102354E-02
4.445000E+03,-5.730278E-01,-4.651319E-01,-5.531494E-01,-1.556164E-01,1.196790E-01,2.949941E-02
4.445500E+03,-5.124295E-01,-4.661426E-01,-5.230296E-01,-2.284305E-01,1.132423E-01,1.871913E-02
4.446000E+03,-4.488297E-01,-4.625472E-01,-4.880977E-01,-2.991478E-01,1.058279E-01,8.785419E-03
4.446500E+03,-3.829224E-01,-4.543958E-01,-4.487207E-01,-3.671859E-01,9.759279E-02,-2.138711E-04
4.447000E+03,-3.153980E-01,-4.417846E-01,-4.053084E-01,-4.320024E-01,8.870145E-02,-8.207183E-03
4.447500E+03,-2.469358E-01,-4.248545E-01,-3.583080E-01,-4.930954E-01,7.932338E-02,-1.514066E-02
4.448000E+03,-1.781974E-01,-4.037900E-01,-3.081995E-01,-5.500038E-01,6.963024E-02,-2.097933E-02
4.448500E+03,-1.098200E-01,-3.788172E-01,-2.554898E-01,-6.023065E-01,5.979304E-02,-2.570816E-02
4.449000E+03,-4.241024E-02,-3.502008E-01,-2.007070E-01,-6.496213E-01,4.997926E-02,-2.933270E-02
4.449500E+03,2.346083E-02,-3.182417E-01,-1.443941E-01,-6.916030E-01,4.034998E-02,-3.187951E-02
4.450000E+03,8.726250E-02,-2.832734E-01,-8.710369E-02,-7.279413E-01,3.105706E-02,-3.339619E-02
4.450500E+03,1.485084E-01,-2.456583E-01,-2.939091E-02,-7.583589E-01,2.224047E-02,-3.395090E-02
4.451000E+03,2.067596E-01,-2.057838E-01,2.819193E-02,-7.826093E-01,1.402580E-02,-3.363159E-02
4.451500E+03,2.616272E-01,-1.640579E-01,8.510147E-02,-8.004746E-01,6.521948E-03,-3.254457E-02
4.452000E+03,3.127739E-01,-1.209050E-01,1.408088E-01,-8.117645E-01,-1.807946E-04,-3.081276E-02
4.452500E+03,3.599148E-01,-7.676047E-02,1.948050E-01,-8.163146E-01,-6.012421E-03,-2.857338E-02
4.453000E+03,4.028180E-01,-3.206690E-02,2.466055E-01,-8.139863E-01,-1.092443E-02,-2.597521E-02
4.453500E+03,4.413037E-01,1.273145E-02,2.957555E-01,-8.046666E-01,-1.489065E-02,-2.317546E-02
4.454000E+03,4.752431E-01,5.719311E-02,3.418331E-01,-7.882689E-01,-1.790758E-02,-2.033627E-02
4.454500E+03,5.045564E-01,1.008841E-01,3.844530E-01,-7.647348E-01,-1.999432E-02,-1.762091E-02
4.455000E+03,5.292107E-01,1.433827E-01,4.232699E-01,-7.340359E-01,-2.119191E-02,-1.518981E-02
4.455500E+03,5.492168E-01,1.842833E-01,4.579801E-01,-6.961768E-01,-2.156227E-02,-1.319642E-02
4.456000E+03,5.646257E-01,2.232011E-01,4.883241E-01,-6.511987E-01,-2.118665E-02,-1.178315E-02
4.456500E+03,5.755252E-01,2.597752E-01,5.140870E-01,-5.991832E-01,-2.016362E-02,-1.107729E-02
4.457000E+03,5.820353E-01,2.936728E-01,5.350999E-01,-5.402565E-01,-1.860662E-02,-1.118721E-02
4.457500E+03,5.843047E-01,3.245914E-01,5.512394E-01,-4.745939E-01,-1.664123E-02,-1.219886E-02
4.458000E+03,5.825058E-01,3.522622E-01,5.624276E-01,-4.024246E-01,-1.440206E-02,-1.417273E-02
4.458500E+03,5.768304E-01,3.764516E-01,5.686314E-01,-3.240359E-01,-1.202944E-02,-1.714122E-02
4.459000E+03,5.674859E-01,3.969634E-01,5.698609E-01,-2.397772E-01,-9.665902E-03,-2.110675E-02
4.459500E+03,5.546904E-01,4.136397E-01,5.661679E-01,-1.500638E-01,-7.452661E-03,-2.604051E-02
4.460000E+03,5.386695E-01,4.263622E-01,5.576443E-01,-5.537954E-02,-5.526000E-03,-3.188194E-02
4.460500E+03,5.196521E-01,4.350517E-01,5.444196E-01,4.372115E-02,-4.013799E-03,-3.853904E-02
4.461000E+03,4.978674E-01,4.396690E-01,5.266586E-01,1.466123E-01,-3.032212E-03,-4.588947E-02
4.461500E+03,4.735419E-01,4.402135E-01,5.045593E-01,2.525969E-01,-2.682595E-03,-5.378251E-02
4.462000E+03,4.468971E-01,4.367227E-01,4.783498E-01,3.609082E-01,-3.048766E-03,-6.204174E-02
4.462500E+03,4.181477E-01,4.292711E-01,4.482857E-01,4.707129E-01,-4.194657E-03,-7.046859E-02
4.463000E+03,3.874999E-01,4.179681E-01,4.146480E-01,5.811159E-01,-6.162433E-03,-7.884646E-02
4.463500E+03,3.551507E-01,4.029564E-01,3.777396E-01,6.911660E-01,-8.971109E-03,-8.694554E-02
4.464000E+03,3.212874E-01,3.844098E-01,3.378835E-01,7.998636E-01,-1.261573E-02,-9.452806E-02
4.464500E+03,2.860880E-01,3.625309E-01,2.954198E-01,9.061696E-01,-1.706712E-02,-1.013540E-01
4.465000E+03,2.497212E-01,3.375484E-01,2.507034E-01,1.009016E+00,-2.227220E-02,-1.071868E-01
4.465500E+03,2.123479E-01,3.097146E-01,2.041017E-01,1.107317E+00,-2.815494E-02,-1.117996E-01
4.466000E+03,1.741223E-01,2.793028E-01,1.559922E-01,1.199983E+00,-3.461779E-02,-1.149812E-01
4.466500E+03,1.351934E-01,2.466041E-01,1.067603E-01,1.285931E+00,-4.154374E-02,-1.165416E-01
4.467000E+03,9.570710E-02,2.119252E-01,5.679707E-02,1.364104E+00,-4.879882E-02,-1.163174E-01
4.467500E+03,5.580780E-02,1.755849E-01,6.497447E-03,1.433481E+00,-5.623501E-02,-1.141769E-01
4.468000E+03,1.564083E-02,1.379120E-01,-4.374219E-02,1.493094E+00,-6.369359E-02,-1.100242E-01
4.468500E+03,-2.464571E-02,9.924226E-02,-9.352598E-02,1.542043E+00,-7.100866E-02,-1.038027E-01
4.469000E+03,-6.489901E-02,5.991577E-02,-1.424607E-01,1.579510E+00,-7.801098E-02,-9.549766E-02
4.469500E+03,-1.049597E-01,2.027454E-02,-1.901578E-01,1.604772E+00,-8.453183E-02,-8.513819E-02
4.470000E+03,-1.446605E-01,-1.934003E-02,-2.362359E-01,1.617217E+00,-9.040695E-02,-7.279758E-02
4.470500E+03,-1.838249E-01,-5.858949E-02,-2.803228E-01,1.616352E+00,-9.548030E-02,-5.859315E-02
4.471000E+03,-2.222662E-01,-9.714065E-02,-3.220581E-01,1.601814E+00,-9.960781E-02,-4.268476E-02
4.471500E+03,-2.597874E-01,-1.346678E-01,-3.610953E-01,1.573382E+00,-1.026607E-01,-2.527244E-02
4.472000E+03,-2.961813E-01,-1.708547E-01,-3.971048E-01,1.530980E+00,-1.045285E-01,-6.592933E-03
4.472500E+03,-3.312304E-01,-2.053967E-01,-4.297764E-01,1.474682E+00,-1.051218E-01,1.308463E-02
4.473000E+03,-3.647090E-01,-2.380028E-01,-4.588216E-01,1.404719E+00,-1.043744E-01,3.346387E-02
4.473500E+03,-3.963838E-01,-2.683975E-01,-4.839772E-01,1.321474E+00,-1.022448E-01,5.422703E-02
4.474000E+03,-4.260163E-01,-2.963225E-01,-5.050071E-01,1.225484E+00,-9.871747E-02,7.504140E-02
4.474500E+03,-4.533655E-01,-3.215388E-01,-5.217056E-01,1.117436E+00,-9.380304E-02,9.556614E-02
4.475000E+03,-4.781905E-01,-3.438281E-01,-5.339002E-01,9.981567E-01,-8.753852E-02,1.154594E-01
4.475500E+03,-5.002536E-01,-3.629951E-01,-5.414535E-01,8.686103E-01,-7.998639E-02,1.343854E-01
4.476000E+03,-5.193244E-01,-3.788684E-01,-5.442663E-01,7.298840E-01,-7.123337E-02,1.520217E-01
4.476500E+03,-5.351830E-01,-3.913026E-01,-5.422791E-01,5.831772E-01,-6.138861E-02,1.680659E-01
4.477000E+03,-5.476241E-01,-4.001798E-01,-5.354743E-01,4.297879E-01,-5.058140E-02,1.822420E-01
4.477500E+03,-5.564609E-01,-4.054106E-01,-5.238777E-01,2.710973E-01,-3.895846E-02,1.943063E-01
4.478000E+03,-5.615293E-01,-4.069360E-01,-5.075595E-01,1.085536E-01,-2.668085E-02,2.040524E-01
4.478500E+03,-5.626911E-01,-4.047280E-01,-4.866351E-01,-5.634533E-02,-1.392061E-02,2.113158E-01
4.479000E+03,-5.598380E-01,-3.987907E-01,-4.612651E-01,-2.220701E-01,-8.572721E-04,2.159765E-01
4.479500E+03,-5.528944E-01,-3.891614E-01,-4.316549E-01,-3.870776E-01,1.232588E-02,2.179619E-01
4.480000E+03,-5.418208E-01,-3.759105E-01,-3.980543E-01,-5.498298E-01,2.544540E-02,2.172477E-01
4.480500E+03,-5.266156E-01,-3.591424E-01,-3.607551E-01,-7.088115E-01,3.832133E-02,2.138583E-01
4.481000E+03,-5.073171E-01,-3.389953E-01,-3.200900E-01,-8.625482E-01,5.078061E-02,2.078652E-01
4.481500E+03,-4.840048E-01,-3.156404E-01,-2.764290E-01,-1.009623E+00,6.266032E-02,1.993857E-01
4.482000E+03,-4.567998E-01,-2.892817E-01,-2.301768E-01,-1.148692E+00,7.381053E-02,1.885792E-01
4.482500E+03,-4.258652E-01,-2.601550E-01,-1.817686E-01,-1.278500E+00,8.409688E-02,1.756436E-01
4.483000E+03,-3.914046E-01,-2.285259E-01,-1.316662E-01,-1.397893E+00,9.340266E-02,1.608104E-01
4.483500E+03,-3.536612E-01,-1.946884E-01,-8.035264E-02,-1.505830E+00,1.016304E-01,1.443392E-01
4.484000E+03,-3.129158E-01,-1.589622E-01,-2.832731E-02,-1.601393E+00,1.087032E-01,1.265114E-01
4.484500E+03,-2.694837E-01,-1.216906E-01,2.389957E-02,-1.683795E+00,1.145652E-01,1.076243E-01
4.485000E+03,-2.237117E-01,-8.323695E-02,7.581282E-02,-1.752388E+00,1.191815E-01,8.798394E-02
4.485500E+03,-1.759741E-01,-4.398134E-02,1.268983E-01,-1.806664E+00,1.225385E-01,6.789877E-02
4.486000E+03,-1.266687E-01,-4.316899E-03,1.766490E-01,-1.846263E+00,1.246422E-01,4.767268E-02
4.486500E+03,-7.621173E-02,3.535439E-02,2.245709E-01,-1.870967E+00,1.255176E-01,2.759886E-02
4.487000E+03,-2.503340E-02,7.462600E-02,2.701892E-01,-1.880704E+00,1.252066E-01,7.953776E-03
4.487500E+03,2.642767E-02,1.130914E-01,3.130539E-01,-1.875543E+00,1.237663E-01,-1.100817E-02
4.488000E+03,7.772950E-02,1.503489E-01,3.527454E-01,-1.855692E+00,1.212666E-01,-2.905934E-02
4.488500E+03,1.284321E-01,1.860063E-01,3.888792E-01,-1.821486E+00,1.177876E-01,-4.600279E-02
4.489000E+03,1.781026E-01,2.196856E-01,4.211112E-01,-1.773390E+00,1.134172E-01,-6.167528E-02
4.489500E+03,2.263204E-01,2.510282E-01,4.491408E-01,-1.711978E+00,1.082485E-01,-7.594938E-02
4.490000E+03,2.726816E-01,2.796990E-01,4.727154E-01,-1.637937E+00,1.023769E-01,-8.873461E-02
4.490500E+03,3.168038E-01,3.053911E-01,4.916324E-01,-1.552045E+00,9.589799E-02,-9.997763E-02
4.491000E+03,3.583298E-01,3.278298E-01,5.057415E-01,-1.455168E+00,8.890468E-02,-1.096614E-01
4.491500E+03,3.969313E-01,3.467766E-01,5.149464E-01,-1.348247E+00,8.148546E-02,-1.178035E-01
4.492000E+03,4.323117E-01,3.620320E-01,5.192050E-01,-1.232285E+00,7.372239E-02,-1.244535E-01
4.492500E+03,4.642085E-01,3.734389E-01,5.185294E-01,-1.108336E+00,6.568956E-02,-1.296899E-01
4.493000E+03,4.923953E-01,3.808845E-01,5.129848E-01,-9.774954E-01,5.745197E-02,-1.336159E-01
4.493500E+03,5.166829E-01,3.843023E-01,5.026884E-01,-8.408870E-01,4.906472E-02,-1.363549E-01
4.494000E+03,5.369201E-01,3.836729E-01,4.878065E-01,-6.996528E-01,4.057262E-02,-1.380456E-01
4.494500E+03,5.529935E-01,3.790243E-01,4.685522E-01,-5.549428E-01,3.201024E-02,-1.388370E-01
4.495000E+03,5.648270E-01,3.704321E-01,4.451812E-01,-4.079049E-01,2.340232E-02,-1.388829E-01
4.495500E+03,5.723814E-01,3.580181E-01,4.179884E-01,-2.596760E-01,1.476453E-02,-1.383366E-01
4.496000E+03,5.756520E-01,3.419489E-01,3.873032E-01,-1.113738E-01,6.104663E-03,-1.373460E-01
4.496500E+03,5.746676E-01,3.224333E-01,3.534848E-01,3.591127E-02,-2.575990E-03,-1.360488E-01
4.497000E+03,5.694880E-01,2.997198E-01,3.169171E-01,1.811223E-01,-1.128091E-02,-1.345677E-01
4.497500E+03,5.602016E-01,2.740932E-01,2.780036E-01,3.232422E-01,-2.001650E-02,-1.330072E-01
4.498000E+03,5.469228E-01,2.458702E-01,2.371619E-01,4.612990E-01,-2.879001E-02,-1.314503E-01
4.498500E+03,5.297895E-01,2.153950E-01,1.948189E-01,5.943698E-01,-3.760750E-02,-1.299557E-01
4.499000E+03,5.089602E-01,1.830352E-01,1.514049E-01,7.215848E-01,-4.647167E-02,-1.285567E-01
4.499500E+03,4.846116E-01,1.491757E-01,1.073492E-01,8.421301E-01,-5.537990E-02,-1.272598E-01
4.500000E+03,4.569357E-01,1.142142E-01,6.307479E-02,9.552500E-01,-6.432224E-02,-1.260455E-01
4.500500E+03,4.261379E-01,7.855539E-02,1.899437E-02,1.060248E+00,-7.327977E-02,-1.248682E-01
4.501000E+03,3.924345E-01,4.260555E-02,-2.449420E-02,1.156490E+00,-8.222306E-02,-1.236588E-01
4.501500E+03,3.560510E-01,6.767155E-03,-6.701146E-02,1.243402E+00,-9.111104E-02,-1.223265E-01
4.502000E+03,3.172207E-01,-2.856636E-02,-1.081997E-01,1.320473E+00,-9.989009E-02,-1.207621E-01
4.502500E+03,2.761833E-01,-6.301563E-02,-1.477256E-01,1.387254E+00,-1.084937E-01,-1.188418E-01
4.503000E+03,2.331837E-01,-9.622012E-02,-1.852829E-01,1.443356E+00,-1.168422E-01,-1.164312E-01
4.503500E+03,1.884722E-01,-1.278424E-01,-2.205942E-01,1.488453E+00,-1.248434E-01,-1.133903E-01
4.504000E+03,1.423035E-01,-1.575720E-01,-2.534118E-01,1.522281E+00,-1.323932E-01,-1.095780E-01
4.504500E+03,9.493703E-02,-1.851290E-01,-2.835196E-01,1.544634E+00,-1.393769E-01,-1.048571E-01
4.505000E+03,4.663709E-02,-2.102666E-01,-3.107325E-01,1.555369E+00,-1.456706E-01,-9.909992E-02
4.505500E+03,-2.326605E-03,-2.327735E-01,-3.348974E-01,1.554401E+00,-1.511436E-01,-9.219251E-02
4.506000E+03,-5.167848E-02,-2.524757E-01,-3.558921E-01,1.541704E+00,-1.556603E-01,-8.403982E-02
4.506500E+03,-1.011364E-01,-2.692373E-01,-3.736252E-01,1.517314E+00,-1.590831E-01,-7.456981E-02
4.507000E+03,-1.504111E-01,-2.829612E-01,-3.880348E-01,1.481325E+00,-1.612755E-01,-6.373739E-02
4.507500E+03,-1.992055E-01,-2.935886E-01,-3.990874E-01,1.433891E+00,-1.621046E-01,-5.152770E-02
4.508000E+03,-2.472145E-01,-3.010989E-01,-4.067766E-01,1.375228E+00,-1.614450E-01,-3.795869E-02
4.508500E+03,-2.941244E-01,-3.055079E-01,-4.111213E-01,1.305613E+00,-1.591814E-01,-2.308308E-02
4.509000E+03,-3.396134E-01,-3.068663E-01,-4.121642E-01,1.225382E+00,-1.552125E-01,-6.989402E-03
4.509500E+03,-3.833516E-01,-3.052574E-01,-4.099702E-01,1.134937E+00,-1.494538E-01,1.019765E-02
4.510000E+03,-4.250021E-01,-3.007947E-01,-4.046243E-01,1.034743E+00,-1.418407E-01,2.831780E-02
4.510500E+03,-4.642219E-01,-2.936192E-01,-3.962300E-01,9.253273E-01,-1.323311E-01,4.717659E-02
4.511000E+03,-5.006641E-01,-2.838957E-01,-3.849079E-01,8.072830E-01,-1.209086E-01,6.654755E-02
4.511500E+03,-5.339795E-01,-2.718101E-01,-3.707937E-01,6.812682E-01,-1.075836E-01,8.617524E-02
4.512000E+03,-5.638194E-01,-2.575658E-01,-3.540368E-01,5.480058E-01,-9.239591E-02,1.057790E-01
4.512500E+03,-5.898394E-01,-2.413798E-01,-3.347988E-01,4.082836E-01,-7.541564E-02,1.250571E-01
4.513000E+03,-6.117020E-01,-2.234800E-01,-3.132525E-01,2.629527E-01,-5.674396E-02,1.436923E-01
4.513500E+03,-6.290817E-01,-2.041012E-01,-2.895801E-01,1.129266E-01,-3.651338E-02,1.613567E-01
4.514000E+03,-6.416688E-01,-1.834822E-01,-2.639726E-01,-4.082113E-02,-1.488740E-02,1.777178E-01
4.514500E+03,-6.491744E-01,-1.618626E-01,-2.366288E-01,-1.972601E-01,7.940381E-03,1.924450E-01
4.515000E+03,-6.513357E-01,-1.394798E-01,-2.077540E-01,-3.553067E-01,3.174783E-02,2.052152E-01
4.515500E+03,-6.479209E-01,-1.165666E-01,-1.775595E-01,-5.138291E-01,5.628626E-02,2.157200E-01
4.516000E+03,-6.387350E-01,-9.334916E-02,-1.462617E-01,-6.716525E-01,8.128313E-02,2.236712E-01
4.516500E+03,-6.236243E-01,-7.004426E-02,-1.140815E-01,-8.275666E-01,1.064451E-01,2.288074E-01
4.517000E+03,-6.024827E-01,-4.685827E-02,-8.124337E-02,-9.803327E-01,1.314618E-01,2.308993E-01
4.517500E+03,-5.752555E-01,-2.398547E-02,-4.797474E-02,-1.128693E+00,1.560096E-01,2.297558E-01
4.518000E+03,-5.419447E-01,-1.607009E-03,-1.450528E-02,-1.271380E+00,1.797565E-01,2.252277E-01
4.518500E+03,-5.026129E-01,2.010982E-02,1.893397E-02,-1.407127E+00,2.023665E-01,2.172130E-01
4.519000E+03,-4.573868E-01,4.101211E-02,5.211144E-02,-1.534682E+00,2.235048E-01,2.056595E-01
4.519500E+03,-4.064598E-01,6.096160E-02,8.479592E-02,-1.652815E+00,2.428429E-01,1.905681E-01
4.520000E+03,-3.500944E-01,7.983463E-02,1.167576E-01,-1.760336E+00,2.600637E-01,1.719944E-01
4.520500E+03,-2.886231E-01,9.752204E-02,1.477693E-01,-1.856106E+00,2.748671E-01,1.500494E-01
4.521000E+03,-2.224487E-01,1.139287E-01,1.776075E-01,-1.939053E+00,2.869750E-01,1.249002E-01
4.521500E+03,-1.520435E-01,1.289732E-01,2.060536E-01,-2.008181E+00,2.961360E-01,9.676854E-02
4.522000E+03,-7.794718E-02,1.425872E-01,2.328957E-01,-2.062589E+00,3.021306E-01,6.592919E-02
4.522500E+03,-7.642367E-04,1.547145E-01,2.579296E-01,-2.101484E+00,3.047751E-01,3.270720E-02
4.523000E+03,7.884040E-02,1.653110E-01,2.809608E-01,-2.124188E+00,3.039258E-01,-2.525749E-03
4.523500E+03,1.601464E-01,1.743435E-01,3.018056E-01,-2.130160E+00,2.994824E-01,-3.935588E-02
4.524000E+03,2.423842E-01,1.817891E-01,3.202933E-01,-2.118998E+00,2.913908E-01,-7.733257E-02
4.524500E+03,3.247423E-01,1.876348E-01,3.362675E-01,-2.090455E+00,2.796452E-01,-1.159744E-01
4.525000E+03,4.063756E-01,1.918770E-01,3.495878E-01,-2.044443E+00,2.642901E-01,-1.547757E-01
4.525500E+03,4.864139E-01,1.945205E-01,3.601316E-01,-1.981045E+00,2.454202E-01,-1.932139E-01
4.526000E+03,5.639725E-01,1.955788E-01,3.677953E-01,-1.900515E+00,2.231815E-01,-2.307570E-01
4.526500E+03,6.381618E-01,1.950731E-01,3.724962E-01,-1.803283E+00,1.977698E-01,-2.668718E-01
4.527000E+03,7.080987E-01,1.930325E-01,3.741734E-01,-1.689955E+00,1.694294E-01,-3.010317E-01
4.527500E+03,7.729179E-01,1.894937E-01,3.727893E-01,-1.561312E+00,1.384509E-01,-3.327251E-01
4.528000E+03,8.317833E-01,1.845007E-01,3.683307E-01,-1.418306E+00,1.051681E-01,-3.614637E-01
4.528500E+03,8.838993E-01,1.781049E-01,3.608092E-01,-1.262053E+00,6.995392E-02,-3.867903E-01
4.529000E+03,9.285225E-01,1.703650E-01,3.502622E-01,-1.093823E+00,3.321651E-02,-4.082866E-01
4.529500E+03,9.649728E-01,1.613470E-01,3.367532E-01,-9.150325E-01,-4.606392E-03,-4.255804E-01
4.530000E+03,9.926436E-01,1.511239E-01,3.203718E-01,-7.272265E-01,-4.305286E-02,-4.383523E-01
4.530500E+03,1.011012E+00,1.397760E-01,3.012337E-01,-5.320663E-01,-8.164299E-02,-4.463416E-01
4.531000E+03,1.019648E+00,1.273904E-01,2.794804E-01,-3.313107E-01,-1.198854E-01,-4.493517E-01
4.531500E+03,1.018222E+00,1.140611E-01,2.552780E-01,-1.267969E-01,-1.572841E-01,-4.472538E-01
4.532000E+03,1.006514E+00,9.988861E-02,2.288171E-01,7.957975E-02,-1.933456E-01,-4.399910E-01
4.532500E+03,9.844145E-01,8.497954E-02,2.003107E-01,2.858877E-01,-2.275856E-01,-4.275799E-01
4.533000E+03,9.519351E-01,6.944626E-02,1.699931E-01,4.901817E-01,-2.595368E-01,-4.101120E-01
4.533500E+03,9.092067E-01,5.340627E-02,1.381181E-01,6.905260E-01,-2.887553E-01,-3.877535E-01
4.534000E+03,8.564830E-01,3.698151E-02,1.049570E-01,8.850175E-01,-3.148275E-01,-3.607442E-01
4.534500E+03,7.941397E-01,2.029765E-02,7.079615E-02,1.071808E+00,-3.373765E-01,-3.293949E-01
4.535000E+03,7.226725E-01,3.483103E-03,3.593469E-02,1.249129E+00,-3.560678E-01,-2.940840E-01
4.535500E+03,6.426943E-01,-1.333187E-02,6.817551E-04,1.415310E+00,-3.706149E-01,-2.552527E-01
4.536000E+03,5.549290E-01,-3.001629E-02,-3.464633E-02,1.568800E+00,-3.807840E-01,-2.133992E-01
4.536500E+03,4.602059E-01,-4.643957E-02,-6.972899E-02,1.708188E+00,-3.863977E-01,-1.690719E-01
4.537000E+03,3.594506E-01,-6.247272E-02,-1.042445E-01,1.832215E+00,-3.873383E-01,-1.228616E-01
4.537500E+03,2.536757E-01,-7.798957E-02,-1.378732E-01,1.939796E+00,-3.835502E-01,-7.539328E-02
4.538000E+03,1.439699E-01,-9.286803E-02,-1.703004E-01,2.030023E+00,-3.750411E-01,-2.731647E-02
4.538500E+03,3.148570E-02,-1.069913E-01,-2.012201E-01,2.102182E+00,-3.618828E-01,2.070400E-02
4.539000E+03,-8.257395E-02,-1.202490E-01,-2.303377E-01,2.155756E+00,-3.442101E-01,6.799833E-02
4.539500E+03,-1.969696E-01,-1.325385E-01,-2.573733E-01,2.190432E+00,-3.222201E-01,1.139019E-01
4.540000E+03,-3.104401E-01,-1.437658E-01,-2.820647E-01,2.206099E+00,-2.961694E-01,1.577658E-01
4.540500E+03,-4.217182E-01,-1.538467E-01,-3.041702E-01,2.202848E+00,-2.663708E-01,1.989666E-01
4.541000E+03,-5.295458E-01,-1.627074E-01,-3.234715E-01,2.180969E+00,-2.331895E-01,2.369167E-01
4.541500E+03,-6.326898E-01,-1.702855E-01,-3.397762E-01,2.140940E+00,-1.970377E-01,2.710735E-01
4.542000E+03,-7.299577E-01,-1.765305E-01,-3.529198E-01,2.083424E+00,-1.583697E-01,3.009480E-01
4.542500E+03,-8.202130E-01,-1.814043E-01,-3.627679E-01,2.009252E+00,-1.176748E-01,3.261132E-01
4.543000E+03,-9.023897E-01,-1.848812E-01,-3.692181E-01,1.919411E+00,-7.547119E-02,3.462107E-01
4.543500E+03,-9.755064E-01,-1.869486E-01,-3.722012E-01,1.815028E+00,-3.229819E-02,3.609567E-01
4.544000E+03,-1.038679E+00,-1.876064E-01,-3.716822E-01,1.697355E+00,1.129089E-02,3.701471E-01
4.544500E+03,-1.091134E+00,-1.868674E-01,-3.676614E-01,1.567750E+00,5.473671E-02,3.736605E-01
4.545000E+03,-1.132215E+00,-1.847564E-01,-3.601742E-01,1.427656E+00,9.748170E-02,3.714607E-01
4.545500E+03,-1.161399E+00,-1.813103E-01,-3.492917E-01,1.278584E+00,1.389778E-01,3.635974E-01
4.546000E+03,-1.178297E+00,-1.765769E-01,-3.351196E-01,1.122092E+00,1.786943E-01,3.502055E-01
4.546500E+03,-1.182663E+00,-1.706149E-01,-3.177980E-01,9.597671E-01,2.161249E-01,3.315029E-01
4.547000E+03,-1.174396E+00,-1.634928E-01,-2.974998E-01,7.932047E-01,2.507947E-01,3.077875E-01
4.547500E+03,-1.153548E+00,-1.552878E-01,-2.744291E-01,6.239910E-01,2.822672E-01,2.794320E-01
4.548000E+03,-1.120317E+00,-1.460852E-01,-2.488194E-01,4.536853E-01,3.101496E-01,2.468785E-01
4.548500E+03,-1.075048E+00,-1.359775E-01,-2.209314E-01,2.838041E-01,3.340981E-01,2.106306E-01
4.549000E+03,-1.018231E+00,-1.250629E-01,-1.910498E-01,1.158061E-01,3.538228E-01,1.712463E-01
4.549500E+03,-9.504960E-01,-1.134450E-01,-1.594809E-01,-4.892129E-02,3.690911E-01,1.293280E-01
4.550000E+03,-8.726016E-01,-1.012311E-01,-1.265490E-01,-2.090732E-01,3.797304E-01,8.551382E-02
4.550500E+03,-7.854306E-01,-8.853160E-02,-9.259298E-02,-3.634377E-01,3.856304E-01,4.046658E-02
4.551000E+03,-6.899772E-01,-7.545889E-02,-5.796270E-02,-5.109036E-01,3.867438E-01,-5.136287E-03
4.551500E+03,-5.873356E-01,-6.212639E-02,-2.301498E-02,-6.504674E-01,3.830866E-01,-5.061367E-02
4.552000E+03,-4.786870E-01,-4.864759E-02,1.189035E-02,-7.812373E-01,3.747375E-01,-9.529143E-02
4.552500E+03,-3.652844E-01,-3.513525E-02,4.639447E-02,-9.024372E-01,3.618359E-01,-1.385130E-01
4.553000E+03,-2.484381E-01,-2.170045E-02,8.014363E-02,-1.013407E+00,3.445799E-01,-1.796494E-01
4.553500E+03,-1.294988E-01,-8.451888E-03,1.127933E-01,-1.113605E+00,3.232226E-01,-2.181091E-01
4.554000E+03,-9.841607E-03,4.504954E-03,1.440119E-01,-1.202604E+00,2.980684E-01,-2.533465E-01
4.554500E+03,1.091516E-01,1.706849E-02,1.734849E-01,-1.280088E+00,2.694681E-01,-2.848704E-01
4.555000E+03,2.261087E-01,2.914173E-02,2.009182E-01,-1.345855E+00,2.378142E-01,-3.122507E-01
4.555500E+03,3.396848E-01,4.063290E-02,2.260417E-01,-1.399806E+00,2.035346E-01,-3.351245E-01
4.556000E+03,4.485785E-01,5.145607E-02,2.486122E-01,-1.441942E+00,1.670867E-01,-3.532008E-01
4.556500E+03,5.515481E-01,6.153174E-02,2.684164E-01,-1.472359E+00,1.289511E-01,-3.662642E-01
4.557000E+03,6.474268E-01,7.078738E-02,2.852732E-01,-1.491244E+00,8.962489E-02,-3.741771E-01
4.557500E+03,7.351371E-01,7.915794E-02,2.990354E-01,-1.498863E+00,4.961471E-02,-3.768803E-01
4.558000E+03,8.137040E-01,8.658638E-02,3.095919E-01,-1.495562E+00,9.430148E-03,-3.743933E-01
4.558500E+03,8.822665E-01,9.302411E-02,3.168682E-01,-1.481753E+00,-3.042304E-02,-3.668122E-01
4.559000E+03,9.400882E-01,9.843140E-02,3.208274E-01,-1.457913E+00,-6.944949E-02,-3.543072E-01
4.559500E+03,9.865660E-01,1.027778E-01,3.214701E-01,-1.424575E+00,-1.071705E-01,-3.371186E-01
4.560000E+03,1.021237E+00,1.060426E-01,3.188346E-01,-1.382321E+00,-1.431302E-01,-3.155519E-01
4.560500E+03,1.043783E+00,1.082147E-01,3.129952E-01,-1.331778E+00,-1.769009E-01,-2.899717E-01
4.561000E+03,1.054036E+00,1.092934E-01,3.040618E-01,-1.273608E+00,-2.080883E-01,-2.607955E-01
4.561500E+03,1.051975E+00,1.092881E-01,2.921777E-01,-1.208507E+00,-2.363362E-01,-2.284857E-01
4.562000E+03,1.037733E+00,1.082187E-01,2.775177E-01,-1.137192E+00,-2.613303E-01,-1.935424E-01
4.562500E+03,1.011585E+00,1.061153E-01,2.602853E-01,-1.060404E+00,-2.828019E-01,-1.564946E-01
4.563000E+03,9.739509E-01,1.030182E-01,2.407101E-01,-9.788914E-01,-3.005305E-01,-1.178920E-01
4.563500E+03,9.253877E-01,9.897750E-02,2.190446E-01,-8.934146E-01,-3.143461E-01,-7.829627E-02
4.564000E+03,8.665798E-01,9.405294E-02,1.955604E-01,-8.047329E-01,-3.241301E-01,-3.827243E-02
4.564500E+03,7.983307E-01,8.831321E-02,1.705451E-01,-7.136020E-01,-3.298168E-01,1.619417E-03
4.565000E+03,7.215523E-01,8.183534E-02,1.442980E-01,-6.207671E-01,-3.313929E-01,4.083220E-02
4.565500E+03,6.372522E-01,7.470394E-02,1.171266E-01,-5.269576E-01,-3.288970E-01,7.883954E-02
4.566000E+03,5.465204E-01,6.701020E-02,8.934244E-02,-4.328813E-01,-3.224187E-01,1.151428E-01
4.566500E+03,4.505150E-01,5.885091E-02,6.125717E-02,-3.392191E-01,-3.120961E-01,1.492777E-01
4.567000E+03,3.504472E-01,5.032722E-02,3.317885E-02,-2.466189E-01,-2.981137E-01,1.808200E-01
4.567500E+03,2.475650E-01,4.154339E-02,5.408135E-03,-1.556914E-01,-2.806995E-01,2.093904E-01
4.568000E+03,1.431381E-01,3.260538E-02,-2.176517E-02,-6.700418E-02,-2.601211E-01,2.346592E-01
4.568500E+03,3.844079E-02,2.361938E-02,-4.806547E-02,1.892180E-02,-2.366819E-01,2.563490E-01
4.569000E+03,-6.526336E-02,1.469038E-02,-7.323435E-02,1.016169E-01,-2.107168E-01,2.742380E-01
4.569500E+03,-1.667377E-01,5.920535E-03,-9.703331E-02,1.806661E-01,-1.825873E-01,2.881608E-01
4.570000E+03,-2.647878E-01,-2.592258E-03,-1.192461E-01,2.557114E-01,-1.526766E-01,2.980099E-01
4.570500E+03,-3.582756E-01,-1.075590E-02,-1.396807E-01,3.264544E-01,-1.213844E-01,3.037354E-01
4.571000E+03,-4.461336E-01,-1.848550E-02,-1.581710E-01,3.926571E-01,-8.912152E-02,3.053441E-01
4.571500E+03,-5.273769E-01,-2.570466E-02,-1.745780E-01,4.541421E-01,-5.630451E-02,3.028979E-01
4.572000E+03,-6.011152E-01,-3.234669E-02,-1.887903E-01,5.107923E-01,-2.335019E-02,2.965117E-01
4.572500E+03,-6.665621E-01,-3.835563E-02,-2.007250E-01,5.625488E-01,9.329704E-03,2.863504E-01
4.573000E+03,-7.230441E-01,-4.368707E-02,-2.103272E-01,6.094081E-01,4.133369E-02,2.726251E-01
4.573500E+03,-7.700074E-01,-4.830878E-02,-2.175700E-01,6.514186E-01,7.227561E-02,2.555898E-01
4.574000E+03,-8.070229E-01,-5.220108E-02,-2.224535E-01,6.886760E-01,1.017894E-01,2.355361E-01
4.574500E+03,-8.337903E-01,-5.535704E-02,-2.250036E-01,7.213171E-01,1.295333E-01,2.127888E-01
4.575000E+03,-8.501394E-01,-5.778228E-02,-2.252711E-01,7.495141E-01,1.551944E-01,1.877010E-01
4.575500E+03,-8.560304E-01,-5.949464E-02,-2.233295E-01,7.734668E-01,1.784917E-01,1.606482E-01
4.576000E+03,-8.515525E-01,-6.052355E-02,-2.192732E-01,7.933954E-01,1.991794E-01,1.320233E-01
4.576500E+03,-8.369204E-01,-6.090909E-02,-2.132157E-01,8.095324E-01,2.170498E-01,1.022308E-01
4.577000E+03,-8.124695E-01,-6.070089E-02,-2.052870E-01,8.221139E-01,2.319349E-01,7.168144E-02
4.577500E+03,-7.786495E-01,-5.995679E-02,-1.956317E-01,8.313723E-01,2.437084E-01,4.078640E-02
4.578000E+03,-7.360171E-01,-5.874128E-02,-1.844059E-01,8.375275E-01,2.522861E-01,9.952212E-03
4.578500E+03,-6.852264E-01,-5.712382E-02,-1.717756E-01,8.407796E-01,2.576263E-01,-2.042458E-02
4.579000E+03,-6.270194E-01,-5.517703E-02,-1.579137E-01,8.413025E-01,2.597299E-01,-4.996231E-02
4.579500E+03,-5.622149E-01,-5.297482E-02,-1.429977E-01,8.392371E-01,2.586391E-01,-7.829887E-02
4.580000E+03,-4.916964E-01,-5.059046E-02,-1.272077E-01,8.346871E-01,2.544361E-01,-1.050960E-01
4.580500E+03,-4.164001E-01,-4.809467E-02,-1.107242E-01,8.277148E-01,2.472408E-01,-1.300432E-01
4.581000E+03,-3.373022E-01,-4.555381E-02,-9.372586E-02,8.183389E-01,2.372090E-01,-1.528613E-01
4.581500E+03,-2.554056E-01,-4.302816E-02,-7.638803E-02,8.065341E-01,2.245288E-01,-1.733054E-01
4.582000E+03,-1.717269E-01,-4.057034E-02,-5.888084E-02,7.922309E-01,2.094175E-01,-1.911672E-01
4.582500E+03,-8.728402E-02,-3.822395E-02,-4.136792E-02,7.753187E-01,1.921180E-01,-2.062776E-01
4.583000E+03,-3.082876E-03,-3.602247E-02,-2.400511E-02,7.556496E-01,1.728946E-01,-2.185074E-01
4.583500E+03,7.989418E-02,-3.398838E-02,-6.939484E-03,7.330435E-01,1.520290E-01,-2.277688E-01
4.584000E+03,1.607001E-01,-3.213266E-02,9.691492E-03,7.072954E-01,1.298159E-01,-2.340154E-01
4.584500E+03,2.384336E-01,-3.045451E-02,2.576056E-02,6.781834E-01,1.065587E-01,-2.372420E-01
4.585000E+03,3.122495E-01,-2.894152E-02,4.115108E-02,6.454782E-01,8.256481E-02,-2.374841E-01
4.585500E+03,3.813668E-01,-2.757006E-02,5.575731E-02,6.089533E-01,5.814179E-02,-2.348159E-01
4.586000E+03,4.450773E-01,-2.630611E-02,6.948449E-02,5.683961E-01,3.359285E-02,-2.293493E-01
4.586500E+03,5.027515E-01,-2.510634E-02,8.224879E-02,5.236189E-01,9.213064E-03,-2.212305E-01
4.587000E+03,5.538445E-01,-2.391952E-02,9.397716E-02,4.744707E-01,-1.471438E-02,-2.106381E-01
4.587500E+03,5.978997E-01,-2.268816E-02,1.046071E-01,4.208485E-01,-3.792146E-02,-1.977793E-01
4.588000E+03,6.345523E-01,-2.135041E-02,1.140863E-01,3.627076E-01,-6.015835E-02,-1.828861E-01
4.588500E+03,6.635309E-01,-1.984218E-02,1.223722E-01,3.000715E-01,-8.119589E-02,-1.662118E-01
4.589000E+03,6.846577E-01,-1.809924E-02,1.294320E-01,2.330411E-01,-1.008278E-01,-1.480266E-01
4.589500E+03,6.978481E-01,-1.605960E-02,1.352416E-01,1.618013E-01,-1.188723E-01,-1.286129E-01
4.590000E+03,7.031092E-01,-1.366575E-02,1.397858E-01,8.662704E-02,-1.351732E-01,-1.082614E-01
4.590500E+03,7.005368E-01,-1.086688E-02,1.430576E-01,7.886721E-03,-1.496008E-01,-8.726577E-02
4.591000E+03,6.903117E-01,-7.621071E-03,1.450580E-01,-7.395602E-02,-1.620520E-01,-6.591891E-02
4.591500E+03,6.726954E-01,-3.897204E-03,1.457957E-01,-1.583430E-01,-1.724505E-01,-4.450809E-02
4.592000E+03,6.480244E-01,3.232742E-04,1.452868E-01,-2.446245E-01,-1.807454E-01,-2.331091E-02
4.592500E+03,6.167048E-01,5.044907E-03,1.435549E-01,-3.320642E-01,-1.869114E-01,-2.591417E-03
4.593000E+03,5.792055E-01,1.025710E-02,1.406306E-01,-4.198468E-01,-1.909468E-01,1.740351E-02
4.593500E+03,5.360511E-01,1.593336E-02,1.365516E-01,-5.070878E-01,-1.928720E-01,3.644727E-02
4.594000E+03,4.878153E-01,2.203094E-02,1.313629E-01,-5.928450E-01,-1.927281E-01,5.433627E-02
4.594500E+03,4.351128E-01,2.849088E-02,1.251161E-01,-6.761317E-01,-1.905751E-01,7.089214E-02
4.595000E+03,3.785919E-01,3.523851E-02,1.178704E-01,-7.559325E-01,-1.864893E-01,8.596332E-02
4.595500E+03,3.189271E-01,4.218438E-02,1.096917E-01,-8.312190E-01,-1.805620E-01,9.942623E-02
4.596000E+03,2.568111E-01,4.922558E-02,1.006530E-01,-9.009670E-01,-1.728969E-01,1.111857E-01
4.596500E+03,1.929479E-01,5.624750E-02,9.083425E-02,-9.641749E-01,-1.636087E-01,1.211751E-01
4.597000E+03,1.280449E-01,6.312593E-02,8.032241E-02,-1.019881E+00,-1.528206E-01,1.293554E-01
4.597500E+03,6.280645E-02,6.972950E-02,6.921095E-02,-1.067183E+00,-1.406632E-01,1.357142E-01
4.598000E+03,-2.073246E-03,7.592239E-02,5.759975E-02,-1.105251E+00,-1.272726E-01,1.402645E-01
4.598500E+03,-6.591631E-02,8.156726E-02,4.559468E-02,-1.133349E+00,-1.127891E-01,1.430418E-01
4.599000E+03,-1.280673E-01,8.652831E-02,3.330704E-02,-1.150848E+00,-9.735626E-02,1.441023E-01
4.599500E+03,-1.878986E-01,9.067446E-02,2.085299E-02,-1.157237E+00,-8.111973E-02,1.435201E-01
4.600000E+03,-2.448161E-01,9.388246E-02,8.352671E-03,-1.152136E+00,-6.422667E-02,1.413841E-01
4.600500E+03,-2.982634E-01,9.604002E-02,-4.070641E-03,-1.135305E+00,-4.682518E-02,1.377947E-01
4.601000E+03,-3.477266E-01,9.704873E-02,-1.629165E-02,-1.106651E+00,-2.906397E-02,1.328612E-01
4.601500E+03,-3.927380E-01,9.682673E-02,-2.818424E-02,-1.066231E+00,-1.109213E-02,1.266983E-01
4.602000E+03,-4.328797E-01,9.531121E-02,-3.962277E-02,-1.014254E+00,6.940969E-03,1.194232E-01
4.602500E+03,-4.677867E-01,9.246041E-02,-5.048355E-02,-9.510772E-01,2.488572E-02,1.111529E-01
4.603000E+03,-4.971495E-01,8.825527E-02,-6.064638E-02,-8.772064E-01,4.259230E-02,1.020017E-01
4.603500E+03,-5.207165E-01,8.270069E-02,-6.999612E-02,-7.932851E-01,5.991070E-02,9.207892E-02
4.604000E+03,-5.382955E-01,7.582614E-02,-7.842437E-02,-7.000873E-01,7.669085E-02,8.148745E-02
4.604500E+03,-5.497557E-01,6.768590E-02,-8.583115E-02,-5.985057E-01,9.278285E-02,7.032215E-02
4.605000E+03,-5.550280E-01,5.835866E-02,-9.212654E-02,-4.895384E-01,1.080373E-01,5.866924E-02
4.605500E+03,-5.541061E-01,4.794664E-02,-9.723227E-02,-3.742741E-01,1.223059E-01,4.660590E-02
4.606000E+03,-5.470465E-01,3.657417E-02,-1.010833E-01,-2.538754E-01,1.354421E-01,3.420045E-02
4.606500E+03,-5.339680E-01,2.438574E-02,-1.036291E-01,-1.295618E-01,1.473024E-01,2.151299E-02
4.607000E+03,-5.150512E-01,1.154366E-02,-1.048352E-01,-2.591905E-03,1.577473E-01,8.596445E-03
4.607500E+03,-4.905371E-01,-1.774824E-03,-1.046839E-01,1.257549E-01,1.666426E-01,-4.501938E-03
4.608000E+03,-4.607252E-01,-1.538061E-02,-1.031754E-01,2.541963E-01,1.738619E-01,-1.773883E-02
4.608500E+03,-4.259715E-01,-2.907627E-02,-1.003281E-01,3.814643E-01,1.792874E-01,-3.107274E-02
4.609000E+03,-3.866858E-01,-4.265969E-02,-9.617930E-02,5.063220E-01,1.828132E-01,-4.446185E-02
4.609500E+03,-3.433277E-01,-5.592789E-02,-9.078512E-02,6.275787E-01,1.843466E-01,-5.786166E-02
4.610000E+03,-2.964035E-01,-6.868092E-02,-8.422009E-02,7.441040E-01,1.838108E-01,-7.122272E-02
4.610500E+03,-2.464615E-01,-8.072569E-02,-7.657674E-02,8.548401E-01,1.811475E-01,-8.448843E-02
4.611000E+03,-1.940867E-01,-9.187973E-02,-6.796462E-02,9.588120E-01,1.763186E-01,-9.759309E-02
4.611500E+03,-1.398957E-01,-1.019747E-01,-5.850912E-02,1.055136E+00,1.693093E-01,-1.104602E-01
4.612000E+03,-8.453043E-02,-1.108596E-01,-4.834994E-02,1.143026E+00,1.601293E-01,-1.230011E-01
4.612500E+03,-2.865191E-02,-1.184039E-01,-3.763930E-02,1.221799E+00,1.488151E-01,-1.351143E-01
4.613000E+03,2.706699E-02,-1.244998E-01,-2.653977E-02,1.290876E+00,1.354316E-01,-1.466848E-01
4.613500E+03,8.194872E-02,-1.290643E-01,-1.522205E-02,1.349781E+00,1.200726E-01,-1.575847E-01
4.614000E+03,1.353187E-01,-1.320411E-01,-3.862355E-03,1.398145E+00,1.028621E-01,-1.676739E-01
4.614500E+03,1.865132E-01,-1.334009E-01,7.360277E-03,1.435697E+00,8.395411E-02,-1.768014E-01
4.615000E+03,2.348875E-01,-1.331426E-01,1.826680E-02,1.462265E+00,6.353236E-02,-1.848075E-01
4.615500E+03,2.798237E-01,-1.312927E-01,2.868107E-02,1.477765E+00,4.180923E-02,-1.915263E-01
4.616000E+03,3.207391E-01,-1.279047E-01,3.843281E-02,1.482200E+00,1.902423E-02,-1.967891E-01
4.616500E+03,3.570940E-01,-1.230578E-01,4.736051E-02,1.475650E+00,-4.558207E-03,-2.004277E-01
4.617000E+03,3.883991E-01,-1.168553E-01,5.531422E-02,1.458266E+00,-2.865152E-02,-2.022786E-01
4.617500E+03,4.142231E-01,-1.094223E-01,6.215832E-02,1.430263E+00,-5.295039E-02,-2.021876E-01
4.618000E+03,4.341991E-01,-1.009031E-01,6.777399E-02,1.391910E+00,-7.713469E-02,-2.000138E-01
4.618500E+03,4.480309E-01,-9.145802E-02,7.206150E-02,1.343530E+00,-1.008738E-01,-1.956346E-01
4.619000E+03,4.554982E-01,-8.126019E-02,7.494220E-02,1.285485E+00,-1.238316E-01,-1.889501E-01
4.619500E+03,4.564611E-01,-7.049217E-02,7.636025E-02,1.218179E+00,-1.456713E-01,-1.798875E-01
4.620000E+03,4.508636E-01,-5.934211E-02,7.628388E-02,1.142050E+00,-1.660613E-01,-1.684054E-01
4.620500E+03,4.387362E-01,-4.800014E-02,7.470636E-02,1.057566E+00,-1.846801E-01,-1.544971E-01
4.621000E+03,4.201969E-01,-3.665460E-02,7.164649E-02,9.652249E-01,-2.012226E-01,-1.381937E-01
4.621500E+03,3.954514E-01,-2.548854E-02,6.714874E-02,8.655511E-01,-2.154051E-01,-1.195668E-01
4.622000E+03,3.647925E-01,-1.467618E-02,6.128283E-02,7.590974E-01,-2.269709E-01,-9.873016E-02
4.622500E+03,3.285969E-01,-4.379851E-03,5.414299E-02,6.464445E-01,-2.356950E-01,-7.584008E-02
4.623000E+03,2.873223E-01,5.252964E-03,4.584674E-02,5.282023E-01,-2.413891E-01,-5.109584E-02
4.623500E+03,2.415021E-01,1.409210E-02,3.653322E-02,4.050122E-01,-2.439054E-01,-2.473838E-02
4.624000E+03,1.917395E-01,2.202682E-02,2.636121E-02,2.775490E-01,-2.431403E-01,2.951552E-03
4.624500E+03,1.387002E-01,2.896750E-02,1.550668E-02,1.465237E-01,-2.390371E-01,3.165641E-02
4.625000E+03,8.310424E-02,3.484677E-02,4.160130E-03,1.268538E-02,-2.315879E-01,6.102567E-02
4.625500E+03,2.571667E-02,3.962030E-02,-7.476455E-03,-1.231764E-01,-2.208352E-01,9.068057E-02
4.626000E+03,-3.266259E-02,4.326698E-02,-1.919280E-02,-2.602306E-01,-2.068718E-01,1.202196E-01
4.626500E+03,-9.120942E-02,4.578869E-02,-3.077378E-02,-3.976037E-01,-1.898406E-01,1.492249E-01
4.627000E+03,-1.490869E-01,4.720962E-02,-4.200291E-02,-5.343806E-01,-1.699332E-01,1.772688E-01
4.627500E+03,-2.054571E-01,4.757510E-02,-5.266600E-02,-6.696055E-01,-1.473874E-01,2.039213E-01
4.628000E+03,-2.594928E-01,4.695010E-02,-6.255471E-02,-8.022855E-01,-1.224844E-01,2.287575E-01
4.628500E+03,-3.103897E-01,4.541735E-02,-7.147008E-02,-9.313945E-01,-9.554457E-02,2.513657E-01
4.629000E+03,-3.573782E-01,4.307516E-02,-7.922601E-02,-1.055879E+00,-6.692327E-02,2.713544E-01
4.629500E+03,-3.997346E-01,4.003499E-02,-8.565246E-02,-1.174666E+00,-3.700534E-02,2.883606E-01
4.630000E+03,-4.367925E-01,3.641884E-02,-9.059849E-02,-1.286672E+00,-6.199379E-03,3.020566E-01
4.630500E+03,-4.679527E-01,3.235654E-02,-9.393499E-02,-1.390810E+00,2.506841E-02,3.121567E-01
4.631000E+03,-4.926928E-01,2.798286E-02,-9.555713E-02,-1.486008E+00,5.636077E-02,3.184235E-01
4.631500E+03,-5.105754E-01,2.343478E-02,-9.538636E-02,-1.571215E+00,8.723617E-02,3.206731E-01
4.632000E+03,-5.212558E-01,1.884864E-02,-9.337210E-02,-1.645418E+00,1.172555E-01,3.187794E-01
4.632500E+03,-5.244874E-01,1.435749E-02,-8.949295E-02,-1.707654E+00,1.459891E-01,3.126777E-01
4.633000E+03,-5.201264E-01,1.008858E-02,-8.375748E-02,-1.757030E+00,1.730229E-01,3.023670E-01
4.633500E+03,-5.081354E-01,6.160958E-03,-7.620455E-02,-1.792730E+00,1.979653E-01,2.879110E-01
4.634000E+03,-4.885847E-01,2.683416E-03,-6.690316E-02,-1.814038E+00,2.204528E-01,2.694385E-01
4.634500E+03,-4.616522E-01,-2.474178E-04,-5.595186E-02,-1.820345E+00,2.401555E-01,2.471421E-01
4.635000E+03,-4.276224E-01,-2.548643E-03,-4.347766E-02,-1.811168E+00,2.567821E-01,2.212762E-01
4.635500E+03,-3.868831E-01,-4.152378E-03,-2.963460E-02,-1.786159E+00,2.700841E-01,1.921530E-01
4.636000E+03,-3.399211E-01,-5.006750E-03,-1.460175E-02,-1.745117E+00,2.798592E-01,1.601389E-01
4.636500E+03,-2.873161E-01,-5.076570E-03,1.418997E-03,-1.687997E+00,2.859544E-01,1.256486E-01
4.637000E+03,-2.297336E-01,-4.343711E-03,1.820564E-02,-1.614917E+00,2.882676E-01,8.913914E-02
4.637500E+03,-1.679163E-01,-2.807193E-03,3.551903E-02,-1.526164E+00,2.867495E-01,5.110291E-02
4.638000E+03,-1.026745E-01,-4.829868E-04,5.310605E-02,-1.422197E+00,2.814031E-01,1.206003E-02
4.638500E+03,-3.487525E-02,2.596445E-03,7.070319E-02,-1.303645E+00,2.722840E-01,-2.744956E-02
4.639000E+03,3.456874E-02,6.382847E-03,8.804011E-02,-1.171310E+00,2.594991E-01,-6.687440E-02
4.639500E+03,1.047116E-01,1.081309E-02,1.048435E-01,-1.026156E+00,2.432048E-01,-1.056600E-01
4.640000E+03,1.745869E-01,1.581026E-02,1.208408E-01,-8.693079E-01,2.236044E-01,-1.432574E-01
4.640500E+03,2.432207E-01,2.128498E-02,1.357643E-01,-7.020398E-01,2.009450E-01,-1.791310E-01
4.641000E+03,3.096444E-01,2.713678E-02,1.493549E-01,-5.257632E-01,1.755139E-01,-2.127674E-01
4.641500E+03,3.729086E-01,3.325567E-02,1.613660E-01,-3.420147E-01,1.476345E-01,-2.436823E-01
4.642000E+03,4.320954E-01,3.952376E-02,1.715670E-01,-1.524395E-01,1.176620E-01,-2.714278E-01
4.642500E+03,4.863313E-01,4.581698E-02,1.797470E-01,4.122477E-02,8.597817E-02,-2.955988E-01
4.643000E+03,5.347993E-01,5.200681E-02,1.857181E-01,2.371667E-01,5.298645E-02,-3.158389E-01
4.643500E+03,5.767504E-01,5.796213E-02,1.893184E-01,4.335205E-01,1.910695E-02,-3.318450E-01
4.644000E+03,6.115137E-01,6.355101E-02,1.904149E-01,6.283863E-01,-1.522912E-02,-3.433714E-01
4.644500E+03,6.385066E-01,6.864256E-02,1.889057E-01,8.198505E-01,-4.958465E-02,-3.502331E-01
4.645000E+03,6.572430E-01,7.310876E-02,1.847223E-01,1.006007E+00,-8.352196E-02,-3.523078E-01
4.645500E+03,6.673405E-01,7.682625E-02,1.778314E-01,1.184977E+00,-1.166080E-01,-3.495372E-01
4.646000E+03,6.685268E-01,7.967818E-02,1.682357E-01,1.354930E+00,-1.484195E-01,-3.419277E-01
4.646500E+03,6.606443E-01,8.155592E-02,1.559755E-01,1.514104E+00,-1.785475E-01,-3.295497E-01
4.647000E+03,6.436531E-01,8.236084E-02,1.411283E-01,1.660823E+00,-2.066024E-01,-3.125361E-01
4.647500E+03,6.176331E-01,8.200594E-02,1.238094E-01,1.793515E+00,-2.322183E-01,-2.910804E-01
4.648000E+03,5.827843E-01,8.041747E-02,1.041708E-01,1.910729E+00,-2.550566E-01,-2.654341E-01
4.648500E+03,5.394258E-01,7.753651E-02,8.240085E-02,2.011146E+00,-2.748104E-01,-2.359028E-01
4.649000E+03,4.879926E-01,7.332036E-02,5.872198E-02,2.093600E+00,-2.912076E-01,-2.028420E-01
4.649500E+03,4.290324E-01,6.774392E-02,3.338929E-02,2.157080E+00,-3.040140E-01,-1.666530E-01
4.650000E+03,3.631991E-01,6.080091E-02,6.687894E-03,2.200748E+00,-3.130363E-01,-1.277774E-01
4.650500E+03,2.912469E-01,5.250492E-02,-2.106994E-02,2.223942E+00,-3.181242E-01,-8.669194E-02
4.651000E+03,2.140211E-01,4.289029E-02,-4.954810E-02,2.226183E+00,-3.191725E-01,-4.390234E-02
4.651500E+03,1.324498E-01,3.201285E-02,-7.839040E-02,2.207182E+00,-3.161228E-01,6.234650E-05
4.652000E+03,4.753221E-02,1.995036E-02,-1.072246E-01,2.166840E+00,-3.089644E-01,4.465608E-02
4.652500E+03,-3.967202E-02,6.802745E-03,-1.356670E-01,2.105251E+00,-2.977356E-01,8.932210E-02
4.653000E+03,-1.280558E-01,-7.307991E-03,-1.633269E-01,2.022700E+00,-2.825232E-01,1.334993E-01
4.653500E+03,-2.164775E-01,-2.223811E-02,-1.898119E-01,1.919664E+00,-2.634633E-01,1.766287E-01
4.654000E+03,-3.037752E-01,-3.782287E-02,-2.147330E-01,1.796804E+00,-2.407399E-01,2.181595E-01
4.654500E+03,-3.887806E-01,-5.387756E-02,-2.377095E-01,1.654966E+00,-2.145844E-01,2.575558E-01
4.655000E+03,-4.703344E-01,-7.019894E-02,-2.583752E-01,1.495170E+00,-1.852735E-01,2.943024E-01
4.655500E+03,-5.473005E-01,-8.656705E-02,-2.763832E-01,1.318606E+00,-1.531274E-01,3.279109E-01
4.656000E+03,-6.185810E-01,-1.027474E-01,-2.914111E-01,1.126625E+00,-1.185071E-01,3.579254E-01
4.656500E+03,-6.831314E-01,-1.184937E-01,-3.031669E-01,9.207289E-01,-8.181113E-02,3.839283E-01
4.657000E+03,-7.399742E-01,-1.335505E-01,-3.113933E-01,7.025624E-01,-4.347187E-02,4.055453E-01
4.657500E+03,-7.882134E-01,-1.476569E-01,-3.158727E-01,4.738988E-01,-3.951209E-03,4.224503E-01
4.658000E+03,-8.270471E-01,-1.605500E-01,-3.164315E-01,2.366295E-01,3.626419E-02,4.343700E-01
4.658500E+03,-8.557797E-01,-1.719687E-01,-3.129439E-01,-7.250170E-03,7.666820E-02,4.410883E-01
4.659000E+03,-8.738334E-01,-1.816585E-01,-3.053352E-01,-2.556543E-01,1.167410E-01,4.424493E-01
4.659500E+03,-8.807575E-01,-1.893751E-01,-2.935847E-01,-5.064222E-01,1.559552E-01,4.383609E-01
4.660000E+03,-8.762375E-01,-1.948894E-01,-2.777276E-01,-7.573340E-01,1.937825E-01,4.287972E-01
4.660500E+03,-8.601016E-01,-1.979922E-01,-2.578567E-01,-1.006128E+00,2.297005E-01,4.138001E-01
4.661000E+03,-8.323259E-01,-1.984983E-01,-2.341223E-01,-1.250517E+00,2.631998E-01,3.934807E-01
4.661500E+03,-7.930384E-01,-1.962512E-01,-2.067327E-01,-1.488210E+00,2.937910E-01,3.680196E-01
4.662000E+03,-7.425198E-01,-1.911272E-01,-1.759529E-01,-1.716928E+00,3.210122E-01,3.376662E-01
4.662500E+03,-6.812038E-01,-1.830397E-01,-1.421024E-01,-1.934424E+00,3.444364E-01,3.027376E-01
4.663000E+03,-6.096741E-01,-1.719420E-01,-1.055527E-01,-2.138506E+00,3.636778E-01,2.636164E-01
4.663500E+03,-5.286602E-01,-1.578313E-01,-6.672343E-02,-2.327056E+00,3.783991E-01,2.207476E-01
4.664000E+03,-4.390306E-01,-1.407504E-01,-2.607791E-02,-2.498050E+00,3.883175E-01,1.746341E-01
4.664500E+03,-3.417847E-01,-1.207899E-01,1.588220E-02,-2.649583E+00,3.932103E-01,1.258322E-01
4.665000E+03,-2.380414E-01,-9.808934E-02,5.862299E-02,-2.779884E+00,3.929201E-01,7.494513E-02
4.665500E+03,-1.290272E-01,-7.283748E-02,1.015851E-01,-2.887341E+00,3.873591E-01,2.261671E-02
4.666000E+03,-1.606207E-02,-4.527177E-02,1.441912E-01,-2.970520E+00,3.765121E-01,-3.047680E-02
4.666500E+03,9.945713E-02,-1.567703E-02,1.858537E-01,-3.028183E+00,3.604389E-01,-8.363501E-02
4.667000E+03,2.160734E-01,1.561684E-02,2.259832E-01,-3.059306E+00,3.392757E-01,-1.361426E-01
4.667500E+03,3.322883E-01,4.823799E-02,2.639971E-01,-3.063096E+00,3.132349E-01,-1.872791E-01
4.668000E+03,4.465817E-01,8.177669E-02,2.993284E-01,-3.039005E+00,2.826043E-01,-2.363290E-01
4.668500E+03,5.574323E-01,1.157902E-01,3.314344E-01,-2.986743E+00,2.477443E-01,-2.825925E-01
4.669000E+03,6.633381E-01,1.498085E-01,3.598055E-01,-2.906288E+00,2.090844E-01,-3.253960E-01
4.669500E+03,7.628377E-01,1.833408E-01,3.839736E-01,-2.797894E+00,1.671186E-01,-3.641028E-01
4.670000E+03,8.545311E-01,2.158823E-01,4.035199E-01,-2.662096E+00,1.223988E-01,-3.981235E-01
4.670500E+03,9.371007E-01,2.469222E-01,4.180826E-01,-2.499711E+00,7.552830E-02,-4.269262E-01
4.671000E+03,1.009331E+00,2.759517E-01,4.273639E-01,-2.311837E+00,2.715285E-02,-4.500460E-01
4.671500E+03,1.070125E+00,3.024720E-01,4.311353E-01,-2.099849E+00,-2.204795E-02,-4.670934E-01
4.672000E+03,1.118528E+00,3.260033E-01,4.292432E-01,-1.865391E+00,-7.137086E-02,-4.777623E-01
4.672500E+03,1.153735E+00,3.460931E-01,4.216126E-01,-1.610365E+00,-1.200995E-01,-4.818369E-01
4.673000E+03,1.175111E+00,3.623243E-01,4.082503E-01,-1.336915E+00,-1.675155E-01,-4.791965E-01
4.673500E+03,1.182199E+00,3.743239E-01,3.892457E-01,-1.047409E+00,-2.129095E-01,-4.698196E-01
4.674000E+03,1.174732E+00,3.817701E-01,3.647721E-01,-7.444202E-01,-2.555933E-01,-4.537867E-01
4.674500E+03,1.152636E+00,3.843993E-01,3.350849E-01,-4.306995E-01,-2.949102E-01,-4.312802E-01
4.675000E+03,1.116039E+00,3.820128E-01,3.005199E-01,-1.091508E-01,-3.302468E-01,-4.025843E-01
4.675500E+03,1.065267E+00,3.744815E-01,2.614894E-01,2.171992E-01,-3.610431E-01,-3.680815E-01
4.676000E+03,1.000845E+00,3.617507E-01,2.184771E-01,5.452326E-01,-3.868025E-01,-3.282489E-01
4.676500E+03,9.234926E-01,3.438430E-01,1.720322E-01,8.717732E-01,-4.071004E-01,-2.836512E-01
4.677000E+03,8.341128E-01,3.208605E-01,1.227622E-01,1.193621E+00,-4.215921E-01,-2.349337E-01
4.677500E+03,7.337851E-01,2.929852E-01,7.132415E-02,1.507589E+00,-4.300195E-01,-1.828124E-01
4.678000E+03,6.237504E-01,2.604785E-01,1.841569E-02,1.810536E+00,-4.322159E-01,-1.280633E-01
4.678500E+03,5.053949E-01,2.236792E-01,-3.523525E-02,2.099406E+00,-4.281101E-01,-7.151073E-02
4.679000E+03,3.802319E-01,1.830001E-01,-8.888109E-02,2.371261E+00,-4.177282E-01,-1.401411E-02
4.679500E+03,2.498816E-01,1.389232E-01,-1.417658E-01,2.623315E+00,-4.011944E-01,4.354593E-02
4.680000E+03,1.160483E-01,9.199372E-02,-1.931366E-01,2.852968E+00,-3.787296E-01,1.002819E-01
4.680500E+03,-1.950334E-02,4.281321E-02,-2.422553E-01,3.057836E+00,-3.506486E-01,1.553141E-01
4.681000E+03,-1.549733E-01,-7.969097E-03,-2.884099E-01,3.235779E+00,-3.173557E-01,2.077857E-01
4.681500E+03,-2.885521E-01,-5.966532E-02,-3.309261E-01,3.384926E+00,-2.793388E-01,2.568771E-01
4.682000E+03,-4.184469E-01,-1.115591E-01,-3.691774E-01,3.503698E+00,-2.371618E-01,3.018201E-01
4.682500E+03,-5.429077E-01,-1.629163E-01,-4.025961E-01,3.590827E+00,-1.914560E-01,3.419110E-01
4.683000E+03,-6.602533E-01,-2.129964E-01,-4.306819E-01,3.645370E+00,-1.429101E-01,3.765236E-01
4.683500E+03,-7.688960E-01,-2.610638E-01,-4.530104E-01,3.666721E+00,-9.225897E-02,4.051194E-01
4.684000E+03,-8.673654E-01,-3.063998E-01,-4.692402E-01,3.654617E+00,-4.027230E-02,4.272578E-01
4.684500E+03,-9.543304E-01,-3.483140E-01,-4.791186E-01,3.609143E+00,1.225818E-02,4.426040E-01
4.685000E+03,-1.028619E+00,-3.861559E-01,-4.824864E-01,3.530730E+00,6.453139E-02,4.509348E-01
4.685500E+03,-1.089237E+00,-4.193252E-01,-4.792806E-01,3.420146E+00,1.157499E-01,4.521432E-01
4.686000E+03,-1.135382E+00,-4.472827E-01,-4.695358E-01,3.278494E+00,1.651328E-01,4.462400E-01
4.686500E+03,-1.166457E+00,-4.695591E-01,-4.533844E-01,3.107191E+00,2.119286E-01,4.333547E-01
4.687000E+03,-1.182078E+00,-4.857634E-01,-4.310546E-01,2.907958E+00,2.554272E-01,4.137326E-01
4.687500E+03,-1.182080E+00,-4.955903E-01,-4.028672E-01,2.682794E+00,2.949713E-01,3.877313E-01
4.688000E+03,-1.166524E+00,-4.988255E-01,-3.692313E-01,2.433957E+00,3.299673E-01,3.558144E-01
4.688500E+03,-1.135689E+00,-4.953508E-01,-3.306374E-01,2.163934E+00,3.598943E-01,3.185437E-01
4.689000E+03,-1.090075E+00,-4.851463E-01,-2.876505E-01,1.875414E+00,3.843129E-01,2.765693E-01
4.689500E+03,-1.030389E+00,-4.682923E-01,-2.409011E-01,1.571260E+00,4.028714E-01,2.306186E-01
4.690000E+03,-9.575418E-01,-4.449687E-01,-1.910754E-01,1.254470E+00,4.153118E-01,1.814837E-01
4.690500E+03,-8.726267E-01,-4.154531E-01,-1.389050E-01,9.281490E-01,4.214732E-01,1.300074E-01
4.691000E+03,-7.769082E-01,-3.801177E-01,-8.515475E-02,5.954737E-01,4.212940E-01,7.706935E-02
4.691500E+03,-6.718009E-01,-3.394238E-01,-3.061153E-02,2.596554E-01,4.148126E-01,2.356999E-02
4.692000E+03,-5.588483E-01,-2.939159E-01,2.392848E-02,-7.609312E-02,4.021662E-01,-2.958421E-02
4.692500E+03,-4.396994E-01,-2.442132E-01,7.767213E-02,-4.085923E-01,3.835879E-01,-8.149653E-02
4.693000E+03,-3.160840E-01,-1.910009E-01,1.298417E-01,-7.347294E-01,3.594024E-01,-1.312952E-01
4.693500E+03,-1.897864E-01,-1.350202E-01,1.796868E-01,-1.051490E+00,3.300206E-01,-1.781483E-01
4.694000E+03,-6.261839E-02,-7.705654E-02,2.264965E-01,-1.355991E+00,2.959319E-01,-2.212774E-01
4.694500E+03,6.360772E-02,-1.792824E-02,2.696098E-01,-1.645507E+00,2.576962E-01,-2.599707E-01
4.695000E+03,1.871064E-01,4.152619E-02,3.084257E-01,-1.917495E+00,2.159345E-01,-2.935950E-01
4.695500E+03,3.061456E-01,1.004609E-01,3.424129E-01,-2.169626E+00,1.713180E-01,-3.216053E-01
4.696000E+03,4.190723E-01,1.580356E-01,3.711173E-01,-2.399797E+00,1.245579E-01,-3.435543E-01
4.696500E+03,5.243370E-01,2.134286E-01,3.941688E-01,-2.606156E+00,7.639267E-02,-3.590985E-01
4.697000E+03,6.205165E-01,2.658496E-01,4.112863E-01,-2.787116E+00,2.757703E-02,-3.680038E-01
4.697500E+03,7.063342E-01,3.145517E-01,4.222823E-01,-2.941365E+00,-2.113077E-02,-3.701488E-01
4.698000E+03,7.806786E-01,3.588431E-01,4.270644E-01,-3.067877E+00,-6.898088E-02,-3.655254E-01
4.698500E+03,8.426189E-01,3.980977E-01,4.256364E-01,-3.165916E+00,-1.152437E-01,-3.542386E-01
4.699000E+03,8.914176E-01,4.317650E-01,4.180976E-01,-3.235042E+00,-1.592212E-01,-3.365036E-01
4.699500E+03,9.265399E-01,4.593785E-01,4.046402E-01,-3.275104E+00,-2.002580E-01,-3.126414E-01
4.700000E+03,9.476607E-01,4.805626E-01,3.855459E-01,-3.286241E+00,-2.377512E-01,-2.830726E-01
4.700500E+03,9.546670E-01,4.950389E-01,3.611802E-01,-3.268873E+00,-2.711594E-01,-2.483095E-01
4.701000E+03,9.476583E-01,5.026300E-01,3.319860E-01,-3.223689E+00,-3.000112E-01,-2.089467E-01
4.701500E+03,9.269427E-01,5.032621E-01,2.984760E-01,-3.151634E+00,-3.239113E-01,-1.656508E-01
4.702000E+03,8.930306E-01,4.969664E-01,2.612238E-01,-3.053898E+00,-3.425470E-01,-1.191483E-01
4.702500E+03,8.466243E-01,4.838779E-01,2.208541E-01,-2.931890E+00,-3.556917E-01,-7.021346E-02
4.703000E+03,7.886055E-01,4.642335E-01,1.780323E-01,-2.787223E+00,-3.632081E-01,-1.965457E-02
4.703500E+03,7.200202E-01,4.383679E-01,1.334531E-01,-2.621690E+00,-3.650494E-01,3.169931E-02
4.704000E+03,6.420601E-01,4.067082E-01,8.782982E-02,-2.437240E+00,-3.612595E-01,8.301244E-02
4.704500E+03,5.560430E-01,3.697667E-01,4.188187E-02,-2.235954E+00,-3.519711E-01,1.334562E-01
4.705000E+03,4.633908E-01,3.281332E-01,-3.676310E-03,-2.020017E+00,-3.374034E-01,1.822228E-01
4.705500E+03,3.656064E-01,2.824651E-01,-4.814692E-02,-1.791693E+00,-3.178572E-01,2.285382E-01
4.706000E+03,2.642487E-01,2.334771E-01,-9.085988E-02,-1.553298E+00,-2.937097E-01,2.716750E-01
4.706500E+03,1.609083E-01,1.819295E-01,-1.311833E-01,-1.307174E+00,-2.654077E-01,3.109635E-01
4.707000E+03,5.718184E-02,1.286165E-01,-1.685334E-01,-1.055658E+00,-2.334600E-01,3.458027E-01
4.707500E+03,-4.535337E-02,7.435337E-02,-2.023833E-01,-8.010641E-01,-1.984286E-01,3.756695E-01
4.708000E+03,-1.451637E-01,1.996352E-02,-2.322711E-01,-5.456534E-01,-1.609188E-01,4.001268E-01
4.708500E+03,-2.407829E-01,-3.373447E-02,-2.578063E-01,-2.916136E-01,-1.215698E-01,4.188297E-01
4.709000E+03,-3.308347E-01,-8.593972E-02,-2.786759E-01,-4.103699E-02,-8.104317E-02,4.315310E-01
4.709500E+03,-4.140533E-01,-1.358816E-01,-2.946479E-01,2.040981E-01,-4.001263E-02,4.380844E-01
4.710000E+03,-4.893021E-01,-1.828319E-01,-3.055747E-01,4.419445E-01,8.475285E-04,4.384462E-01
4.710500E+03,-5.555903E-01,-2.261159E-01,-3.113940E-01,6.708007E-01,4.087337E-02,4.326752E-01
4.711000E+03,-6.120866E-01,-2.651230E-01,-3.121292E-01,8.891228E-01,7.942217E-02,4.209315E-01
4.711500E+03,-6.581304E-01,-2.993158E-01,-3.078874E-01,1.095533E+00,1.158829E-01,4.034729E-01
4.712000E+03,-6.932403E-01,-3.282385E-01,-2.988568E-01,1.288829E+00,1.496863E-01,3.806502E-01
4.712500E+03,-7.171187E-01,-3.515234E-01,-2.853025E-01,1.467981E+00,1.803136E-01,3.529010E-01
4.713000E+03,-7.296545E-01,-3.688962E-01,-2.675609E-01,1.632143E+00,2.073056E-01,3.207419E-01
4.713500E+03,-7.309221E-01,-3.801798E-01,-2.460330E-01,1.780640E+00,2.302691E-01,2.847593E-01
4.714000E+03,-7.211770E-01,-3.852960E-01,-2.211769E-01,1.912972E+00,2.488841E-01,2.455998E-01
4.714500E+03,-7.008490E-01,-3.842666E-01,-1.934991E-01,2.028803E+00,2.629076E-01,2.039586E-01
4.715000E+03,-6.705325E-01,-3.772116E-01,-1.635450E-01,2.127957E+00,2.721782E-01,1.605683E-01
4.715500E+03,-6.309737E-01,-3.643465E-01,-1.318894E-01,2.210400E+00,2.766177E-01,1.161858E-01
4.716000E+03,-5.830562E-01,-3.459778E-01,-9.912583E-02,2.276234E+00,2.762322E-01,7.157980E-02
4.716500E+03,-5.277833E-01,-3.224974E-01,-6.585606E-02,2.325683E+00,2.711112E-01,2.751770E-02
4.717000E+03,-4.662596E-01,-2.943747E-01,-3.267949E-02,2.359074E+00,2.614259E-01,-1.524731E-02
4.717500E+03,-3.996705E-01,-2.621484E-01,-1.826660E-04,2.376830E+00,2.474248E-01,-5.598918E-02
4.718000E+03,-3.292605E-01,-2.264163E-01,3.107087E-02,2.379444E+00,2.294300E-01,-9.402121E-02
4.718500E+03,-2.563112E-01,-1.878251E-01,6.055031E-02,2.367475E+00,2.078299E-01,-1.287078E-01
4.719000E+03,-1.821185E-01,-1.470584E-01,8.776654E-02,2.341526E+00,1.830724E-01,-1.594753E-01
4.719500E+03,-1.079698E-01,-1.048252E-01,1.122804E-01,2.302231E+00,1.556564E-01,-1.858216E-01
4.720000E+03,-3.512208E-02,-6.184688E-02,1.337099E-01,2.250246E+00,1.261225E-01,-2.073248E-01
4.720500E+03,3.521963E-02,-1.884497E-02,1.517364E-01,2.186235E+00,9.504271E-02,-2.236508E-01
4.721000E+03,1.019225E-01,2.347133E-02,1.661096E-01,2.110859E+00,6.300995E-02,-2.345581E-01
4.721500E+03,1.639445E-01,6.441740E-02,1.766513E-01,2.024770E+00,3.062710E-02,-2.399028E-01
4.722000E+03,2.203515E-01,1.033448E-01,1.832577E-01,1.928606E+00,-1.504293E-03,-2.396402E-01
4.722500E+03,2.703313E-01,1.396524E-01,1.859004E-01,1.822983E+00,-3.279510E-02,-2.338261E-01
4.723000E+03,3.132069E-01,1.727959E-01,1.846262E-01,1.708498E+00,-6.267951E-02,-2.226150E-01
4.723500E+03,3.484454E-01,2.022974E-01,1.795551E-01,1.585726E+00,-9.062549E-02,-2.062576E-01
4.724000E+03,3.756657E-01,2.277525E-01,1.708775E-01,1.455223E+00,-1.161445E-01,-1.850957E-01
4.724500E+03,3.946419E-01,2.488370E-01,1.588495E-01,1.317530E+00,-1.388005E-01,-1.595562E-01
4.725000E+03,4.053053E-01,2.653112E-01,1.437879E-01,1.173178E+00,-1.582179E-01,-1.301427E-01
4.725500E+03,4.077423E-01,2.770235E-01,1.260630E-01,1.022696E+00,-1.740878E-01,-9.742644E-02
4.726000E+03,4.021899E-01,2.839116E-01,1.060913E-01,8.666189E-01,-1.861743E-01,-6.203547E-02
4.726500E+03,3.890291E-01,2.860028E-01,8.432696E-02,7.054946E-01,-1.943177E-01,-2.464281E-02
4.727000E+03,3.687742E-01,2.834116E-01,6.125309E-02,5.398956E-01,-1.984371E-01,1.404618E-02
4.727500E+03,3.420616E-01,2.763369E-01,3.737184E-02,3.704271E-01,-1.985315E-01,5.330713E-02
4.728000E+03,3.096349E-01,2.650567E-01,1.319473E-02,1.977363E-01,-1.946792E-01,9.241039E-02
4.728500E+03,2.723292E-01,2.499218E-01,-1.076728E-02,2.252087E-02,-1.870351E-01,1.306349E-01
4.729000E+03,2.310532E-01,2.313482E-01,-3.401372E-02,-1.544637E-01,-1.758273E-01,1.672819E-01
4.729500E+03,1.867708E-01,2.098083E-01,-5.606411E-02,-3.323981E-01,-1.613516E-01,2.016883E-01
4.730000E+03,1.404816E-01,1.858208E-01,-7.646723E-02,-5.103948E-01,-1.439651E-01,2.332392E-01
4.730500E+03,9.320074E-02,1.599403E-01,-9.480955E-02,-6.874958E-01,-1.240783E-01,2.613799E-01
4.731000E+03,4.593902E-02,1.327459E-01,-1.107230E-01,-8.626722E-01,-1.021460E-01,2.856261E-01
4.731500E+03,-3.164575E-04,1.048299E-01,-1.238919E-01,-1.034826E+00,-7.865799E-02,3.055733E-01
4.732000E+03,-4.462128E-02,7.678598E-02,-1.340586E-01,-1.202797E+00,-5.412839E-02,3.209045E-01
4.732500E+03,-8.609136E-02,4.919738E-02,-1.410279E-01,-1.365365E+00,-2.908478E-02,3.313957E-01
4.733000E+03,-1.239192E-01,2.262594E-02,-1.446709E-01,-1.521264E+00,-4.057230E-03,3.369198E-01
4.733500E+03,-1.573886E-01,-2.398775E-03,-1.449265E-01,-1.669192E+00,2.043273E-02,3.374491E-01
4.734000E+03,-1.858868E-01,-2.538944E-02,-1.418022E-01,-1.807827E+00,4.388291E-02,3.330547E-01
4.734500E+03,-2.089151E-01,-4.591002E-02,-1.353738E-01,-1.935838E+00,6.582074E-02,3.239046E-01
4.735000E+03,-2.260969E-01,-6.358364E-02,-1.257830E-01,-2.051909E+00,8.581285E-02,3.102596E-01
4.735500E+03,-2.371826E-01,-7.809926E-02,-1.132342E-01,-2.154757E+00,1.034737E-01,2.924672E-01
4.736000E+03,-2.420526E-01,-8.921693E-02,-9.799005E-02,-2.243149E+00,1.184731E-01,2.709539E-01
4.736500E+03,-2.407177E-01,-9.677152E-02,-8.036586E-02,-2.315924E+00,1.305427E-01,2.462153E-01
4.737000E+03,-2.333161E-01,-1.006750E-01,-6.072300E-02,-2.372018E+00,1.394805E-01,2.188059E-01
4.737500E+03,-2.201089E-01,-1.009171E-01,-3.946135E-02,-2.410479E+00,1.451548E-01,1.893261E-01
4.738000E+03,-2.014724E-01,-9.756411E-02,-1.701123E-02,-2.430492E+00,1.475056E-01,1.584100E-01
4.738500E+03,-1.778889E-01,-9.075695E-02,6.175353E-03,-2.431393E+00,1.465450E-01,1.267108E-01
4.739000E+03,-1.499348E-01,-8.070669E-02,2.963375E-02,-2.412690E+00,1.423559E-01,9.488720E-02
4.739500E+03,-1.182676E-01,-6.768952E-02,5.289587E-02,-2.374075E+00,1.350892E-01,6.358922E-02
4.740000E+03,-8.361127E-02,-5.204005E-02,7.549940E-02,-2.315438E+00,1.249594E-01,3.344405E-02
4.740500E+03,-4.674057E-02,-3.414374E-02,9.699681E-02,-2.236877E+00,1.122388E-01,5.042850E-03
4.741000E+03,-8.464345E-03,-1.442820E-02,1.169639E-01,-2.138702E+00,9.725090E-02,-2.107171E-02
4.741500E+03,3.039119E-02,6.646105E-03,1.350081E-01,-2.021441E+00,8.036203E-02,-4.441675E-02
4.742000E+03,6.899944E-02,2.859574E-02,1.507753E-01,-1.885837E+00,6.197294E-02,-6.457915E-02
4.742500E+03,1.065500E-01,5.092452E-02,1.639570E-01,-1.732845E+00,4.250916E-02,-8.122374E-02
4.743000E+03,1.422649E-01,7.313380E-02,1.742953E-01,-1.563627E+00,2.241118E-02,-9.409981E-02
4.743500E+03,1.754132E-01,9.473269E-02,1.815877E-01,-1.379535E+00,2.124415E-03,-1.030456E-01
4.744000E+03,2.053255E-01,1.152479E-01,1.856901E-01,-1.182106E+00,-1.791077E-02,-1.079907E-01
4.744500E+03,2.314053E-01,1.342332E-01,1.865192E-01,-9.730339E-01,-3.726880E-02,-1.089565E-01
4.745000E+03,2.531407E-01,1.512778E-01,1.840529E-01,-7.541584E-01,-5.554804E-02,-1.060544E-01
4.745500E+03,2.701120E-01,1.660145E-01,1.783307E-01,-5.274378E-01,-7.237931E-02,-9.948175E-02
4.746000E+03,2.819990E-01,1.781260E-01,1.694514E-01,-2.949261E-01,-8.743344E-02,-8.951644E-02
4.746500E+03,2.885853E-01,1.873509E-01,1.575707E-01,-5.874660E-02,-1.004278E-01,-7.650914E-02
4.747000E+03,2.897604E-01,1.934876E-01,1.428976E-01,1.789350E-01,-1.111316E-01,-6.087406E-02
4.747500E+03,2.855199E-01,1.963977E-01,1.256894E-01,4.159384E-01,-1.193697E-01,-4.307845E-02
4.748000E+03,2.759635E-01,1.960074E-01,1.062464E-01,6.500959E-01,-1.250256E-01,-2.363081E-02
4.748500E+03,2.612908E-01,1.923078E-01,8.490516E-02,8.792802E-01,-1.280422E-01,-3.068365E-03
4.749000E+03,2.417953E-01,1.853540E-01,6.203213E-02,1.101430E+00,-1.284216E-01,1.805606E-02
4.749500E+03,2.178568E-01,1.752630E-01,3.801604E-02,1.314576E+00,-1.262238E-01,3.918735E-02
4.750000E+03,1.899317E-01,1.622097E-01,1.326042E-02,1.516863E+00,-1.215632E-01,5.978131E-02
4.750500E+03,1.585433E-01,1.464225E-01,-1.182400E-02,1.706568E+00,-1.146048E-01,7.931746E-02
4.751000E+03,1.242692E-01,1.281778E-01,-3.682694E-02,1.882126E+00,-1.055589E-01,9.731105E-02
4.751500E+03,8.772976E-02,1.077936E-01,-6.134588E-02,2.042135E+00,-9.467435E-02,1.133241E-01
4.752000E+03,4.957481E-02,8.562255E-02,-8.499309E-02,2.185378E+00,-8.223232E-02,1.269753E-01
4.752500E+03,1.047087E-02,6.204398E-02,-1.074021E-01,2.310826E+00,-6.853810E-02,1.379479E-01
4.753000E+03,-2.891186E-02,3.745651E-02,-1.282337E-01,2.417644E+00,-5.391348E-02,1.459966E-01
4.753500E+03,-6.791204E-02,1.226983E-02,-1.471809E-01,2.505200E+00,-3.868854E-02,1.509520E-01
4.754000E+03,-1.058892E-01,-1.310320E-02,-1.639735E-01,2.573057E+00,-2.319364E-02,1.527235E-01
4.754500E+03,-1.422348E-01,-3.825426E-02,-1.783816E-01,2.620972E+00,-7.751641E-03,1.513003E-01
4.755000E+03,-1.763825E-01,-6.278693E-02,-1.902179E-01,2.648894E+00,7.329442E-03,1.467498E-01
4.755500E+03,-2.078168E-01,-8.632352E-02,-1.993400E-01,2.656950E+00,2.176314E-02,1.392144E-01
4.756000E+03,-2.360808E-01,-1.085112E-01,-2.056508E-01,2.645438E+00,3.529044E-02,1.289074E-01
4.756500E+03,-2.607825E-01,-1.290276E-01,-2.090982E-01,2.614812E+00,4.768478E-02,1.161053E-01
4.757000E+03,-2.815987E-01,-1.475850E-01,-2.096749E-01,2.565671E+00,5.875604E-02,1.011407E-01
4.757500E+03,-2.982789E-01,-1.639344E-01,-2.074162E-01,2.498742E+00,6.835339E-02,8.439206E-02
4.758000E+03,-3.106465E-01,-1.778681E-01,-2.023976E-01,2.414865E+00,7.636700E-02,6.627419E-02
4.758500E+03,-3.185988E-01,-1.892212E-01,-1.947322E-01,2.314977E+00,8.272867E-02,4.722665E-02
4.759000E+03,-3.221058E-01,-1.978730E-01,-1.845669E-01,2.200097E+00,8.741117E-02,2.770251E-02
4.759500E+03,-3.212075E-01,-2.037463E-01,-1.720786E-01,2.071311E+00,9.042667E-02,8.156726E-03
4.760000E+03,-3.160103E-01,-2.068067E-01,-1.574703E-01,1.929756E+00,9.182406E-02,-1.096530E-02
4.760500E+03,-3.066820E-01,-2.070610E-01,-1.409663E-01,1.776610E+00,9.168538E-02,-2.923860E-02
4.761000E+03,-2.934461E-01,-2.045546E-01,-1.228084E-01,1.613077E+00,9.012155E-02,-4.626883E-02
4.761500E+03,-2.765758E-01,-1.993687E-01,-1.032510E-01,1.440376E+00,8.726742E-02,-6.170141E-02
4.762000E+03,-2.563870E-01,-1.916166E-01,-8.255735E-02,1.259737E+00,8.327640E-02,-7.522946E-02
4.762500E+03,-2.332311E-01,-1.814400E-01,-6.099534E-02,1.072388E+00,7.831482E-02,-8.660030E-02
4.763000E+03,-2.074880E-01,-1.690052E-01,-3.883384E-02,8.795516E-01,7.255618E-02,-9.562036E-02
4.763500E+03,-1.795587E-01,-1.544985E-01,-1.633935E-02,6.824424E-01,6.617547E-02,-1.021585E-01
4.764000E+03,-1.498586E-01,-1.381226E-01,6.226935E-03,4.822619E-01,5.934379E-02,-1.061473E-01
4.764500E+03,-1.188104E-01,-1.200923E-01,2.861167E-02,2.801982E-01,5.222332E-02,-1.075834E-01
4.765000E+03,-8.683837E-02,-1.006308E-01,5.057151E-02,7.742575E-02,4.496285E-02,-1.065248E-01
4.765500E+03,-5.436247E-02,-7.996666E-02,7.187479E-02,-1.248947E-01,3.769405E-02,-1.030882E-01
4.766000E+03,-2.179328E-02,-5.833002E-02,9.230282E-02,-3.256144E-01,3.052845E-02,-9.744324E-02
4.766500E+03,1.047228E-02,-3.595061E-02,1.116509E-01,-5.235960E-01,2.355534E-02,-8.980664E-02
4.767000E+03,4.205468E-02,-1.305531E-02,1.297287E-01,-7.177115E-01,1.684049E-02,-8.043462E-02
4.767500E+03,7.259479E-02,1.013347E-02,1.463611E-01,-9.068419E-01,1.042589E-02,-6.961458E-02
4.768000E+03,1.017562E-01,3.339903E-02,1.613879E-01,-1.089876E+00,4.330353E-03,-5.765613E-02
4.768500E+03,1.292272E-01,5.653113E-02,1.746638E-01,-1.265712E+00,-1.449040E-03,-4.488177E-02
4.769000E+03,1.547214E-01,7.932637E-02,1.860587E-01,-1.433257E+00,-6.934615E-03,-3.161747E-02
4.769500E+03,1.779794E-01,1.015883E-01,1.954574E-01,-1.591432E+00,-1.216513E-02,-1.818337E-02
4.770000E+03,1.987681E-01,1.231269E-01,2.027594E-01,-1.739173E+00,-1.719216E-02,-4.884997E-03
4.770500E+03,2.168818E-01,1.437586E-01,2.078793E-01,-1.875440E+00,-2.207605E-02,7.994935E-03
4.771000E+03,2.321412E-01,1.633053E-01,2.107468E-01,-1.999222E+00,-2.688154E-02,2.020374E-02
4.771500E+03,2.443938E-01,1.815942E-01,2.113069E-01,-2.109544E+00,-3.167318E-02,3.152492E-02
4.772000E+03,2.535136E-01,1.984568E-01,2.095210E-01,-2.205479E+00,-3.651084E-02,4.178309E-02
4.772500E+03,2.594005E-01,2.137291E-01,2.053671E-01,-2.286159E+00,-4.144529E-02,5.084750E-02
4.773000E+03,2.619810E-01,2.272513E-01,1.988411E-01,-2.350786E+00,-4.651418E-02,5.863410E-02
4.773500E+03,2.612077E-01,2.388679E-01,1.899579E-01,-2.398645E+00,-5.173845E-02,6.510613E-02
4.774000E+03,2.570602E-01,2.484284E-01,1.787527E-01,-2.429120E+00,-5.711931E-02,7.027323E-02
4.774500E+03,2.495455E-01,2.557885E-01,1.652822E-01,-2.441702E+00,-6.263603E-02,7.418907E-02
4.775000E+03,2.386987E-01,2.608109E-01,1.496263E-01,-2.436010E+00,-6.824444E-02,7.694776E-02
4.775500E+03,2.245844E-01,2.633681E-01,1.318892E-01,-2.411797E+00,-7.387641E-02,7.867887E-02
4.776000E+03,2.072976E-01,2.633438E-01,1.122008E-01,-2.368970E+00,-7.944014E-02,7.954159E-02
4.776500E+03,1.869651E-01,2.606361E-01,9.071770E-02,-2.307592E+00,-8.482148E-02,7.971792E-02
4.777000E+03,1.637468E-01,2.551604E-01,6.762396E-02,-2.227900E+00,-8.988613E-02,7.940528E-02
4.777500E+03,1.378368E-01,2.468528E-01,4.313146E-02,-2.130305E+00,-9.448267E-02,7.880868E-02
4.778000E+03,1.094644E-01,2.356732E-01,1.747986E-02,-2.015404E+00,-9.844646E-02,7.813283E-02
4.778500E+03,7.889499E-02,2.216092E-01,-9.064042E-03,-1.883978E+00,-1.016042E-01,7.757422E-02
4.779000E+03,4.643009E-02,2.046796E-01,-3.620746E-02,-1.736993E+00,-1.037790E-01,7.731363E-02
4.779500E+03,1.240726E-02,1.849375E-01,-6.363350E-02,-1.575599E+00,-1.047960E-01,7.750920E-02
4.780000E+03,-2.280080E-02,1.624734E-01,-9.100364E-02,-1.401121E+00,-1.044883E-01,7.829020E-02
4.780500E+03,-5.878782E-02,1.374181E-01,-1.179610E-01,-1.215051E+00,-1.027027E-01,7.975190E-02
4.781000E+03,-9.511631E-02,1.099442E-01,-1.441342E-01,-1.019036E+00,-9.930568E-02,8.195143E-02
4.781500E+03,-1.313208E-01,8.026809E-02,-1.691420E-01,-8.148649E-01,-9.418897E-02,8.490504E-02
4.782000E+03,-1.669121E-01,4.865020E-02,-1.925985E-01,-6.044444E-01,-8.727483E-02,8.858655E-02
4.782500E+03,-2.013819E-01,1.539477E-02,-2.141189E-01,-3.897840E-01,-7.852056E-02,9.292729E-02
4.783000E+03,-2.342091E-01,-1.915134E-02,-2.333258E-01,-1.729702E-01,-6.792239E-02,9.781741E-02
4.783500E+03,-2.648665E-01,-5.460091E-02,-2.498561E-01,4.385779E-02,-5.551844E-02,1.031085E-01
4.784000E+03,-2.928282E-01,-9.052968E-02,-2.633674E-01,2.585356E-01,-4.139071E-02,1.086177E-01
4.784500E+03,-3.175778E-01,-1.264806E-01,-2.735455E-01,4.689008E-01,-2.566599E-02,1.141325E-01
4.785000E+03,-3.386173E-01,-1.619695E-01,-2.801112E-01,6.728221E-01,-8.515606E-03,1.194172E-01
4.785500E+03,-3.554762E-01,-1.964908E-01,-2.828272E-01,8.682282E-01,9.845986E-03,1.242196E-01
4.786000E+03,-3.677210E-01,-2.295256E-01,-2.815046E-01,1.053136E+00,2.916376E-02,1.282791E-01
4.786500E+03,-3.749646E-01,-2.605492E-01,-2.760088E-01,1.225679E+00,4.914584E-02,1.313343E-01
4.787000E+03,-3.768755E-01,-2.890398E-01,-2.662649E-01,1.384133E+00,6.946831E-02,1.331314E-01
4.787500E+03,-3.731868E-01,-3.144880E-01,-2.522620E-01,1.526942E+00,8.978095E-02,1.334324E-01
4.788000E+03,-3.637047E-01,-3.364061E-01,-2.340567E-01,1.652740E+00,1.097139E-01,1.320233E-01
4.788500E+03,-3.483157E-01,-3.543381E-01,-2.117758E-01,1.760370E+00,1.288849E-01,1.287211E-01
4.789000E+03,-3.269932E-01,-3.678691E-01,-1.856171E-01,1.848901E+00,1.469075E-01,1.233809E-01
4.789500E+03,-2.998027E-01,-3.766348E-01,-1.558493E-01,1.917644E+00,1.633989E-01,1.159014E-01
4.790000E+03,-2.669059E-01,-3.803304E-01,-1.228110E-01,1.966158E+00,1.779887E-01,1.062296E-01
4.790500E+03,-2.285625E-01,-3.787185E-01,-8.690693E-02,1.994258E+00,1.903274E-01,9.436451E-02
4.791000E+03,-1.851312E-01,-3.716371E-01,-4.860462E-02,2.002016E+00,2.000944E-01,8.035909E-02
4.791500E+03,-1.370682E-01,-3.590048E-01,-8.428159E-03,1.989760E+00,2.070057E-01,6.432097E-02
4.792000E+03,-8.492411E-02,-3.408266E-01,3.304854E-02,1.958067E+00,2.108216E-01,4.641182E-02
4.792500E+03,-2.933889E-02,-3.171967E-01,7.520993E-02,1.907751E+00,2.113523E-01,2.684515E-02
4.793000E+03,2.896488E-02,-2.883009E-01,1.174081E-01,1.839856E+00,2.084642E-01,5.882871E-03
4.793500E+03,8.919088E-02,-2.544166E-01,1.589729E-01,1.755630E+00,2.020836E-01,-1.616956E-02
4.794000E+03,1.504795E-01,-2.159111E-01,1.992233E-01,1.656512E+00,1.922000E-01,-3.896908E-02
4.794500E+03,2.119197E-01,-1.732388E-01,2.374782E-01,1.544103E+00,1.788680E-01,-6.214205E-02
4.795000E+03,2.725630E-01,-1.269360E-01,2.730694E-01,1.420147E+00,1.622079E-01,-8.529208E-02
4.795500E+03,3.314374E-01,-7.761412E-02,3.053526E-01,1.286494E+00,1.424046E-01,-1.080085E-01
4.796000E+03,3.875639E-01,-2.595152E-02,3.337205E-01,1.145081E+00,1.197055E-01,-1.298754E-01
4.796500E+03,4.399720E-01,2.731642E-02,3.576134E-01,9.978939E-01,9.441676E-02,-1.504807E-01
4.797000E+03,4.877170E-01,8.140837E-02,3.765311E-01,8.469416E-01,6.689877E-02,-1.694251E-01
4.797500E+03,5.298969E-01,1.355094E-01,3.900429E-01,6.942233E-01,3.755985E-02,-1.863314E-01
4.798000E+03,5.656685E-01,1.887845E-01,3.977967E-01,5.416988E-01,6.849385E-03,-2.008525E-01
4.798500E+03,5.942640E-01,2.403919E-01,3.995273E-01,3.912602E-01,-2.475014E-02,-2.126795E-01
4.799000E+03,6.150058E-01,2.894984E-01,3.950630E-01,2.447038E-01,-5.673181E-02,-2.215482E-01
4.799500E+03,6.273209E-01,3.352933E-01,3.843307E-01,1.037049E-01,-8.857343E-02,-2.272455E-01
4.800000E+03,6.307531E-01,3.770030E-01,3.673591E-01,-3.020482E-02,-1.197471E-01,-2.296139E-01
4.800500E+03,6.249743E-01,4.139055E-01,3.442803E-01,-1.556580E-01,-1.497288E-01,-2.285549E-01
4.801000E+03,6.097928E-01,4.453433E-01,3.153301E-01,-2.714684E-01,-1.780082E-01,-2.240315E-01
4.801500E+03,5.851603E-01,4.707363E-01,2.808449E-01,-3.766449E-01,-2.040980E-01,-2.160687E-01
4.802000E+03,5.511764E-01,4.895930E-01,2.412589E-01,-4.704013E-01,-2.275427E-01,-2.047535E-01
4.802500E+03,5.080902E-01,5.015203E-01,1.970972E-01,-5.521637E-01,-2.479272E-01,-1.902326E-01
4.803000E+03,4.562997E-01,5.062316E-01,1.489691E-01,-6.215729E-01,-2.648841E-01,-1.727095E-01
4.803500E+03,3.963487E-01,5.035539E-01,9.755882E-02,-6.784838E-01,-2.781007E-01,-1.524403E-01
4.804000E+03,3.289210E-01,4.934313E-01,4.361470E-02,-7.229612E-01,-2.873241E-01,-1.297284E-01
4.804500E+03,2.548321E-01,4.759281E-01,-1.206224E-02,-7.552717E-01,-2.923659E-01,-1.049185E-01
4.805000E+03,1.750186E-01,4.512291E-01,-6.863132E-02,-7.758728E-01,-2.931057E-01,-7.838914E-02
4.805500E+03,9.052546E-02,4.196371E-01,-1.252258E-01,-7.853985E-01,-2.894925E-01,-5.054598E-02
4.806000E+03,2.491190E-03,3.815698E-01,-1.809669E-01,-7.846428E-01,-2.815457E-01,-2.181342E-02
4.806500E+03,-8.786878E-02,3.375531E-01,-2.349789E-01,-7.745400E-01,-2.693547E-01,7.373282E-03
4.807000E+03,-1.792801E-01,2.882131E-01,-2.864028E-01,-7.561436E-01,-2.530765E-01,3.657600E-02
4.807500E+03,-2.704288E-01,2.342668E-01,-3.344117E-01,-7.306034E-01,-2.329333E-01,6.536169E-02
4.808000E+03,-3.599812E-01,1.765099E-01,-3.782238E-01,-6.991410E-01,-2.092083E-01,9.330988E-02
4.808500E+03,-4.466048E-01,1.158047E-01,-4.171161E-01,-6.630254E-01,-1.822403E-01,1.200197E-01
4.809000E+03,-5.289890E-01,5.306511E-02,-4.504363E-01,-6.235475E-01,-1.524180E-01,1.451163E-01
4.809500E+03,-6.058654E-01,-1.075786E-02,-4.776138E-01,-5.819952E-01,-1.201732E-01,1.682567E-01
4.810000E+03,-6.760282E-01,-7.469194E-02,-4.981694E-01,-5.396285E-01,-8.597349E-02,1.891341E-01
4.810500E+03,-7.383534E-01,-1.377598E-01,-5.117235E-01,-4.976567E-01,-5.031459E-02,2.074826E-01
4.811000E+03,-7.918167E-01,-1.989950E-01,-5.180021E-01,-4.572157E-01,-1.371214E-02,2.230796E-01
4.811500E+03,-8.355100E-01,-2.574585E-01,-5.168417E-01,-4.193477E-01,2.330650E-02,2.357481E-01
4.812000E+03,-8.686565E-01,-3.122533E-01,-5.081921E-01,-3.849831E-01,6.021043E-02,2.453578E-01
4.812500E+03,-8.906229E-01,-3.625400E-01,-4.921169E-01,-3.549247E-01,9.647335E-02,2.518255E-01
4.813000E+03,-9.009306E-01,-4.075500E-01,-4.687930E-01,-3.298338E-01,1.315814E-01,2.551140E-01
4.813500E+03,-8.992635E-01,-4.465978E-01,-4.385072E-01,-3.102203E-01,1.650406E-01,2.552315E-01
4.814000E+03,-8.854741E-01,-4.790922E-01,-4.016521E-01,-2.964347E-01,1.963836E-01,2.522288E-01
4.814500E+03,-8.595863E-01,-5.045453E-01,-3.587191E-01,-2.886638E-01,2.251765E-01,2.461968E-01
4.815000E+03,-8.217961E-01,-5.225802E-01,-3.102913E-01,-2.869292E-01,2.510239E-01,2.372637E-01
4.815500E+03,-7.724697E-01,-5.329362E-01,-2.570335E-01,-2.910889E-01,2.735745E-01,2.255910E-01
4.816000E+03,-7.121389E-01,-5.354723E-01,-1.996821E-01,-3.008418E-01,2.925246E-01,2.113701E-01
4.816500E+03,-6.414939E-01,-5.301691E-01,-1.390335E-01,-3.157354E-01,3.076220E-01,1.948179E-01
4.817000E+03,-5.613743E-01,-5.171274E-01,-7.593184E-02,-3.351761E-01,3.186684E-01,1.761735E-01
4.817500E+03,-4.727571E-01,-4.965665E-01,-1.125568E-02,-3.584416E-01,3.255208E-01,1.556932E-01
4.818000E+03,-3.767437E-01,-4.688191E-01,5.409492E-02,-3.846961E-01,3.280931E-01,1.336477E-01
4.818500E+03,-2.745443E-01,-4.343251E-01,1.192121E-01,-4.130076E-01,3.263555E-01,1.103177E-01
4.819000E+03,-1.674614E-01,-3.936238E-01,1.831936E-01,-4.423661E-01,3.203344E-01,8.599065E-02
4.819500E+03,-5.687180E-02,-3.473442E-01,2.451558E-01,-4.717038E-01,3.101111E-01,6.095786E-02
4.820000E+03,5.579250E-02,-2.961941E-01,3.042464E-01,-4.999165E-01,2.958195E-01,3.551119E-02
4.820500E+03,1.690638E-01,-2.409483E-01,3.596568E-01,-5.258846E-01,2.776441E-01,9.940739E-03
4.821000E+03,2.814587E-01,-1.824357E-01,4.106323E-01,-5.484955E-01,2.558165E-01,-1.546752E-02
4.821500E+03,3.914982E-01,-1.215261E-01,4.564835E-01,-5.666651E-01,2.306123E-01,-4.043375E-02
4.822000E+03,4.977278E-01,-5.911557E-02,4.965940E-01,-5.793591E-01,2.023468E-01,-6.468600E-02
4.822500E+03,5.987369E-01,3.886760E-03,5.304292E-01,-5.856137E-01,1.713713E-01,-8.796179E-02
4.823000E+03,6.931772E-01,6.657328E-02,5.575422E-01,-5.845542E-01,1.380678E-01,-1.100095E-01
4.823500E+03,7.797811E-01,1.280514E-01,5.775793E-01,-5.754134E-01,1.028452E-01,-1.305897E-01
4.824000E+03,8.573780E-01,1.874567E-01,5.902829E-01,-5.575470E-01,6.613350E-02,-1.494764E-01
4.824500E+03,9.249093E-01,2.439655E-01,5.954947E-01,-5.304477E-01,2.837948E-02,-1.664581E-01
4.825000E+03,9.814424E-01,2.968065E-01,5.931558E-01,-4.937568E-01,-9.958871E-03,-1.813392E-01
4.825500E+03,1.026182E+00,3.452711E-01,5.833063E-01,-4.472733E-01,-4.841733E-02,-1.939414E-01
4.826000E+03,1.058482E+00,3.887229E-01,5.660837E-01,-3.909602E-01,-8.653057E-02,-2.041046E-01
4.826500E+03,1.077851E+00,4.266055E-01,5.417193E-01,-3.249487E-01,-1.238373E-01,-2.116890E-01
4.827000E+03,1.083959E+00,4.584494E-01,5.105340E-01,-2.495391E-01,-1.598851E-01,-2.165761E-01
4.827500E+03,1.076643E+00,4.838768E-01,4.729331E-01,-1.651993E-01,-1.942357E-01,-2.186707E-01
4.828000E+03,1.055907E+00,5.026054E-01,4.293995E-01,-7.256013E-02,-2.264692E-01,-2.179024E-01
4.828500E+03,1.021923E+00,5.144508E-01,3.804869E-01,2.759135E-02,-2.561893E-01,-2.142275E-01
4.829000E+03,9.750281E-01,5.193266E-01,3.268114E-01,1.343215E-01,-2.830270E-01,-2.076306E-01
4.829500E+03,9.157204E-01,5.172440E-01,2.690433E-01,2.465620E-01,-3.066452E-01,-1.981264E-01
4.830000E+03,8.446521E-01,5.083095E-01,2.078977E-01,3.631237E-01,-3.267423E-01,-1.857608E-01
4.830500E+03,7.626224E-01,4.927214E-01,1.441254E-01,4.827129E-01,-3.430560E-01,-1.706126E-01
4.831000E+03,6.705669E-01,4.707651E-01,7.850299E-02,6.039485E-01,-3.553661E-01,-1.527944E-01
4.831500E+03,5.695466E-01,4.428072E-01,1.182362E-02,7.253817E-01,-3.634979E-01,-1.324532E-01
4.832000E+03,4.607349E-01,4.092891E-01,-5.511315E-02,8.455153E-01,-3.673239E-01,-1.097704E-01
4.832500E+03,3.454033E-01,3.707188E-01,-1.215107E-01,9.628253E-01,-3.667666E-01,-8.496185E-02
4.833000E+03,2.249066E-01,3.276631E-01,-1.865845E-01,1.075782E+00,-3.617990E-01,-5.827693E-02
4.833500E+03,1.006662E-01,2.807386E-01,-2.495714E-01,1.182871E+00,-3.524464E-01,-2.999696E-02
4.834000E+03,-2.584661E-02,2.306023E-01,-3.097379E-01,1.282615E+00,-3.387864E-01,-4.332079E-04
4.834500E+03,-1.531281E-01,1.779422E-01,-3.663883E-01,1.373596E+00,-3.209486E-01,3.007580E-02
4.835000E+03,-2.796600E-01,1.234675E-01,-4.188720E-01,1.454473E+00,-2.991141E-01,6.116772E-02
4.835500E+03,-4.039274E-01,6.789934E-02,-4.665907E-01,1.524000E+00,-2.735139E-01,9.246042E-02
4.836000E+03,-5.244369E-01,1.196068E-02,-5.090042E-01,1.581049E+00,-2.444269E-01,1.235566E-01
4.836500E+03,-6.397338E-01,-4.363241E-02,-5.456359E-01,1.624619E+00,-2.121773E-01,1.540490E-01
4.837000E+03,-7.484201E-01,-9.817991E-02,-5.760776E-01,1.653857E+00,-1.771312E-01,1.835261E-01
4.837500E+03,-8.491701E-01,-1.510062E-01,-5.999931E-01,1.668064E+00,-1.396931E-01,2.115782E-01
4.838000E+03,-9.407471E-01,-2.014678E-01,-6.171217E-01,1.666709E+00,-1.003007E-01,2.378036E-01
4.838500E+03,-1.022018E+00,-2.489610E-01,-6.272799E-01,1.649435E+00,-5.942078E-02,2.618156E-01
4.839000E+03,-1.091965E+00,-2.929280E-01,-6.303630E-01,1.616067E+00,-1.754300E-02,2.832485E-01
4.839500E+03,-1.149702E+00,-3.328627E-01,-6.263458E-01,1.566612E+00,2.482552E-02,3.017646E-01
4.840000E+03,-1.194480E+00,-3.683160E-01,-6.152823E-01,1.501260E+00,6.716662E-02,3.170603E-01
4.840500E+03,-1.225703E+00,-3.989001E-01,-5.973042E-01,1.420385E+00,1.089576E-01,3.288720E-01
4.841000E+03,-1.242928E+00,-4.242912E-01,-5.726197E-01,1.324538E+00,1.496781E-01,3.369816E-01
4.841500E+03,-1.245877E+00,-4.442327E-01,-5.415103E-01,1.214444E+00,1.888165E-01,3.412215E-01
4.842000E+03,-1.234436E+00,-4.585368E-01,-5.043278E-01,1.090990E+00,2.258771E-01,3.414779E-01
4.842500E+03,-1.208661E+00,-4.670850E-01,-4.614899E-01,9.552180E-01,2.603868E-01,3.376952E-01
4.843000E+03,-1.168775E+00,-4.698285E-01,-4.134754E-01,8.083103E-01,2.919014E-01,3.298771E-01
4.843500E+03,-1.115168E+00,-4.667873E-01,-3.608191E-01,6.515785E-01,3.200119E-01,3.180885E-01
4.844000E+03,-1.048392E+00,-4.580488E-01,-3.041058E-01,4.864466E-01,3.443504E-01,3.024554E-01
4.844500E+03,-9.691550E-01,-4.437657E-01,-2.439636E-01,3.144358E-01,3.645950E-01,2.831641E-01
4.845000E+03,-8.783127E-01,-4.241528E-01,-1.810572E-01,1.371468E-01,3.804750E-01,2.604589E-01
4.845500E+03,-7.768606E-01,-3.994840E-01,-1.160804E-01,-4.375763E-02,3.917742E-01,2.346394E-01
4.846000E+03,-6.659217E-01,-3.700878E-01,-4.974884E-02,-2.265714E-01,3.983351E-01,2.060556E-01
4.846500E+03,-5.467338E-01,-3.363430E-01,1.720812E-02,-4.095633E-01,4.000602E-01,1.751034E-01
4.847000E+03,-4.206352E-01,-2.986735E-01,8.405525E-02,-5.909957E-01,3.969146E-01,1.422183E-01
4.847500E+03,-2.890494E-01,-2.575431E-01,1.500595E-01,-7.691432E-01,3.889261E-01,1.078683E-01
4.848000E+03,-1.534686E-01,-2.134496E-01,2.144980E-01,-9.423101E-01,3.761850E-01,7.254680E-02
4.848500E+03,-1.543598E-02,-1.669188E-01,2.766660E-01,-1.108849E+00,3.588435E-01,3.676433E-02
4.849000E+03,1.234721E-01,-1.184982E-01,3.358846E-01,-1.267174E+00,3.371129E-01,1.040242E-03
4.849500E+03,2.616649E-01,-6.875091E-02,3.915082E-01,-1.415783E+00,3.112614E-01,-3.410584E-02
4.850000E+03,3.975559E-01,-1.824885E-02,4.429315E-01,-1.553264E+00,2.816101E-01,-6.816267E-02
4.850500E+03,5.295816E-01,3.243334E-02,4.895960E-01,-1.678315E+00,2.485286E-01,-1.006358E-01
4.851000E+03,6.562203E-01,8.272487E-02,5.309964E-01,-1.789752E+00,2.124298E-01,-1.310559E-01
4.851500E+03,7.760097E-01,1.320649E-01,5.666861E-01,-1.886523E+00,1.737644E-01,-1.589862E-01
4.852000E+03,8.875649E-01,1.799088E-01,5.962818E-01,-1.967711E+00,1.330143E-01,-1.840298E-01
4.852500E+03,9.895943E-01,2.257335E-01,6.194675E-01,-2.032550E+00,9.068631E-02,-2.058361E-01
4.853000E+03,1.080915E+00,2.690435E-01,6.359983E-01,-2.080424E+00,4.730485E-02,-2.241061E-01
4.853500E+03,1.160468E+00,3.093756E-01,6.457029E-01,-2.110873E+00,3.405025E-03,-2.385972E-01
4.854000E+03,1.227327E+00,3.463038E-01,6.484847E-01,-2.123598E+00,-4.047468E-02,-2.491264E-01
4.854500E+03,1.280716E+00,3.794434E-01,6.443233E-01,-2.118460E+00,-8.379958E-02,-2.555731E-01
4.855000E+03,1.320012E+00,4.084548E-01,6.332744E-01,-2.095480E+00,-1.260458E-01,-2.578804E-01
4.855500E+03,1.344755E+00,4.330465E-01,6.154685E-01,-2.054836E+00,-1.667072E-01,-2.560550E-01
4.856000E+03,1.354653E+00,4.529781E-01,5.911095E-01,-1.996863E+00,-2.053016E-01,-2.501666E-01
4.856500E+03,1.349585E+00,4.680620E-01,5.604720E-01,-1.922046E+00,-2.413769E-01,-2.403457E-01
4.857000E+03,1.329602E+00,4.781649E-01,5.238981E-01,-1.831014E+00,-2.745165E-01,-2.267809E-01
4.857500E+03,1.294928E+00,4.832085E-01,4.817931E-01,-1.724535E+00,-3.043444E-01,-2.097147E-01
4.858000E+03,1.245954E+00,4.831700E-01,4.346208E-01,-1.603503E+00,-3.305289E-01,-1.894387E-01
4.858500E+03,1.183233E+00,4.780813E-01,3.828980E-01,-1.468937E+00,-3.527868E-01,-1.662882E-01
4.859000E+03,1.107476E+00,4.680282E-01,3.271887E-01,-1.321965E+00,-3.708855E-01,-1.406363E-01
4.859500E+03,1.019543E+00,4.531489E-01,2.680974E-01,-1.163813E+00,-3.846456E-01,-1.128869E-01
4.860000E+03,9.204275E-01,4.336314E-01,2.062625E-01,-9.957985E-01,-3.939418E-01,-8.346796E-02
4.860500E+03,8.112510E-01,4.097114E-01,1.423489E-01,-8.193145E-01,-3.987036E-01,-5.282435E-02
4.861000E+03,6.932451E-01,3.816687E-01,7.704082E-02,-6.358191E-01,-3.989152E-01,-2.141060E-02
4.861500E+03,5.677388E-01,3.498241E-01,1.103422E-02,-4.468225E-01,-3.946142E-01,1.031625E-02
4.862000E+03,4.361421E-01,3.145350E-01,-5.497085E-02,-2.538743E-01,-3.858905E-01,4.190362E-02
4.862500E+03,2.999293E-01,2.761914E-01,-1.202777E-01,-5.855056E-02,-3.728839E-01,7.291001E-02
4.863000E+03,1.606225E-01,2.352115E-01,-1.842002E-01,1.375589E-01,-3.557812E-01,1.029113E-01
4.863500E+03,1.977313E-02,1.920367E-01,-2.460705E-01,3.328637E-01,-3.348134E-01,1.315064E-01
4.864000E+03,-1.210552E-01,1.471267E-01,-3.052451E-01,5.257851E-01,-3.102515E-01,1.583225E-01
4.864500E+03,-2.603049E-01,1.009549E-01,-3.611123E-01,7.147689E-01,-2.824028E-01,1.830195E-01
4.865000E+03,-3.964417E-01,5.400289E-02,-4.130974E-01,8.982970E-01,-2.516069E-01,2.052936E-01
4.865500E+03,-5.279722E-01,6.755897E-03,-4.606694E-01,1.074900E+00,-2.182302E-01,2.248807E-01
4.866000E+03,-6.534598E-01,-4.030239E-02,-5.033450E-01,1.243167E+00,-1.826624E-01,2.415587E-01
4.866500E+03,-7.715410E-01,-8.669452E-02,-5.406941E-01,1.401757E+00,-1.453108E-01,2.551486E-01
4.867000E+03,-8.809398E-01,-1.319539E-01,-5.723433E-01,1.549411E+00,-1.065962E-01,2.655159E-01
4.867500E+03,-9.804814E-01,-1.756290E-01,-5.979793E-01,1.684958E+00,-6.694757E-02,2.725706E-01
4.868000E+03,-1.069105E+00,-2.172881E-01,-6.173519E-01,1.807325E+00,-2.679786E-02,2.762665E-01
4.868500E+03,-1.145873E+00,-2.565223E-01,-6.302758E-01,1.915547E+00,1.342074E-02,2.766003E-01
4.869000E+03,-1.209984E+00,-2.929498E-01,-6.366319E-01,2.008770E+00,5.328112E-02,2.736098E-01
4.869500E+03,-1.260777E+00,-3.262188E-01,-6.363685E-01,2.086264E+00,9.236532E-02,2.673721E-01
4.870000E+03,-1.297740E+00,-3.560104E-01,-6.295011E-01,2.147420E+00,1.302685E-01,2.580008E-01
4.870500E+03,-1.320514E+00,-3.820414E-01,-6.161121E-01,2.191762E+00,1.666024E-01,2.456431E-01
4.871000E+03,-1.328896E+00,-4.040660E-01,-5.963496E-01,2.218946E+00,2.009990E-01,2.304769E-01
4.871500E+03,-1.322840E+00,-4.218783E-01,-5.704254E-01,2.228766E+00,2.331134E-01,2.127076E-01
4.872000E+03,-1.302458E+00,-4.353132E-01,-5.386134E-01,2.221154E+00,2.626264E-01,1.925643E-01
4.872500E+03,-1.268015E+00,-4.442478E-01,-5.012462E-01,2.196178E+00,2.892474E-01,1.702967E-01
4.873000E+03,-1.219928E+00,-4.486021E-01,-4.587120E-01,2.154049E+00,3.127163E-01,1.461714E-01
4.873500E+03,-1.158760E+00,-4.483394E-01,-4.114506E-01,2.095111E+00,3.328055E-01,1.204686E-01
4.874000E+03,-1.085214E+00,-4.434668E-01,-3.599496E-01,2.019845E+00,3.493215E-01,9.347890E-02
4.874500E+03,-1.000123E+00,-4.340342E-01,-3.047392E-01,1.928863E+00,3.621063E-01,6.549992E-02
4.875000E+03,-9.044427E-01,-4.201347E-01,-2.463874E-01,1.822903E+00,3.710383E-01,3.683333E-02
4.875500E+03,-7.992392E-01,-4.019033E-01,-1.854946E-01,1.702826E+00,3.760334E-01,7.782049E-03
4.876000E+03,-6.856788E-01,-3.795156E-01,-1.226879E-01,1.569606E+00,3.770451E-01,-2.135245E-02
4.876500E+03,-5.650147E-01,-3.531870E-01,-5.861516E-02,1.424326E+00,3.740653E-01,-5.027263E-02
4.877000E+03,-4.385737E-01,-3.231707E-01,6.061301E-03,1.268166E+00,3.671241E-01,-7.868713E-02
4.877500E+03,-3.077421E-01,-2.897559E-01,7.067095E-02,1.102396E+00,3.562894E-01,-1.063129E-01
4.878000E+03,-1.739510E-01,-2.532653E-01,1.345416E-01,9.283662E-01,3.416669E-01,-1.328773E-01
4.878500E+03,-3.866122E-02,-2.140532E-01,1.970058E-01,7.474937E-01,3.233988E-01,-1.581194E-01
4.879000E+03,9.665205E-02,-1.725022E-01,2.574077E-01,5.612520E-01,3.016636E-01,-1.817924E-01
4.879500E+03,2.305147E-01,-1.290207E-01,3.151095E-01,3.711585E-01,2.766739E-01,-2.036644E-01
4.880000E+03,3.614694E-01,-8.403934E-02,3.694980E-01,1.787608E-01,2.486757E-01,-2.235204E-01
4.880500E+03,4.880905E-01,-3.800779E-02,4.199910E-01,-1.437617E-02,2.179463E-01,-2.411633E-01
4.881000E+03,6.089997E-01,8.609221E-03,4.660433E-01,-2.066847E-01,1.847923E-01,-2.564156E-01
4.881500E+03,7.228800E-01,5.533576E-02,5.071531E-01,-3.966081E-01,1.495471E-01,-2.691201E-01
4.882000E+03,8.284902E-01,1.016888E-01,5.428670E-01,-5.826151E-01,1.125685E-01,-2.791416E-01
4.882500E+03,9.246780E-01,1.471829E-01,5.727858E-01,-7.632143E-01,7.423562E-02,-2.863678E-01
4.883000E+03,1.010393E+00,1.913342E-01,5.965692E-01,-9.369679E-01,3.494592E-02,-2.907105E-01
4.883500E+03,1.084696E+00,2.336657E-01,6.139399E-01,-1.102506E+00,-4.888497E-03,-2.921065E-01
4.884000E+03,1.146775E+00,2.737119E-01,6.246875E-01,-1.258539E+00,-4.484447E-02,-2.905189E-01
4.884500E+03,1.195946E+00,3.110237E-01,6.286717E-01,-1.403871E+00,-8.449177E-02,-2.859374E-01
4.885000E+03,1.231669E+00,3.451734E-01,6.258245E-01,-1.537412E+00,-1.233973E-01,-2.783801E-01
4.885500E+03,1.253549E+00,3.757596E-01,6.161524E-01,-1.658186E+00,-1.611293E-01,-2.678930E-01
4.886000E+03,1.261345E+00,4.024121E-01,5.997368E-01,-1.765345E+00,-1.972623E-01,-2.545515E-01
4.886500E+03,1.254971E+00,4.247968E-01,5.767346E-01,-1.858175E+00,-2.313812E-01,-2.384603E-01
4.887000E+03,1.234498E+00,4.426200E-01,5.473772E-01,-1.936100E+00,-2.630863E-01,-2.197533E-01
4.887500E+03,1.200155E+00,4.556332E-01,5.119690E-01,-1.998693E+00,-2.919981E-01,-1.985942E-01
4.888000E+03,1.152329E+00,4.636363E-01,4.708853E-01,-2.045676E+00,-3.177617E-01,-1.751752E-01
4.888500E+03,1.091558E+00,4.664820E-01,4.245684E-01,-2.076925E+00,-3.400518E-01,-1.497170E-01
4.889000E+03,1.018529E+00,4.640783E-01,3.735240E-01,-2.092465E+00,-3.585766E-01,-1.224676E-01
4.889500E+03,9.340713E-01,4.563914E-01,3.183158E-01,-2.092474E+00,-3.730826E-01,-9.370054E-02
4.890000E+03,8.391476E-01,4.434476E-01,2.595602E-01,-2.077276E+00,-3.833579E-01,-6.371355E-02
4.890500E+03,7.348440E-01,4.253344E-01,1.979190E-01,-2.047335E+00,-3.892363E-01,-3.282622E-02
4.891000E+03,6.223589E-01,4.022014E-01,1.340929E-01,-2.003251E+00,-3.906001E-01,-1.377478E-03
4.891500E+03,5.029903E-01,3.742597E-01,6.881324E-02,-1.945750E+00,-3.873829E-01,3.027735E-02
4.892000E+03,3.781217E-01,3.417812E-01,2.833673E-03,-1.875669E+00,-3.795716E-01,6.176983E-02
4.892500E+03,2.492067E-01,3.050968E-01,-6.307859E-02,-1.793952E+00,-3.672078E-01,9.272215E-02
4.893000E+03,1.177529E-01,2.645934E-01,-1.281520E-01,-1.701627E+00,-3.503888E-01,1.227511E-01
4.893500E+03,-1.469548E-02,2.207107E-01,-1.916200E-01,-1.599801E+00,-3.292678E-01,1.514722E-01
4.894000E+03,-1.465754E-01,1.739366E-01,-2.527307E-01,-1.489636E+00,-3.040528E-01,1.785047E-01
4.894500E+03,-2.763232E-01,1.248023E-01,-3.107558E-01,-1.372338E+00,-2.750059E-01,2.034760E-01
4.895000E+03,-4.023931E-01,7.387643E-02,-3.650006E-01,-1.249139E+00,-2.424409E-01,2.260264E-01
4.895500E+03,-5.232761E-01,2.175818E-02,-4.148124E-01,-1.121280E+00,-2.067204E-01,2.458148E-01
4.896000E+03,-6.375183E-01,-3.092969E-02,-4.595896E-01,-9.899921E-01,-1.682522E-01,2.625229E-01
4.896500E+03,-7.437385E-01,-8.354862E-02,-4.987891E-01,-8.564852E-01,-1.274850E-01,2.758606E-01
4.897000E+03,-8.406463E-01,-1.354524E-01,-5.319345E-01,-7.219277E-01,-8.490344E-02,2.855709E-01
4.897500E+03,-9.270580E-01,-1.859958E-01,-5.586220E-01,-5.874341E-01,-4.102223E-02,2.914340E-01
4.898000E+03,-1.001912E+00,-2.345431E-01,-5.785266E-01,-4.540506E-01,3.619843E-03,2.932722E-01
4.898500E+03,-1.064284E+00,-2.804768E-01,-5.914064E-01,-3.227437E-01,4.846679E-02,2.909531E-01
4.899000E+03,-1.113397E+00,-3.232066E-01,-5.971069E-01,-1.943895E-01,9.295252E-02,2.843935E-01
4.899500E+03,-1.148635E+00,-3.621778E-01,-5.955630E-01,-6.976560E-02,1.365083E-01,2.735622E-01
4.900000E+03,-1.169549E+00,-3.968792E-01,-5.868005E-01,5.045572E-02,1.785706E-01,2.584821E-01
4.900500E+03,-1.175867E+00,-4.268512E-01,-5.709368E-01,1.657115E-01,2.185885E-01,2.392316E-01
4.901000E+03,-1.167497E+00,-4.516928E-01,-5.481789E-01,2.755504E-01,2.560319E-01,2.159459E-01
4.901500E+03,-1.144529E+00,-4.710677E-01,-5.188222E-01,3.796320E-01,2.903988E-01,1.888165E-01
4.902000E+03,-1.107235E+00,-4.847101E-01,-4.832459E-01,4.777251E-01,3.212229E-01,1.580907E-01
4.902500E+03,-1.056068E+00,-4.924292E-01,-4.419093E-01,5.697025E-01,3.480808E-01,1.240699E-01
4.903000E+03,-9.916578E-01,-4.941126E-01,-3.953455E-01,6.555346E-01,3.705978E-01,8.710708E-02
4.903500E+03,-9.148019E-01,-4.897288E-01,-3.441548E-01,7.352808E-01,3.884548E-01,4.760334E-02
4.904000E+03,-8.264575E-01,-4.793284E-01,-2.889967E-01,8.090791E-01,4.013928E-01,6.003837E-03
4.904500E+03,-7.277301E-01,-4.630444E-01,-2.305816E-01,8.771345E-01,4.092174E-01,-3.720724E-02
4.905000E+03,-6.198597E-01,-4.410902E-01,-1.696613E-01,9.397058E-01,4.118026E-01,-8.151248E-02
4.905500E+03,-5.042054E-01,-4.137582E-01,-1.070191E-01,9.970916E-01,4.090931E-01,-1.263676E-01
4.906000E+03,-3.822287E-01,-3.814152E-01,-4.345931E-02,1.049616E+00,4.011060E-01,-1.712086E-01
4.906500E+03,-2.554746E-01,-3.444983E-01,2.020324E-02,1.097615E+00,3.879311E-01,-2.154592E-01
4.907000E+03,-1.255515E-01,-3.035084E-01,8.315420E-02,1.141418E+00,3.697301E-01,-2.585389E-01
4.907500E+03,5.888912E-03,-2.590039E-01,1.445905E-01,1.181339E+00,3.467354E-01,-2.998714E-01
4.908000E+03,1.371738E-01,-2.115923E-01,2.037312E-01,1.217659E+00,3.192467E-01,-3.388927E-01
4.908500E+03,2.666307E-01,-1.619219E-01,2.598275E-01,1.250615E+00,2.876275E-01,-3.750597E-01
4.909000E+03,3.926098E-01,-1.106724E-01,3.121734E-01,1.280390E+00,2.523000E-01,-4.078591E-01
4.909500E+03,5.135056E-01,-5.854538E-02,3.601142E-01,1.307103E+00,2.137393E-01,-4.368148E-01
4.910000E+03,6.277781E-01,-6.253721E-03,4.030560E-01,1.330802E+00,1.724670E-01,-4.614960E-01
4.910500E+03,7.339735E-01,4.548842E-02,4.404726E-01,1.351458E+00,1.290434E-01,-4.815246E-01
4.911000E+03,8.307435E-01,9.597605E-02,4.719131E-01,1.368965E+00,8.405940E-02,-4.965819E-01
4.911500E+03,9.168630E-01,1.445236E-01,4.970073E-01,1.383135E+00,3.812824E-02,-5.064136E-01
4.912000E+03,9.912468E-01,1.904748E-01,5.154703E-01,1.393707E+00,-8.123752E-03,-5.108360E-01
4.912500E+03,1.052964E+00,2.332123E-01,5.271061E-01,1.400343E+00,-5.406631E-02,-5.097388E-01
4.913000E+03,1.101249E+00,2.721663E-01,5.318099E-01,1.402643E+00,-9.907451E-02,-5.030886E-01
4.913500E+03,1.135515E+00,3.068227E-01,5.295688E-01,1.400148E+00,-1.425380E-01,-4.909301E-01
4.914000E+03,1.155357E+00,3.367307E-01,5.204618E-01,1.392356E+00,-1.838701E-01,-4.733870E-01
4.914500E+03,1.160560E+00,3.615084E-01,5.046580E-01,1.378731E+00,-2.225164E-01,-4.506609E-01
4.915000E+03,1.151101E+00,3.808487E-01,4.824138E-01,1.358720E+00,-2.579627E-01,-4.230291E-01
4.915500E+03,1.127148E+00,3.945228E-01,4.540695E-01,1.331769E+00,-2.897428E-01,-3.908418E-01
4.916000E+03,1.089059E+00,4.023829E-01,4.200434E-01,1.297338E+00,-3.174452E-01,-3.545169E-01
4.916500E+03,1.037372E+00,4.043644E-01,3.808263E-01,1.254919E+00,-3.407186E-01,-3.145346E-01
4.917000E+03,9.728051E-01,4.004855E-01,3.369744E-01,1.204055E+00,-3.592770E-01,-2.714308E-01
4.917500E+03,8.962373E-01,3.908467E-01,2.891012E-01,1.144354E+00,-3.729038E-01,-2.257888E-01
4.918000E+03,8.087023E-01,3.756284E-01,2.378691E-01,1.075507E+00,-3.814538E-01,-1.782313E-01
4.918500E+03,7.113716E-01,3.550876E-01,1.839802E-01,9.973047E-01,-3.848553E-01,-1.294105E-01
4.919000E+03,6.055381E-01,3.295536E-01,1.281669E-01,9.096475E-01,-3.831103E-01,-7.999850E-02
4.919500E+03,4.925986E-01,2.994223E-01,7.118136E-02,8.125607E-01,-3.762936E-01,-3.067683E-02
4.920000E+03,3.740344E-01,2.651498E-01,1.378605E-02,7.062029E-01,-3.645511E-01,1.787403E-02
4.920500E+03,2.513911E-01,2.272455E-01,-4.325687E-02,5.908739E-01,-3.480967E-01,6.498527E-02
4.921000E+03,1.262574E-01,1.862639E-01,-9.919544E-02,4.670191E-01,-3.272082E-01,1.100102E-01
4.921500E+03,2.439208E-04,1.427965E-01,-1.532978E-01,3.352319E-01,-3.022222E-01,1.523344E-01
4.922000E+03,-1.250385E-01,9.746264E-02,-2.048617E-01,1.962524E-01,-2.735286E-01,1.913851E-01
4.922500E+03,-2.479999E-01,5.090061E-02,-2.532235E-01,5.096429E-02,-2.415637E-01,2.266405E-01
4.923000E+03,-3.670923E-01,3.758417E-03,-2.977664E-01,-9.961249E-02,-2.068029E-01,2.576376E-01
4.923500E+03,-4.808297E-01,-4.331544E-02,-3.379285E-01,-2.543308E-01,-1.697536E-01,2.839791E-01
4.924000E+03,-5.878070E-01,-8.968101E-02,-3.732095E-01,-4.119287E-01,-1.309465E-01,3.053398E-01
4.924500E+03,-6.867177E-01,-1.347156E-01,-4.031767E-01,-5.710439E-01,-9.092771E-02,3.214712E-01
4.925000E+03,-7.763702E-01,-1.778220E-01,-4.274704E-01,-7.302306E-01,-5.025056E-02,3.322045E-01
4.925500E+03,-8.557021E-01,-2.184367E-01,-4.458074E-01,-8.879785E-01,-9.467179E-03,3.374536E-01
4.926000E+03,-9.237927E-01,-2.560365E-01,-4.579848E-01,-1.042733E+00,3.087934E-02,3.372148E-01
4.926500E+03,-9.798736E-01,-2.901453E-01,-4.638816E-01,-1.192915E+00,7.026262E-02,3.315668E-01
4.927000E+03,-1.023337E+00,-3.203398E-01,-4.634598E-01,-1.336948E+00,1.081801E-01,3.206680E-01
4.927500E+03,-1.053740E+00,-3.462542E-01,-4.567639E-01,-1.473274E+00,1.441597E-01,3.047538E-01
4.928000E+03,-1.070813E+00,-3.675842E-01,-4.439202E-01,-1.600382E+00,1.777656E-01,2.841310E-01
4.928500E+03,-1.074456E+00,-3.840900E-01,-4.251345E-01,-1.716826E+00,2.086036E-01,2.591729E-01
4.929000E+03,-1.064740E+00,-3.955984E-01,-4.006886E-01,-1.821248E+00,2.363252E-01,2.303115E-01
4.929500E+03,-1.041905E+00,-4.020041E-01,-3.709364E-01,-1.912400E+00,2.606315E-01,1.980303E-01
4.930000E+03,-1.006351E+00,-4.032697E-01,-3.362988E-01,-1.989156E+00,2.812754E-01,1.628557E-01
4.930500E+03,-9.586369E-01,-3.994252E-01,-2.972580E-01,-2.050535E+00,2.980640E-01,1.253476E-01
4.931000E+03,-8.994656E-01,-3.905666E-01,-2.543511E-01,-2.095712E+00,3.108587E-01,8.608984E-02
4.931500E+03,-8.296765E-01,-3.768532E-01,-2.081623E-01,-2.124030E+00,3.195760E-01,4.568090E-02
4.932000E+03,-7.502322E-01,-3.585053E-01,-1.593163E-01,-2.135010E+00,3.241863E-01,4.723663E-03
4.932500E+03,-6.622049E-01,-3.357996E-01,-1.084690E-01,-2.128353E+00,3.247125E-01,-3.618405E-02
4.933000E+03,-5.667616E-01,-3.090656E-01,-5.630014E-02,-2.103952E+00,3.212280E-01,-7.645884E-02
4.933500E+03,-4.651485E-01,-2.786804E-01,-3.503726E-03,-2.061883E+00,3.138538E-01,-1.155405E-01
4.934000E+03,-3.586745E-01,-2.450632E-01,4.922024E-02,-2.002410E+00,3.027550E-01,-1.529004E-01
4.934500E+03,-2.486942E-01,-2.086700E-01,1.011748E-01,-1.925977E+00,2.881375E-01,-1.880487E-01
4.935000E+03,-1.365910E-01,-1.699875E-01,1.516746E-01,-1.833201E+00,2.702434E-01,-2.205411E-01
4.935500E+03,-2.375970E-02,-1.295264E-01,2.000549E-01,-1.724864E+00,2.493471E-01,-2.499841E-01
4.936000E+03,8.841023E-02,-8.781574E-02,2.456791E-01,-1.601901E+00,2.257504E-01,-2.760399E-01
4.936500E+03,1.985515E-01,-4.539583E-02,2.879474E-01,-1.465385E+00,1.997779E-01,-2.984297E-01
4.937000E+03,3.053351E-01,-2.812133E-03,3.263037E-01,-1.316513E+00,1.717727E-01,-3.169357E-01
4.937500E+03,4.074852E-01,3.939127E-02,3.602427E-01,-1.156592E+00,1.420916E-01,-3.314027E-01
4.938000E+03,5.037943E-01,8.067795E-02,3.893162E-01,-9.870198E-01,1.111007E-01,-3.417377E-01
4.938500E+03,5.931358E-01,1.205253E-01,4.131383E-01,-8.092702E-01,7.917099E-02,-3.479094E-01
4.939000E+03,6.744769E-01,1.584302E-01,4.313905E-01,-6.248724E-01,4.667455E-02,-3.499458E-01
4.939500E+03,7.468892E-01,1.939150E-01,4.438259E-01,-4.353962E-01,1.398069E-02,-3.479317E-01
4.940000E+03,8.095583E-01,2.265326E-01,4.502714E-01,-2.424340E-01,-1.854756E-02,-3.420045E-01
4.940500E+03,8.617923E-01,2.558713E-01,4.506311E-01,-4.758466E-02,-5.055664E-02,-3.323503E-01
4.941000E+03,9.030280E-01,2.815593E-01,4.448866E-01,1.475618E-01,-8.170538E-02,-3.191989E-01
4.941500E+03,9.328365E-01,3.032692E-01,4.330981E-01,3.414388E-01,-1.116676E-01,-3.028181E-01
4.942000E+03,9.509266E-01,3.207213E-01,4.154032E-01,5.325161E-01,-1.401343E-01,-2.835081E-01
4.942500E+03,9.571470E-01,3.336867E-01,3.920158E-01,7.193120E-01,-1.668161E-01,-2.615958E-01
4.943000E+03,9.514868E-01,3.419902E-01,3.632236E-01,9.004036E-01,-1.914445E-01,-2.374287E-01
4.943500E+03,9.340745E-01,3.455125E-01,3.293846E-01,1.074436E+00,-2.137741E-01,-2.113692E-01
4.944000E+03,9.051759E-01,3.441912E-01,2.909230E-01,1.240130E+00,-2.335835E-01,-1.837884E-01
4.944500E+03,8.651896E-01,3.380226E-01,2.483240E-01,1.396287E+00,-2.506768E-01,-1.550613E-01
4.945000E+03,8.146424E-01,3.270614E-01,2.021282E-01,1.541799E+00,-2.648848E-01,-1.255612E-01
4.945500E+03,7.541825E-01,3.114211E-01,1.529251E-01,1.675644E+00,-2.760658E-01,-9.565520E-02
4.946000E+03,6.845716E-01,2.912728E-01,1.013456E-01,1.796898E+00,-2.841065E-01,-6.570020E-02
4.946500E+03,6.066765E-01,2.668439E-01,4.805470E-02,1.904730E+00,-2.889230E-01,-3.603892E-02
4.947000E+03,5.214582E-01,2.384163E-01,-6.257121E-03,1.998408E+00,-2.904614E-01,-6.996871E-03
4.947500E+03,4.299620E-01,2.063236E-01,-6.088215E-02,2.077295E+00,-2.886983E-01,2.112024E-02
4.948000E+03,3.333050E-01,1.709477E-01,-1.151045E-01,2.140855E+00,-2.836417E-01,4.802865E-02
4.948500E+03,2.326640E-01,1.327154E-01,-1.682090E-01,2.188646E+00,-2.753310E-01,7.346811E-02
4.949000E+03,1.292618E-01,9.209370E-02,-2.194905E-01,2.220327E+00,-2.638376E-01,9.720303E-02
4.949500E+03,2.435413E-02,4.958478E-02,-2.682630E-01,2.235651E+00,-2.492649E-01,1.190232E-01
4.950000E+03,-8.078472E-02,5.720825E-03,-3.138681E-01,2.234471E+00,-2.317483E-01,1.387441E-01
4.950500E+03,-1.848763E-01,-3.894208E-02,-3.556844E-01,2.216735E+00,-2.114549E-01,1.562071E-01
4.951000E+03,-2.866522E-01,-8.383030E-02,-3.931352E-01,2.182489E+00,-1.885828E-01,1.712790E-01
4.951500E+03,-3.848687E-01,-1.283593E-01,-4.256966E-01,2.131875E+00,-1.633606E-01,1.838520E-01
4.952000E+03,-4.783210E-01,-1.719409E-01,-4.529045E-01,2.065137E+00,-1.360460E-01,1.938429E-01
4.952500E+03,-5.658569E-01,-2.139901E-01,-4.743614E-01,1.982613E+00,-1.069241E-01,2.011927E-01
4.953000E+03,-6.463908E-01,-2.539329E-01,-4.897420E-01,1.884743E+00,-7.630586E-02,2.058661E-01
4.953500E+03,-7.189164E-01,-2.912136E-01,-4.987979E-01,1.772069E+00,-4.452541E-02,2.078508E-01
4.954000E+03,-7.825185E-01,-3.253023E-01,-5.013618E-01,1.645230E+00,-1.193737E-02,2.071568E-01
4.954500E+03,-8.363850E-01,-3.557019E-01,-4.973501E-01,1.504970E+00,2.108632E-02,2.038166E-01
4.955000E+03,-8.798169E-01,-3.819559E-01,-4.867652E-01,1.352133E+00,5.416013E-02,1.978840E-01
4.955500E+03,-9.122372E-01,-4.036541E-01,-4.696956E-01,1.187665E+00,8.688888E-02,1.894344E-01
4.956000E+03,-9.331990E-01,-4.204399E-01,-4.463160E-01,1.012611E+00,1.188723E-01,1.785646E-01
4.956500E+03,-9.423922E-01,-4.320155E-01,-4.168854E-01,8.281134E-01,1.497096E-01,1.653920E-01
4.957000E+03,-9.396478E-01,-4.381472E-01,-3.817447E-01,6.354108E-01,1.790047E-01,1.500550E-01
4.957500E+03,-9.249420E-01,-4.386696E-01,-3.413126E-01,4.358317E-01,2.063715E-01,1.327126E-01
4.958000E+03,-8.983975E-01,-4.334897E-01,-2.960809E-01,2.307900E-01,2.314390E-01,1.135439E-01
4.958500E+03,-8.602836E-01,-4.225888E-01,-2.466085E-01,2.177853E-02,2.538570E-01,9.274771E-02
4.959000E+03,-8.110142E-01,-4.060248E-01,-1.935143E-01,-1.896392E-01,2.733016E-01,7.054213E-02
4.959500E+03,-7.511447E-01,-3.839327E-01,-1.374698E-01,-4.018383E-01,2.894803E-01,4.716341E-02
4.960000E+03,-6.813661E-01,-3.565244E-01,-7.919002E-02,-6.131431E-01,3.021368E-01,2.286487E-02
4.960500E+03,-6.024980E-01,-3.240867E-01,-1.942468E-02,-8.218395E-01,3.110565E-01,-2.084558E-03
4.961000E+03,-5.154801E-01,-2.869794E-01,4.105196E-02,-1.026188E+00,3.160700E-01,-2.740218E-02
4.961500E+03,-4.213611E-01,-2.456312E-01,1.014512E-01,-1.224439E+00,3.170572E-01,-5.279376E-02
4.962000E+03,-3.212873E-01,-2.005351E-01,1.609804E-01,-1.414846E+00,3.139505E-01,-7.795611E-02
4.962500E+03,-2.164885E-01,-1.522429E-01,2.188540E-01,-1.595686E+00,3.067367E-01,-1.025801E-01
4.963000E+03,-1.082637E-01,-1.013581E-01,2.743037E-01,-1.765273E+00,2.954594E-01,-1.263541E-01
4.963500E+03,2.034954E-03,-4.852860E-02,3.265894E-01,-1.921978E+00,2.802192E-01,-1.489674E-01
4.964000E+03,1.130188E-01,5.561906E-03,3.750093E-01,-2.064245E+00,2.611736E-01,-1.701147E-01
4.964500E+03,2.232804E-01,6.020269E-02,4.189097E-01,-2.190608E+00,2.385362E-01,-1.895000E-01
4.965000E+03,3.314114E-01,1.146658E-01,4.576940E-01,-2.299713E+00,2.125748E-01,-2.068413E-01
4.965500E+03,4.360206E-01,1.682159E-01,4.908314E-01,-2.390329E+00,1.836080E-01,-2.218749E-01
4.966000E+03,5.357526E-01,2.201209E-01,5.178642E-01,-2.461367E+00,1.520019E-01,-2.343603E-01
4.966500E+03,6.293055E-01,2.696620E-01,5.384147E-01,-2.511897E+00,1.181654E-01,-2.440844E-01
4.967000E+03,7.154486E-01,3.161442E-01,5.521901E-01,-2.541156E+00,8.254441E-02,-2.508660E-01
4.967500E+03,7.930391E-01,3.589064E-01,5.589876E-01,-2.548566E+00,4.561596E-02,-2.545597E-01
4.968000E+03,8.610381E-01,3.973314E-01,5.586968E-01,-2.533742E+00,7.881286E-03,-2.550598E-01
4.968500E+03,9.185248E-01,4.308551E-01,5.513020E-01,-2.496497E+00,-3.014145E-02,-2.523031E-01
4.969000E+03,9.647100E-01,4.589750E-01,5.368824E-01,-2.436855E+00,-6.792493E-02,-2.462716E-01
4.969500E+03,9.989472E-01,4.812580E-01,5.156110E-01,-2.355051E+00,-1.049406E-01,-2.369946E-01
4.970000E+03,1.020743E+00,4.973478E-01,4.877528E-01,-2.251530E+00,-1.406670E-01,-2.245496E-01
4.970500E+03,1.029763E+00,5.069698E-01,4.536614E-01,-2.126955E+00,-1.745975E-01,-2.090627E-01
4.971000E+03,1.025839E+00,5.099367E-01,4.137736E-01,-1.982194E+00,-2.062487E-01,-1.907083E-01
4.971500E+03,1.008973E+00,5.061512E-01,3.686039E-01,-1.818321E+00,-2.351676E-01,-1.697073E-01
4.972000E+03,9.793337E-01,4.956086E-01,3.187374E-01,-1.636608E+00,-2.609395E-01,-1.463256E-01
4.972500E+03,9.372613E-01,4.783974E-01,2.648217E-01,-1.438511E+00,-2.831939E-01,-1.208699E-01
4.973000E+03,8.832586E-01,4.546985E-01,2.075580E-01,-1.225662E+00,-3.016110E-01,-9.368492E-02
4.973500E+03,8.179879E-01,4.247837E-01,1.476912E-01,-9.998538E-01,-3.159268E-01,-6.514771E-02
4.974000E+03,7.422611E-01,3.890119E-01,8.599985E-02,-7.630213E-01,-3.259373E-01,-3.566267E-02
4.974500E+03,6.570304E-01,3.478248E-01,2.328530E-02,-5.172277E-01,-3.315017E-01,-5.655258E-03
4.975000E+03,5.633748E-01,3.017411E-01,-3.963940E-02,-2.646427E-01,-3.325452E-01,2.443459E-02
4.975500E+03,4.624867E-01,2.513492E-01,-1.019607E-01,-7.523296E-03,-3.290596E-01,5.415955E-02
4.976000E+03,3.556555E-01,1.972993E-01,-1.628756E-01,2.518084E-01,-3.211037E-01,8.307224E-02
4.976500E+03,2.442501E-01,1.402947E-01,-2.216029E-01,5.109871E-01,-3.088028E-01,1.107327E-01
4.977000E+03,1.297012E-01,8.108146E-02,-2.773934E-01,7.676273E-01,-2.923457E-01,1.367159E-01
4.977500E+03,1.348080E-02,2.043858E-02,-3.295405E-01,1.019347E+00,-2.719827E-01,1.606191E-01
4.978000E+03,-1.029168E-01,-4.083324E-02,-3.773893E-01,1.263789E+00,-2.480208E-01,1.820690E-01
4.978500E+03,-2.179960E-01,-1.019227E-01,-4.203455E-01,1.498647E+00,-2.208190E-01,2.007280E-01
4.979000E+03,-3.302800E-01,-1.620195E-01,-4.578831E-01,1.721686E+00,-1.907826E-01,2.163010E-01
4.979500E+03,-4.383309E-01,-2.203251E-01,-4.895511E-01,1.930767E+00,-1.583568E-01,2.285400E-01
4.980000E+03,-5.407695E-01,-2.760646E-01,-5.149793E-01,2.123864E+00,-1.240194E-01,2.372495E-01
4.980500E+03,-6.362937E-01,-3.284973E-01,-5.338826E-01,2.299088E+00,-8.827326E-02,2.422894E-01
4.981000E+03,-7.236962E-01,-3.769268E-01,-5.460647E-01,2.454707E+00,-5.163870E-02,2.435784E-01
4.981500E+03,-8.018811E-01,-4.207109E-01,-5.514192E-01,2.589159E+00,-1.464508E-02,2.410954E-01
4.982000E+03,-8.698780E-01,-4.592703E-01,-5.499313E-01,2.701072E+00,2.217725E-02,2.348804E-01
4.982500E+03,-9.268551E-01,-4.920968E-01,-5.416764E-01,2.789278E+00,5.830506E-02,2.250339E-01
4.983000E+03,-9.721304E-01,-5.187598E-01,-5.268188E-01,2.852825E+00,9.323018E-02,2.117152E-01
4.983500E+03,-1.005180E+00,-5.389125E-01,-5.056081E-01,2.890987E+00,1.264671E-01,1.951406E-01
4.984000E+03,-1.025643E+00,-5.522959E-01,-4.783756E-01,2.903274E+00,1.575601E-01,1.755790E-01
4.984500E+03,-1.033331E+00,-5.587428E-01,-4.455281E-01,2.889436E+00,1.860900E-01,1.533480E-01
4.985000E+03,-1.028222E+00,-5.581792E-01,-4.075424E-01,2.849471E+00,2.116797E-01,1.288083E-01
4.985500E+03,-1.010466E+00,-5.506253E-01,-3.649576E-01,2.783623E+00,2.340001E-01,1.023578E-01
4.986000E+03,-9.803798E-01,-5.361947E-01,-3.183671E-01,2.692383E+00,2.527738E-01,7.442461E-02
4.986500E+03,-9.384403E-01,-5.150926E-01,-2.684098E-01,2.576489E+00,2.677792E-01,4.546025E-02
4.987000E+03,-8.852788E-01,-4.876125E-01,-2.157614E-01,2.436913E+00,2.788529E-01,1.593167E-02
4.987500E+03,-8.216706E-01,-4.541319E-01,-1.611240E-01,2.274862E+00,2.858913E-01,-1.368644E-02
4.988000E+03,-7.485230E-01,-4.151064E-01,-1.052170E-01,2.091762E+00,2.888518E-01,-4.291960E-02
4.988500E+03,-6.668621E-01,-3.710637E-01,-4.876654E-02,1.889249E+00,2.877522E-01,-7.130146E-02
4.989000E+03,-5.778177E-01,-3.225956E-01,7.504038E-03,1.669152E+00,2.826699E-01,-9.838147E-02
4.989500E+03,-4.826069E-01,-2.703498E-01,6.288416E-02,1.433479E+00,2.737399E-01,-1.237323E-01
4.990000E+03,-3.825167E-01,-2.150207E-01,1.166854E-01,1.184396E+00,2.611519E-01,-1.469569E-01
4.990500E+03,-2.788853E-01,-1.573401E-01,1.682505E-01,9.242056E-01,2.451467E-01,-1.676945E-01
4.991000E+03,-1.730837E-01,-9.806656E-02,2.169616E-01,6.553299E-01,2.260123E-01,-1.856268E-01
4.991500E+03,-6.649648E-02,-3.797549E-02,2.622486E-01,3.802817E-01,2.040782E-01,-2.004828E-01
4.992000E+03,3.949796E-02,2.215170E-02,3.035954E-01,1.016416E-01,1.797106E-01,-2.120426E-01
4.992500E+03,1.435457E-01,8.153807E-02,3.405467E-01,-1.779678E-01,1.533061E-01,-2.201410E-01
4.993000E+03,2.443361E-01,1.394216E-01,3.727126E-01,-4.559088E-01,1.252854E-01,-2.246698E-01
4.993500E+03,3.406191E-01,1.950652E-01,3.997734E-01,-7.295553E-01,9.608679E-02,-2.255791E-01
4.994000E+03,4.312222E-01,2.477668E-01,4.214826E-01,-9.963206E-01,6.615911E-02,-2.228774E-01
4.994500E+03,5.150652E-01,2.968683E-01,4.376687E-01,-1.253684E+00,3.595519E-02,-2.166315E-01
4.995000E+03,5.911746E-01,3.417642E-01,4.482369E-01,-1.499217E+00,5.924817E-03,-2.069646E-01
4.995500E+03,6.586953E-01,3.819094E-01,4.531682E-01,-1.730611E+00,-2.349189E-02,-1.940542E-01
4.996000E+03,7.169013E-01,4.168262E-01,4.525193E-01,-1.945700E+00,-5.187099E-02,-1.781288E-01
4.996500E+03,7.652037E-01,4.461100E-01,4.464195E-01,-2.142482E+00,-7.881091E-02,-1.594634E-01
4.997000E+03,8.031575E-01,4.694347E-01,4.350684E-01,-2.319146E+00,-1.039382E-01,-1.383755E-01
4.997500E+03,8.304650E-01,4.865562E-01,4.187312E-01,-2.474087E+00,-1.269129E-01,-1.152193E-01
4.998000E+03,8.469786E-01,4.973155E-01,3.977345E-01,-2.605924E+00,-1.474332E-01,-9.037983E-02
4.998500E+03,8.527003E-01,5.016395E-01,3.724597E-01,-2.713515E+00,-1.652397E-01,-6.426668E-02
4.999000E+03,8.477792E-01,4.995423E-01,3.433375E-01,-2.795969E+00,-1.801186E-01,-3.730743E-02
4.999500E+03,8.325071E-01,4.911238E-01,3.108404E-01,-2.852655E+00,-1.919051E-01,-9.940709E-03
5.000000E+03,8.073122E-01,4.765678E-01,2.754753E-01,-2.883206E+00,-2.004846E-01,1.739081E-02
